t,data
0.0,1.2598040699958801
6.195786864931847e-05,-2.1457531702707797
0.00012391573729863693,-1.6118593120344118
0.0001858736059479554,1.7525748198648166
0.00024783147459727387,1.4179884579755209
0.0003097893432465923,-1.9183493959555125
0.0003717472118959108,-1.6721332717002055
0.00043370508054522923,1.9356468306951191
0.0004956629491945477,2.0698478825549866
0.0005576208178438662,-1.8464188569769793
0.0006195786864931846,-2.727737157765643
0.0006815365551425031,1.2161811013441302
0.0007434944237918215,2.890730049290901
0.00080545229244114,-1.0559017179483499
0.0008674101610904585,-3.8838697301067846
0.0009293680297397769,-0.3220418126604676
0.0009913258983890955,3.8845483948974358
0.0010532837670384138,1.3799977090435511
0.0011152416356877324,-3.957765867683356
0.0011771995043370507,-2.921705562317644
0.0012391573729863693,3.330266684992891
0.0013011152416356876,4.318989048403792
0.0013630731102850062,-2.283702178348247
0.0014250309789343248,-5.745717980753534
0.001486988847583643,0.147133137572515
0.0015489467162329617,5.7593349741296285
0.00161090458488228,1.2645517286591572
0.0016728624535315986,-6.016217903950697
0.001734820322180917,-3.4462703572441065
0.0017967781908302355,4.835481505712533
0.0018587360594795538,4.548932045587929
0.0019206939281288724,-3.700950896525213
0.001982651796778191,-5.304976151811765
0.0020446096654275093,2.3476735861030273
0.0021065675340768276,5.301064803088777
0.0021685254027261464,-1.6069749945569831
0.0022304832713754648,-5.602553103853431
0.002292441140024783,0.3482205922495176
0.0023543990086741014,4.8746685693023775
0.0024163568773234202,-0.31975847331192847
0.0024783147459727386,-5.21647727921547
0.002540272614622057,-0.5980383893261482
0.0026022304832713753,4.8235777682098515
0.002664188351920694,1.0661651542920458
0.0027261462205700124,-4.628700714994511
0.0027881040892193307,-1.8105789264678762
0.0028500619578686495,3.9056310421637925
0.002912019826517968,2.025503235020771
0.002973977695167286,-3.5177307354365883
0.0030359355638166045,-2.7054277092573487
0.0030978934324659233,2.094259533161969
0.0031598513011152417,1.9332837888673218
0.00322180916976456,-1.9024911834445504
0.0032837670384138784,-1.862847846246078
0.003345724907063197,1.2083508392870308
0.0034076827757125155,1.107615831101381
0.003469640644361834,-1.257836119215936
0.0035315985130111526,-0.7816346953107411
0.003593556381660471,1.2205387672219257
0.0036555142503097893,0.3277512694842948
0.0037174721189591076,-1.6933158498309506
0.0037794299876084264,-0.7663700110010849
0.0038413878562577448,1.0974387687064455
0.003903345724907063,0.14343842518806738
0.003965303593556382,-1.4612060623455931
0.0040272614622057,-0.37804658352701836
0.004089219330855019,0.9774970966412702
0.004151177199504337,-0.2616997148363904
0.004213135068153655,-1.1938954804583004
0.004275092936802974,0.6536463405200799
0.004337050805452293,1.5110821566164052
0.004399008674101611,-1.1638166259204255
0.0044609665427509295,-2.577552153639208
0.004522924411400247,0.5956396708121694
0.004584882280049566,2.8575158337834416
0.004646840148698885,-0.4935211975148157
0.004708798017348203,-3.9291496533863777
0.004770755885997522,-1.0511676251218358
0.0048327137546468404,3.555095043769767
0.004894671623296158,2.0030606740263517
0.004956629491945477,-3.0364611899430467
0.005018587360594796,-3.017793234062612
0.005080545229244114,1.795595787440504
0.005142503097893433,3.2676037589027027
0.0052044609665427505,-0.7061720452606957
0.005266418835192069,-3.4421043528511936
0.005328376703841388,-0.9973782386228763
0.005390334572490706,2.207082899873625
0.005452292441140025,1.3472455245638584
0.0055142503097893435,-1.686248051030002
0.0055762081784386614,-2.1634435128106744
0.00563816604708798,0.3869160033132122
0.005700123915737299,2.107413024724421
0.005762081784386617,0.5473170668547374
0.005824039653035936,-1.9372041300336102
0.005885997521685254,-1.5203012901926551
0.005947955390334572,1.2916043186989967
0.006009913258983891,1.9438420810492218
0.006071871127633209,-1.0316588055388176
0.006133828996282528,-2.9495070918677424
0.006195786864931847,-0.3288826755084735
0.0062577447335811645,2.7148678760664584
0.006319702602230483,0.9293365003418602
0.006381660470879802,-2.7794087814052735
0.00644361833952912,-1.921263264650301
0.006505576208178439,2.1933099523873567
0.006567534076827757,2.4947406119259288
0.0066294919454770755,-1.4463959267594313
0.006691449814126394,-2.7537297209014824
0.006753407682775712,0.47286899026962986
0.006815365551425031,2.1648077193632926
0.00687732342007435,-0.4187089751686972
0.006939281288723668,-2.167612244214618
0.007001239157372986,-0.0948423032558886
0.007063197026022305,1.4609292042147828
0.007125154894671623,-0.33028321790834936
0.007187112763320942,-1.4916747551781953
0.00724907063197026,0.5652416947395131
0.007311028500619579,1.7724420187160903
0.007372986369268897,-0.5535017368258353
0.007434944237918215,-2.163191805688311
0.007496902106567534,0.11536096368958951
0.007558859975216853,2.1264949012791567
0.007620817843866171,0.06348278451577516
0.0076827757125154895,-2.3972351585391807
0.007744733581164808,-0.9281033275361188
0.007806691449814126,1.6428480736157898
0.007868649318463445,0.9061621654897504
0.007930607187112764,-1.2008997293360315
0.007992565055762083,-0.6940938954076818
0.0080545229244114,0.9801305399303528
0.008116480793060718,0.3991718322775303
0.008178438661710037,-1.0095317629059182
0.008240396530359356,-0.14947016472381514
0.008302354399008675,1.2749390575226065
0.008364312267657992,-0.0059545511927238115
0.00842627013630731,-2.0749309753655507
0.00848822800495663,-0.91265855733858
0.008550185873605948,1.9587234496284491
0.008612143742255267,1.6145100544001105
0.008674101610904586,-1.6339802131207817
0.008736059479553903,-2.386273383760984
0.008798017348203221,0.8390798468209979
0.00885997521685254,2.966999583300219
0.008921933085501859,0.534553574193041
0.008983890954151178,-2.7259406993722983
0.009045848822800495,-1.7822791151275705
0.009107806691449814,1.8137403901725462
0.009169764560099132,2.381594636335304
0.009231722428748451,-1.000633678440758
0.00929368029739777,-2.993003218133986
0.009355638166047089,-0.33913835503882295
0.009417596034696406,2.8646191792502322
0.009479553903345725,1.5257795654255308
0.009541511771995043,-2.2106514429142714
0.009603469640644362,-2.2215748352694566
0.009665427509293681,1.6317308626963958
0.009727385377942998,3.0419804043196943
0.009789343246592317,-0.5050851248213338
0.009851301115241635,-3.418725582753857
0.009913258983890954,-0.9669707379636509
0.009975216852540273,2.977831526126058
0.010037174721189592,2.106801898562184
0.010099132589838909,-2.2182131997119914
0.010161090458488228,-3.147896361201084
0.010223048327137546,0.8605985383752928
0.010285006195786865,3.7217247511270624
0.010346964064436184,1.16094992774143
0.010408921933085501,-2.8915678819311452
0.01047087980173482,-2.4259583256158845
0.010532837670384139,1.6746721816399854
0.010594795539033457,3.2108817274601273
0.010656753407682776,0.004429825452476055
0.010718711276332095,-3.1038502223689814
0.010780669144981412,-1.7012537740817693
0.01084262701363073,1.8720989508319765
0.01090458488228005,2.515252499935157
0.010966542750929368,-0.15560772041281107
0.011028500619578687,-2.0550540957008465
0.011090458488228004,-0.916217078787871
0.011152416356877323,1.3185670052785827
0.011214374225526642,1.938651398570752
0.01127633209417596,0.4454497949278093
0.01133828996282528,-1.595522602708718
0.011400247831474598,-1.8532228806184947
0.011462205700123915,0.48911237242740757
0.011524163568773234,2.6176865493340244
0.011586121437422553,0.9582927912363165
0.011648079306071871,-2.656225559186617
0.01171003717472119,-2.3228026776630353
0.011771995043370507,2.262079758412696
0.011833952912019826,3.8506051667569565
0.011895910780669145,-0.6535074698552501
0.011957868649318464,-4.013965003749474
0.012019826517967782,-0.4463122957240563
0.012081784386617101,4.082524100758612
0.012143742255266418,1.8511904444213159
0.012205700123915737,-3.2786697853762363
0.012267657992565056,-2.763547644825573
0.012329615861214374,1.9959534773491392
0.012391573729863693,3.0118310562701955
0.01245353159851301,-0.4135809589554993
0.012515489467162329,-2.1010053227560737
0.012577447335811648,-0.3281963404377408
0.012639405204460967,1.2202066860834557
0.012701363073110285,1.2285545954769255
0.012763320941759604,0.8874805942351525
0.012825278810408921,-0.429633958972649
0.01288723667905824,-2.2708938438305086
0.012949194547707559,-0.9038905325044744
0.013011152416356878,3.17303630563775
0.013073110285006196,2.8786228291664337
0.013135068153655513,-2.967390535848785
0.013197026022304832,-4.6228574073860305
0.013258983890954151,2.1398330380163246
0.01332094175960347,6.347005344851961
0.013382899628252789,0.1015144224084985
0.013444857496902107,-6.207852950886343
0.013506815365551424,-1.4606088310493428
0.013568773234200743,6.010798204406952
0.013630731102850062,3.0758326115328654
0.01369268897149938,-4.695812682759817
0.0137546468401487,-3.6149085717333405
0.013816604708798016,3.4496004430646243
0.013878562577447335,3.5817673204263647
0.013940520446096654,-2.2607883224723517
0.014002478314745973,-2.686744539279196
0.014064436183395292,2.1585499973545534
0.01412639405204461,2.4422582420022936
0.014188351920693927,-1.5981397383871034
0.014250309789343246,-1.3067028401765808
0.014312267657992565,2.3635651148342833
0.014374225526641884,1.270632959476888
0.014436183395291203,-2.683211105391616
0.01449814126394052,-1.1122228318929335
0.014560099132589838,3.343009276601919
0.014622057001239157,1.492215974345726
0.014684014869888476,-3.700877321524801
0.014745972738537795,-1.828580605656499
0.014807930607187113,4.436779329061508
0.01486988847583643,3.250468876884902
0.01493184634448575,-3.856847262594216
0.014993804213135068,-3.8161482738412933
0.015055762081784387,3.7909591879823488
0.015117719950433706,5.257578883626744
0.015179677819083023,-2.420245723838713
0.015241635687732341,-5.826291121294469
0.01530359355638166,0.952183936143485
0.015365551425030979,6.037796972035
0.015427509293680298,0.9251918571282521
0.015489467162329617,-5.187037867678605
0.015551425030978934,-2.076481212029396
0.015613382899628252,4.460597549596988
0.015675340768277573,3.6513339879907827
0.01573729863692689,-2.354375434221275
0.015799256505576207,-3.5397744493632795
0.015861214374225528,1.2030860431398678
0.015923172242874845,3.6631796077651195
0.015985130111524165,0.30793330562945
0.016047087980173482,-3.0041535073348444
0.0161090458488228,-1.2029134699486617
0.01617100371747212,2.4031046346164757
0.016232961586121437,2.0701887790228812
0.016294919454770757,-1.3117275119083691
0.016356877323420074,-2.0253598097944177
0.01641883519206939,1.1004683159361122
0.016480793060718712,2.7893501160041887
0.01654275092936803,0.12456692320468712
0.01660470879801735,-2.399347583439127
0.016666666666666666,-0.4693348476350222
0.016728624535315983,2.4769087858116254
0.016790582403965304,1.1633295345296757
0.01685254027261462,-2.1302721559142768
0.01691449814126394,-1.5288863880969632
0.01697645600991326,1.913004840763014
0.01703841387856258,2.107243994429843
0.017100371747211896,-1.0983171786176258
0.017162329615861213,-1.7977740090369125
0.017224287484510534,1.1949730028880594
0.01728624535315985,2.3948774132966424
0.01734820322180917,-0.3029340885050349
0.01741016109045849,-2.0787162246937143
0.017472118959107805,-0.011613533225903083
0.017534076827757126,2.0726615940037023
0.017596034696406443,0.6697297213974442
0.017657992565055763,-1.684207197313088
0.01771995043370508,-1.201174392131887
0.017781908302354398,1.211801530396397
0.017843866171003718,2.0093147427575366
0.017905824039653035,0.23071451680865973
0.017967781908302356,-1.6439424545945829
0.018029739776951673,-0.9689854967864555
0.01809169764560099,1.649405361909928
0.01815365551425031,2.450368921235998
0.018215613382899627,-0.46440091432013153
0.018277571251548948,-3.1373919721242363
0.018339529120198265,-0.8901757531672301
0.018401486988847585,3.308996422883159
0.018463444857496902,2.371793555113034
0.01852540272614622,-2.7173848910396545
0.01858736059479554,-3.318697500358436
0.018649318463444857,2.110324674468711
0.018711276332094177,4.429029462530174
0.018773234200743494,-0.5136990734543327
0.01883519206939281,-4.164558460497354
0.018897149938042132,-0.23622794854192453
0.01895910780669145,4.059809874106779
0.01902106567534077,1.0772295869651773
0.019083023543990087,-3.571197557851103
0.019144981412639404,-1.5763920605908386
0.019206939281288724,3.0214184036537297
0.01926889714993804,1.8169264322336756
0.019330855018587362,-2.4741716238934828
0.01939281288723668,-1.6715660134581065
0.019454770755885996,2.5262045590821876
0.019516728624535316,2.19944758166828
0.019578686493184633,-1.8829313818261408
0.019640644361833954,-2.1159338882569205
0.01970260223048327,1.6767230149099588
0.01976456009913259,2.3534761092792564
0.01982651796778191,-1.208565440616149
0.019888475836431226,-2.529359341570156
0.019950433705080546,0.46392780301213987
0.020012391573729863,2.3098498146915736
0.020074349442379184,0.20830778222979163
0.0201363073110285,-1.7171343158092476
0.020198265179677818,-0.40406490814726936
0.020260223048327138,1.416587523953032
0.020322180916976455,0.8926240175905784
0.020384138785625776,-0.5058048402595471
0.020446096654275093,-0.6043202519250694
0.02050805452292441,-0.0012502957279705296
0.02057001239157373,0.1174304279783347
0.020631970260223047,0.09840771099961576
0.020693928128872368,0.2118243312434297
0.020755885997521685,-0.1719786742126399
0.020817843866171002,-0.7166543588229548
0.020879801734820323,-0.11874115675065627
0.02094175960346964,1.1571676298400932
0.02100371747211896,0.9191900591089586
0.021065675340768277,-0.8886375419527633
0.021127633209417598,-1.334520005850426
0.021189591078066915,0.6986624319330638
0.021251548946716232,1.9143245555855493
0.021313506815365552,-0.2275856681398411
0.02137546468401487,-2.545452254751313
0.02143742255266419,-0.8337406503333642
0.021499380421313507,2.5040685655185033
0.021561338289962824,1.6630622631659828
0.021623296158612144,-2.3818251050426738
0.02168525402726146,-2.5759734613076803
0.021747211895910782,2.0353845321278112
0.0218091697645601,3.6576746096763637
0.021871127633209416,-0.9927743569336615
0.021933085501858737,-4.152977885027059
0.021995043370508054,-0.1366208568445303
0.022057001239157374,4.189679833723617
0.02211895910780669,1.077450248837073
0.022180916976456008,-4.1943193832747205
0.02224287484510533,-2.396071131820143
0.022304832713754646,3.292969171722987
0.022366790582403966,2.9949534127525705
0.022428748451053283,-2.3728192637568544
0.022490706319702604,-3.2039173813052715
0.02255266418835192,1.5638769124064666
0.022614622057001238,3.279450027565514
0.02267657992565056,-0.6346525503925131
0.022738537794299876,-2.9636622652168696
0.022800495662949196,-0.18674721016860596
0.022862453531598513,2.200422022322858
0.02292441140024783,0.37306064472002554
0.02298636926889715,-1.9137677195155205
0.023048327137546468,-1.0374186706013468
0.023110285006195788,0.9714024393570087
0.023172242874845105,1.1936133176364152
0.023234200743494422,-0.015529028866299477
0.023296158612143743,-1.0692284203163958
0.02335811648079306,-0.9350372054066625
0.02342007434944238,0.7264065549369221
0.023482032218091697,1.9871610237593196
0.023543990086741014,0.03566714008238914
0.023605947955390335,-3.0876857706974916
0.023667905824039652,-1.738565379879068
0.023729863692688972,3.065416445866261
0.02379182156133829,3.0262998660186358
0.02385377942998761,-2.9877533422334466
0.023915737298636927,-4.722948725176819
0.023977695167286244,1.9671731584479948
0.024039653035935565,5.95616857080346
0.02410161090458488,-0.38346836949595287
0.024163568773234202,-6.434692724045931
0.02422552664188352,-1.294810606700593
0.024287484510532836,6.179697948361585
0.024349442379182157,2.579468251473391
0.024411400247831474,-5.815141471988695
0.024473358116480794,-4.103793894700297
0.02453531598513011,4.3984301930595215
0.02459727385377943,4.453777325019745
0.02465923172242875,-3.4296807975630754
0.024721189591078066,-4.666639269192959
0.024783147459727387,2.4329418913142358
0.024845105328376704,4.501110341546372
0.02490706319702602,-1.617655083694499
0.02496902106567534,-4.000812950503067
0.025030978934324658,1.1766240804879136
0.02509293680297398,3.2653034919311406
0.025154894671623296,-1.543731500371922
0.025216852540272616,-3.294086615146325
0.025278810408921933,1.5302019445985038
0.02534076827757125,2.989928762156693
0.02540272614622057,-2.2270954422352602
0.025464684014869888,-3.556653343665861
0.02552664188351921,2.566106656399887
0.025588599752168525,4.4969753386344244
0.025650557620817842,-2.4099419860486178
0.025712515489467163,-5.497485652212281
0.02577447335811648,1.7713465017242251
0.0258364312267658,6.259362992467301
0.025898389095415118,-0.9886310130432097
0.025960346964064435,-7.152861289860596
0.026022304832713755,-0.6913262959109568
0.026084262701363072,6.845994141973811
0.026146220570012393,1.7051037635726143
0.02620817843866171,-6.54550939327444
0.026270136307311027,-2.6728258924039343
0.026332094175960347,5.969273256789466
0.026394052044609664,3.364511689763924
0.026456009913258985,-5.264150220341723
0.026517967781908302,-3.6701213778206725
0.026579925650557622,4.7212667098425705
0.02664188351920694,3.6773707509340126
0.026703841387856257,-4.806331733352987
0.026765799256505577,-4.394794435953446
0.026827757125154894,4.2981087411484316
0.026889714993804215,4.713075923817164
0.02695167286245353,-4.117360555844611
0.02701363073110285,-5.45109973637182
0.02707558859975217,3.5718176858782495
0.027137546468401486,6.2658881433629
0.027199504337050807,-2.496825283551936
0.027261462205700124,-6.683361847309071
0.02732342007434944,1.225580464383798
0.02738537794299876,6.61608764996124
0.02744733581164808,-0.17677114536727756
0.0275092936802974,-6.630963833178064
0.027571251548946716,-1.4025985840317796
0.027633209417596033,5.6630053949843715
0.027695167286245354,2.286631733354051
0.02775712515489467,-4.6790959562718
0.02781908302354399,-2.923761590342948
0.027881040892193308,3.6101088216525308
0.02794299876084263,3.3737465055800344
0.028004956629491946,-2.282388301163108
0.028066914498141263,-3.2591423618504014
0.028128872366790583,1.099782459490831
0.0281908302354399,2.5897085754012936
0.02825278810408922,-0.65427637226648
0.028314745972738538,-2.3082791817818737
0.028376703841387855,0.04015193468392958
0.028438661710037175,1.6386426274719395
0.028500619578686492,-0.05709861088083362
0.028562577447335813,-1.3843084866753652
0.02862453531598513,0.24243396777052761
0.028686493184634447,1.7243141276750877
0.028748451053283768,0.05884366496892923
0.028810408921933085,-2.070099401977018
0.028872366790582405,-0.7118676038000971
0.028934324659231722,2.207030256658501
0.02899628252788104,1.4736613401941925
0.02905824039653036,-2.3956647626336816
0.029120198265179677,-2.979133182579433
0.029182156133828997,1.4530873041907562
0.029244114002478314,3.9410802939691094
0.029306071871127635,-0.0667230039656502
0.029368029739776952,-4.264752468992293
0.02942998760842627,-1.4029450085825506
0.02949194547707559,4.0700176097652925
0.029553903345724906,2.977762520475871
0.029615861214374227,-2.9809881810656345
0.029677819083023544,-4.010305028049318
0.02973977695167286,1.199866496023064
0.02980173482032218,3.7771370931523895
0.0298636926889715,0.03085962169594675
0.02992565055762082,-3.247664719929798
0.029987608426270136,-1.1959660491841397
0.030049566294919453,1.9659937975620387
0.030111524163568774,1.6082089421518773
0.03017348203221809,-0.40086782863131676
0.03023543990086741,-0.9658184201946134
0.03029739776951673,-0.5757059722376598
0.030359355638166045,-0.09214994853331016
0.030421313506815366,0.9257614242128617
0.030483271375464683,1.189435086596211
0.030545229244114003,-0.9113228468425056
0.03060718711276332,-2.64238140663833
0.03066914498141264,-0.3355489750975118
0.030731102850061958,3.0846670298072434
0.030793060718711275,1.6906637590872844
0.030855018587360596,-2.839547726765567
0.030916976456009913,-2.9583002571656722
0.030978934324659233,1.9885119696258897
0.03104089219330855,4.036543399385012
0.031102850061957867,-0.32887659347873477
0.031164807930607188,-4.288718314662748
0.031226765799256505,-1.7323044613680767
0.031288723667905825,3.206700157172911
0.031350681536555146,2.977679429189553
0.03141263940520446,-1.896090447853986
0.03147459727385378,-4.053717226773831
0.0315365551425031,-0.2846442864580605
0.031598513011152414,3.9521819338765556
0.031660470879801735,2.412520358981308
0.031722428748451055,-2.785708296611796
0.03178438661710037,-3.8459507685662766
0.03184634448574969,1.1135985157254504
0.03190830235439901,4.504556519851791
0.03197026022304833,0.6412745672716564
0.032032218091697644,-4.682065623611887
0.032094175960346964,-2.821932219264247
0.032156133828996285,3.445398852033448
0.0322180916976456,3.9139295217292793
0.03228004956629492,-2.215116555970562
0.03234200743494424,-4.742524117220007
0.03240396530359355,0.5687568970458912
0.03246592317224287,4.90972914906765
0.032527881040892194,1.1979824858372357
0.032589838909541514,-4.314045640566047
0.03265179677819083,-2.744903567422692
0.03271375464684015,2.9523476384258807
0.03277571251548947,3.4379058090254664
0.03283767038413878,-1.7900795066211739
0.0328996282527881,-4.243579428627726
0.032961586121437424,-0.2671264020089803
0.033023543990086744,3.710539790031776
0.03308550185873606,1.6741875768310606
0.03314745972738538,-2.884821376427579
0.0332094175960347,-2.7834252928757977
0.03327137546468401,1.6926320206791443
0.03333333333333333,3.367828532431881
0.03339529120198265,-0.47207143036426413
0.03345724907063197,-3.651799111956308
0.03351920693928129,-1.018729731515883
0.03358116480793061,2.9468044968797686
0.03364312267657993,1.4563259414623217
0.03370508054522924,-2.930748029898635
0.03376703841387856,-2.4572281336125537
0.03382899628252788,2.2397186651074192
0.0338909541511772,2.902380854336771
0.03395291201982652,-1.7611925397714523
0.03401486988847584,-3.43275834535325
0.03407682775712516,1.076352377333199
0.03413878562577447,3.788371678451288
0.03420074349442379,-0.3931206378804507
0.03426270136307311,-4.355105569558461
0.034324659231722426,-1.161743600384491
0.03438661710037175,3.668345349612279
0.03444857496902107,1.8234985352446265
0.03451053283767038,-3.3705550507501005
0.0345724907063197,-3.0019205517486762
0.03463444857496902,2.0838046485910278
0.03469640644361834,3.3038672625129344
0.034758364312267656,-0.8832380622120248
0.03482032218091698,-3.183944392549303
0.0348822800495663,-0.287983545122942
0.03494423791821561,2.3858750672327593
0.03500619578686493,0.6272623348941182
0.03506815365551425,-2.088729663425928
0.035130111524163565,-1.3956446577092072
0.035192069392812886,0.931093132021606
0.035254027261462206,0.9168893101625436
0.03531598513011153,-0.8757843269902226
0.03537794299876084,-1.0571930231033115
0.03543990086741016,0.5375892979295577
0.03550185873605948,0.9571412557184813
0.035563816604708795,-0.48905757547577705
0.035625774473358116,-1.1362750104065373
0.035687732342007436,0.17534740184714925
0.03574969021065676,0.9629654375179675
0.03581164807930607,-0.41890087650513186
0.03587360594795539,-1.6002572924678766
0.03593556381660471,-0.33729246039006355
0.035997521685254025,1.204997804212733
0.036059479553903345,0.17453123231848444
0.036121437422552666,-1.5591905650631246
0.03618339529120198,-0.5812754369856676
0.0362453531598513,1.5519509800058218
0.03630731102850062,0.8109806147403054
0.03636926889714994,-1.6934224685146608
0.036431226765799254,-1.3298588245289604
0.036493184634448575,1.406991320585362
0.036555142503097895,1.3773398616136083
0.03661710037174721,-1.6966119224794516
0.03667905824039653,-2.299517167882892
0.03674101610904585,0.8294499896533685
0.03680297397769517,2.139505841351254
0.036864931846344484,-0.6392182734629417
0.036926889714993805,-2.3231545477586018
0.036988847583643125,0.11912017671736974
0.03705080545229244,2.0782472016368136
0.03711276332094176,0.07621443146655782
0.03717472118959108,-1.8894380372412196
0.03723667905824039,-0.23597655010152585
0.037298636926889714,1.436966142254895
0.037360594795539034,-0.37814348923950547
0.037422552664188355,-2.064742278002962
0.03748451053283767,0.04923481681712494
0.03754646840148699,2.1170335284780077
0.03760842627013631,-0.16019405608439063
0.03767038413878562,-2.8309329978075115
0.037732342007434944,-0.5089268072154551
0.037794299876084264,3.2010261064254273
0.037856257744733585,1.5134876687734913
0.0379182156133829,-3.120061095992448
0.03798017348203222,-2.701287021468329
0.03804213135068154,2.2645831298010446
0.03810408921933085,3.258530527172668
0.03816604708798017,-1.575037522059019
0.038228004956629494,-4.08775157385328
0.03828996282527881,-0.045404063747081835
0.03835192069392813,3.7283588707436968
0.03841387856257745,1.0921368057850098
0.03847583643122677,-3.181462856050783
0.03853779429987608,-1.892637943450084
0.0385997521685254,2.4709489967834672
0.038661710037174724,2.4861489465887843
0.03872366790582404,-1.5501901393404338
0.03878562577447336,-2.7335731658419475
0.03884758364312268,0.4809420050007258
0.03890954151177199,2.3128382075204854
0.03897149938042131,-0.029290405992211443
0.03903345724907063,-2.2003047880688467
0.03909541511771995,-0.7758822380891948
0.03915737298636927,1.4908186294672836
0.03921933085501859,1.2104437086779116
0.03928128872366791,-0.4683129184210315
0.03934324659231722,-1.0091449152669372
0.03940520446096654,-0.3170722763342697
0.03946716232961586,0.658221068103555
0.03952912019826518,1.2686426332373064
0.0395910780669145,0.33935791749316424
0.03965303593556382,-1.9330105461737972
0.03971499380421314,-2.0466494212599358
0.03977695167286245,1.5714529293074402
0.03983890954151177,3.585148625542116
0.03990086741016109,-0.5421589205800168
0.039962825278810406,-4.799575245811484
0.040024783147459726,-1.0026559051788713
0.04008674101610905,5.724121753644079
0.04014869888475837,3.5472120375438183
0.04021065675340768,-5.030335413133155
0.040272614622057,-5.458076210610648
0.04033457249070632,3.7211051805712287
0.040396530359355635,6.926559824950757
0.040458488228004956,-1.7175854257128238
0.040520446096654276,-7.484015905332735
0.0405824039653036,-0.5145232331828358
0.04064436183395291,7.005906885836018
0.04070631970260223,2.5274770856643034
0.04076827757125155,-5.317406977514292
0.040830235439900865,-3.0865214498296285
0.040892193308550186,4.118683208190225
0.040954151177199506,3.5762351907424224
0.04101610904584882,-2.3300907430169517
0.04107806691449814,-2.658811887839319
0.04114002478314746,1.644825137426154
0.04120198265179678,1.728523867250881
0.041263940520446095,-1.5228599537176968
0.041325898389095415,-0.785262752966494
0.041387856257744736,2.2345561826034186
0.04144981412639405,0.7086993202551062
0.04151177199504337,-2.6589180600020184
0.04157372986369269,-0.4781548557038322
0.041635687732342004,3.989874605465498
0.041697645600991325,1.944266707470344
0.041759603469640645,-3.8230396670196085
0.041821561338289966,-2.853928693292609
0.04188351920693928,3.774608367730031
0.0419454770755886,4.430162785683368
0.04200743494423792,-2.5461686878134415
0.042069392812887234,-5.349913245653388
0.042131350681536554,1.0612474875938993
0.042193308550185875,6.1650562817983765
0.042255266418835195,1.5564775870353178
0.04231722428748451,-5.1356789817922985
0.04237918215613383,-3.0229228365116394
0.04244114002478315,4.404751087243014
0.042503097893432464,5.279567630453911
0.042565055762081784,-1.6822695075030831
0.042627013630731105,-5.566547615389149
0.04268897149938042,-0.573044869667271
0.04275092936802974,5.3185660782034425
0.04281288723667906,3.138387703733062
0.04287484510532838,-3.3948075039487553
0.04293680297397769,-4.189922572263596
0.042998760842627014,1.6071256048546476
0.043060718711276334,5.02218777309429
0.04312267657992565,1.439153364362385
0.04318463444857497,-3.1803522447151433
0.04324659231722429,-2.346122012659599
0.04330855018587361,1.8242274598178105
0.04337050805452292,3.277091480037564
0.043432465923172243,0.7522053216039425
0.043494423791821564,-2.0928236761042656
0.04355638166047088,-2.0976146612360593
0.0436183395291202,0.6188441319212656
0.04368029739776952,3.1098058793374816
0.04374225526641883,2.045079032835636
0.04380421313506815,-1.8575917800256
0.04386617100371747,-3.0764245069121716
0.043928128872366794,1.0947515956521077
0.04399008674101611,4.76420844982613
0.04405204460966543,1.5932258843072256
0.04411400247831475,-4.060391271120988
0.04417596034696406,-3.0263605966262634
0.04423791821561338,3.345894074549976
0.0442998760842627,4.6580157378199205
0.044361833952912016,-1.3061627995318004
0.04442379182156134,-4.712090059006307
0.04448574969021066,-0.0942592749543043
0.04454770755885998,4.865149203902446
0.04460966542750929,2.489586272256939
0.04467162329615861,-2.810469789018038
0.04473358116480793,-2.7715566652548658
0.044795539033457246,1.7347765011172736
0.04485749690210657,3.5627767024686685
0.04491945477075589,0.615325568703458
0.04498141263940521,-2.456771084146048
0.04504337050805452,-1.7895309619047062
0.04510532837670384,1.2866071648218653
0.04516728624535316,2.825491468417834
0.045229244114002476,0.9369630784086918
0.045291201982651796,-1.9754080949392305
0.04535315985130112,-1.8158670751679158
0.04541511771995043,1.5576058798882981
0.04547707558859975,3.354390041745099
0.04553903345724907,0.6961015502437023
0.04560099132589839,-2.5741086229820582
0.045662949194547706,-1.618596193485867
0.045724907063197026,1.8517812536781575
0.04578686493184635,2.5577832484773633
0.04584882280049566,-0.11757809584560885
0.04591078066914498,-2.0070357350569417
0.0459727385377943,-0.8771917773754279
0.04603469640644362,1.3230885108819173
0.046096654275092935,2.0980639075055283
0.046158612143742256,0.8652675161254296
0.046220570012391576,-1.197312952794839
0.04628252788104089,-1.6657917707349315
0.04634448574969021,0.7058879978921544
0.04640644361833953,2.9480085919842143
0.046468401486988845,1.0515471016420945
0.046530359355638165,-2.869318299310806
0.046592317224287486,-2.3968786719096253
0.046654275092936806,2.4344637424258337
0.04671623296158612,3.784991071688669
0.04677819083023544,-1.0591512585313871
0.04684014869888476,-4.07105693260394
0.046902106567534074,0.2645793199583495
0.046964064436183395,4.8360075802662
0.047026022304832715,1.62766681596954
0.04708798017348203,-4.136853684831412
0.04714993804213135,-2.5823306533482935
0.04721189591078067,3.6799580559389535
0.04727385377942999,3.8012720431445444
0.047335811648079304,-2.5931652898255866
0.047397769516728624,-4.609610104711987
0.047459727385377945,1.2665895482519758
0.04752168525402726,5.145710842146767
0.04758364312267658,0.5717707234809688
0.0476456009913259,-4.631215650905716
0.04770755885997522,-1.721877764055317
0.047769516728624534,4.327772556507365
0.047831474597273854,3.3968886410391486
0.047893432465923175,-2.9029973750384883
0.04795539033457249,-4.192008052588369
0.04801734820322181,1.4086577644601264
0.04807930607187113,4.494370279293889
0.04814126394052044,0.07775450649146187
0.04820322180916976,-4.448350718276315
0.048265179677819084,-1.6749562114276801
0.048327137546468404,3.8521360331345775
0.04838909541511772,3.2522822519114802
0.04845105328376704,-2.3878556048369197
0.04851301115241636,-3.990712237562808
0.04857496902106567,0.9588466455701208
0.04863692688971499,4.552707244194799
0.048698884758364314,1.0037942763936982
0.048760842627013634,-4.2925828518476745
0.04882280049566295,-3.1321123014386885
0.04888475836431227,2.775391589422853
0.04894671623296159,4.324762903181487
0.0490086741016109,-0.9801316122386408
0.04907063197026022,-4.976648084427035
0.04913258983890954,-1.3045876833219374
0.04919454770755886,4.545466580860644
0.04925650557620818,3.5008841268024478
0.0493184634448575,-2.8924545745102463
0.04938042131350682,-4.726069161171792
0.04944237918215613,0.6988862358509169
0.04950433705080545,4.678441810123211
0.04956629491945477,1.0640061012328346
0.04962825278810409,-4.176220075212741
0.04969021065675341,-2.9448354146306275
0.04975216852540273,2.272626489678002
0.04981412639405204,3.2690589864649295
0.04987608426270136,-0.7131770566652265
0.04993804213135068,-2.976277943518875
0.05,-0.614832176123402
0.050061957868649316,2.0375229376555506
0.05012391573729864,1.2803444265372634
0.05018587360594796,-1.0361277955013783
0.05024783147459727,-1.6509404897938247
0.05030978934324659,-0.38749072203983675
0.05037174721189591,0.8123754247938342
0.05043370508054523,0.5863671041924261
0.050495662949194546,-0.7307773100676981
0.05055762081784387,-1.3523693742134957
0.05061957868649319,-0.09233679467426437
0.0506815365551425,1.353014350488079
0.05074349442379182,0.4722170774925959
0.05080545229244114,-1.4950472856297474
0.050867410161090455,-1.0010162515106242
0.050929368029739776,1.319781059883081
0.050991325898389096,1.0784415036769706
0.05105328376703842,-1.7736489512158704
0.05111524163568773,-2.072722979437037
0.05117719950433705,1.1165537876898797
0.05123915737298637,2.016277887199964
0.051301115241635685,-1.3865318098960073
0.051363073110285005,-2.912524296555678
0.051425030978934326,0.7178590450914448
0.051486988847583647,3.203787516958423
0.05154894671623296,-0.22529486315997627
0.05161090458488228,-3.661932253132194
0.0516728624535316,-0.8336900077804292
0.051734820322180915,3.33844611438713
0.051796778190830235,1.3163536671185758
0.051858736059479556,-3.5248678011548846
0.05192069392812887,-2.8315887650529623
0.05198265179677819,2.0947680426007
0.05204460966542751,2.9082940029859277
0.05210656753407683,-1.3481697723637818
0.052168525402726144,-3.356230969902905
0.052230483271375465,-0.22054880195210558
0.052292441140024785,2.680134854027215
0.0523543990086741,1.2440394486764956
0.05241635687732342,-1.777261536986784
0.05247831474597274,-2.2477012897348265
0.052540272614622054,-0.15798464671237467
0.052602230483271374,1.6614351504765414
0.052664188351920695,1.049449293424637
0.052726146220570015,-1.4798419049759244
0.05278810408921933,-2.7114547423707642
0.05285006195786865,-0.3458798340843168
0.05291201982651797,2.7361555880468744
0.05297397769516728,1.6287272452355817
0.053035935563816604,-2.460930780282191
0.053097893432465924,-3.0088357815417073
0.053159851301115245,1.1962574258397436
0.05322180916976456,3.356096036176571
0.05328376703841388,-0.17881223889485254
0.0533457249070632,-3.6516989458717255
0.05340768277571251,-1.6275798058943496
0.053469640644361834,2.173695965637676
0.053531598513011154,1.7817804363400471
0.05359355638166047,-1.3590578737522852
0.05365551425030979,-2.0866710249739686
0.05371747211895911,-0.1071687886091337
0.05377942998760843,1.1965714436013406
0.05384138785625774,0.8131372676249284
0.05390334572490706,-0.08653601663151766
0.053965303593556384,-1.0741723454797776
0.0540272614622057,-1.4501995336350566
0.05408921933085502,0.042885049064179726
0.05415117719950434,1.8513629718157416
0.05421313506815366,0.5809149633340954
0.05427509293680297,-2.572374917588336
0.05433705080545229,-2.277602369779624
0.054399008674101614,1.7436165884823986
0.05446096654275093,3.056346514371003
0.05452292441140025,-0.7626197858945998
0.05458488228004957,-3.4357739862777383
0.05464684014869888,-0.5088716281931243
0.0547087980173482,3.0222560561061806
0.05477075588599752,1.3877594331309533
0.05483271375464684,-2.39018168874881
0.05489467162329616,-2.278800842898824
0.05495662949194548,0.8024978232773192
0.0550185873605948,1.7095922362413174
0.05508054522924411,-0.15529006899942394
0.05514250309789343,-1.2814943866020674
0.05520446096654275,-0.5508798860742486
0.055266418835192066,0.2762065507655013
0.055328376703841387,0.5584769116965312
0.05539033457249071,0.71873548234207
0.05545229244114003,0.11231016499695246
0.05551425030978934,-1.2789493471071358
0.05557620817843866,-1.2568606064878818
0.05563816604708798,0.930731998985407
0.055700123915737296,1.960612732390628
0.055762081784386616,-0.5333101656310928
0.05582403965303594,-2.9835592304846283
0.05588599752168526,-0.9306192703934572
0.05594795539033457,3.014528437786242
0.05600991325898389,2.426212091585389
0.05607187112763321,-2.2740684801461946
0.056133828996282525,-3.5425149863574203
0.056195786864931846,1.1548433942354976
0.056257744733581166,4.379264842519072
0.05631970260223048,0.47539708997106045
0.0563816604708798,-4.5344825718838315
0.05644361833952912,-2.343319616694738
0.05650557620817844,3.565983881782131
0.056567534076827755,3.3436903499699855
0.056629491945477076,-2.5351534310172363
0.056691449814126396,-3.9687642865571644
0.05675340768277571,1.3356853882040862
0.05681536555142503,4.071305398389216
0.05687732342007435,-0.10289765167925213
0.05693928128872367,-3.305218170835015
0.057001239157372985,-0.17936195586126447
0.057063197026022305,2.786914050183686
0.057125154894671626,0.10696928309742493
0.05718711276332094,-2.561392296834142
0.05724907063197026,0.037240771447955456
0.05731102850061958,2.4385522473270167
0.057372986369268894,-0.45120349103686397
0.057434944237918215,-2.8595358349160436
0.057496902106567535,0.5664856758707681
0.057558859975216856,3.6030485365124667
0.05762081784386617,0.08829246879878744
0.05768277571251549,-3.6619214702801104
0.05774473358116481,-0.4444810912433096
0.057806691449814124,3.8651942636413756
0.057868649318463444,1.1580457050382928
0.057930607187112765,-3.5868659625690302
0.05799256505576208,-1.7497919423252035
0.0580545229244114,2.876783076921787
0.05811648079306072,1.7970481909631286
0.05817843866171004,-2.2720923747073662
0.058240396530359353,-1.5119677607735216
0.058302354399008674,2.009211223574466
0.058364312267657995,1.407025498178753
0.05842627013630731,-1.4203372850729061
0.05848822800495663,-0.5776875799842436
0.05855018587360595,1.6810202846814175
0.05861214374225527,0.21321309554715961
0.05867410161090458,-1.970024927226866
0.058736059479553904,0.012645647209620803
0.058798017348203224,2.3164109928352277
0.05885997521685254,-0.16200096433967498
0.05892193308550186,-2.8818377328282128
0.05898389095415118,-0.05549376126021288
0.05904584882280049,3.482224670724767
0.05910780669144981,0.942282428913048
0.05916976456009913,-3.232198589319852
0.059231722428748454,-1.3648137672125733
0.05929368029739777,3.12518649457948
0.05935563816604709,2.14138591382808
0.05941759603469641,-2.3251486340700134
0.05947955390334572,-2.468048792645215
0.05954151177199504,1.2059511158846583
0.05960346964064436,2.028490913822897
0.059665427509293684,-0.4545910528210675
0.059727385377943,-1.2361925074440778
0.05978934324659232,0.21884776444381826
0.05985130111524164,0.5055302439500795
0.05991325898389095,-0.17119407484359161
0.05997521685254027,0.5369865921791684
0.06003717472118959,1.1460154366421629
0.060099132589838906,-0.5896339945691678
0.06016109045848823,-1.9885233143407448
0.06022304832713755,0.04101673482802237
0.06028500619578687,2.3726063046099295
0.06034696406443618,0.6565265113651916
0.0604089219330855,-2.5015996791361297
0.06047087980173482,-1.6703110047261422
0.060532837670384136,1.9070535857234567
0.06059479553903346,2.4044909601800146
0.06065675340768278,-0.708285187319769
0.06071871127633209,-2.183699721190786
0.06078066914498141,-0.013991156966658869
0.06084262701363073,1.813639638680145
0.06090458488228005,0.5344141345801606
0.060966542750929366,-1.2593438504380918
0.061028500619578686,-0.7758667270752304
0.06109045848822801,0.4589423983915051
0.06115241635687732,0.1458752087534464
0.06121437422552664,-0.529847771072018
0.06127633209417596,0.25962685633108884
0.06133828996282528,0.9486199635985451
0.061400247831474596,-0.3874314510883896
0.061462205700123916,-1.5127784342097306
0.06152416356877324,0.32708767650642856
0.06158612143742255,2.3716035843881564
0.06164807930607187,0.3294906637485542
0.06171003717472119,-3.1212239574726572
0.061771995043370505,-1.73571616210731
0.061833952912019825,2.8658815285810277
0.061895910780669146,2.6785737942921157
0.061957868649318466,-2.6396872077358178
0.06201982651796778,-4.0222970721102325
0.0620817843866171,1.4445755680496104
0.06214374225526642,4.711382927588101
0.062205700123915735,0.1456337374473018
0.062267657992565055,-4.568245068715808
0.062329615861214376,-1.7084329266265925
0.062391573729863696,3.520873248132783
0.06245353159851301,2.609085601331113
0.06251548946716233,-2.2048469385901237
0.06257744733581165,-3.265796980245451
0.06263940520446097,-0.1718826092030934
0.06270136307311029,1.9518423344599516
0.0627633209417596,1.4182250822248708
0.06282527881040892,-0.20385587714220765
0.06288723667905824,-2.03827559635958
0.06294919454770756,-2.2712910041840897
0.06301115241635688,1.1347493196395297
0.0630731102850062,4.357937681069577
0.06313506815365551,0.9506297248560704
0.06319702602230483,-5.635342717787672
0.06325898389095415,-4.318397605897248
0.06332094175960347,4.536574231556454
0.06338289962825279,6.611505659355592
0.06344485749690211,-2.818233931829211
0.06350681536555143,-8.748143334668645
0.06356877323420074,-0.6946159731882194
0.06363073110285006,8.627411569613752
0.06369268897149938,3.874925334512866
0.0637546468401487,-7.098347439189167
0.06381660470879802,-6.419912179737553
0.06387856257744734,4.17059762267502
0.06394052044609666,7.1701444748561975
0.06400247831474597,-1.488247260605681
0.06406443618339529,-7.223688876286037
0.06412639405204461,-1.6893303360892094
0.06418835192069393,5.110822211455202
0.06425030978934325,2.822431418873506
0.06431226765799257,-3.467429381381652
0.06437422552664189,-3.596647794731556
0.0644361833952912,1.4450427555500853
0.06449814126394052,3.1360670296954463
0.06456009913258984,-0.2847418284875025
0.06462205700123916,-2.544896054863325
0.06468401486988848,-0.5662724878100286
0.0647459727385378,1.4224298462756721
0.0648079306071871,0.0984353275139156
0.06486988847583643,-1.5983011477525344
0.06493184634448575,-0.4697165672356901
0.06499380421313507,1.1061369417627078
0.06505576208178439,-0.07893316590827792
0.06511771995043371,-1.7580201565199234
0.06517967781908303,-0.30020221447401685
0.06524163568773234,2.063769921152172
0.06530359355638166,0.7687664691075604
0.06536555142503098,-2.433062064936079
0.0654275092936803,-1.8610559929428676
0.06548946716232962,1.8957725148655835
0.06555142503097894,2.338428827351671
0.06561338289962826,-1.7049405927586856
0.06567534076827757,-3.5886228534593876
0.06573729863692689,0.0006030852679007603
0.0657992565055762,3.3260811566635784
0.06586121437422553,1.1018280883137574
0.06592317224287485,-2.967388320085126
0.06598513011152417,-2.464076768095877
0.06604708798017349,1.6655524282390939
0.0661090458488228,3.1147727282662965
0.06617100371747212,-0.1053496220197177
0.06623296158612144,-3.2548949598119723
0.06629491945477076,-1.9933490013724784
0.06635687732342008,1.7840196200198184
0.0664188351920694,2.7629207730234975
0.06648079306071872,-0.5365295778411081
0.06654275092936802,-3.519058176967007
0.06660470879801735,-1.6818363176062063
0.06666666666666667,2.6736649518746556
0.06672862453531599,3.2285978138443303
0.0667905824039653,-1.04191806919981
0.06685254027261463,-3.9013067891490754
0.06691449814126393,-1.0377863097504718
0.06697645600991325,3.3082426050631133
0.06703841387856257,2.647571998491502
0.0671003717472119,-2.090117604952181
0.06716232961586122,-4.050767619879204
0.06722428748451054,-0.4631395838914609
0.06728624535315986,3.565939390699926
0.06734820322180916,2.3890239104057507
0.06741016109045848,-2.291309858045498
0.0674721189591078,-3.7433056475561806
0.06753407682775713,0.31875328912207596
0.06759603469640645,4.132525867420426
0.06765799256505577,1.9654406498362913
0.06771995043370509,-3.145341382922828
0.0677819083023544,-3.5758959489446505
0.06784386617100371,1.2118511285919544
0.06790582403965303,3.773516690277228
0.06796778190830235,0.43252222929132506
0.06802973977695168,-3.2583452611817445
0.068091697645601,-1.8774510291062372
0.06815365551425032,1.7696235602457535
0.06821561338289962,2.3562044201413075
0.06827757125154894,0.1585847222702604
0.06833952912019826,-1.3027591200933444
0.06840148698884758,-1.0677119283873966
0.0684634448574969,-0.01036285616428173
0.06852540272614623,1.4212297716166407
0.06858736059479553,1.711030167999894
0.06864931846344485,-0.7190116111390014
0.06871127633209417,-3.078749414806194
0.0687732342007435,-0.8860957540143195
0.06883519206939281,3.481377325668067
0.06889714993804213,2.794003773350677
0.06895910780669146,-2.5956296448180525
0.06902106567534076,-3.8563964112004188
0.06908302354399008,1.594733107435891
0.0691449814126394,4.950423270324668
0.06920693928128872,0.631315145386668
0.06926889714993804,-4.299803557274308
0.06933085501858736,-2.148436938514926
0.06939281288723669,3.0846337195256197
0.06945477075588599,3.2619335592146275
0.06951672862453531,-1.0682975754595354
0.06957868649318463,-3.1956083192537754
0.06964064436183395,-0.7750650448612082
0.06970260223048327,2.540583013623138
0.0697645600991326,2.9250092388563007
0.06982651796778191,-0.01732383646985214
0.06988847583643122,-3.0347984973389095
0.06995043370508054,-1.8163380662799629
0.07001239157372986,2.9854794059540524
0.07007434944237918,4.365662162224765
0.0701363073110285,-1.036164750052884
0.07019826517967782,-5.498865949259642
0.07026022304832713,-1.191573446319721
0.07032218091697645,5.797889101589656
0.07038413878562577,4.009452089775404
0.07044609665427509,-4.04418411903527
0.07050805452292441,-5.200952895685204
0.07057001239157373,2.485311692722182
0.07063197026022305,6.504698178133985
0.07069392812887236,0.7636428523630485
0.07075588599752168,-5.101937328180985
0.070817843866171,-2.3523719364013185
0.07087980173482032,3.6585758586086268
0.07094175960346964,3.7958965654590595
0.07100371747211896,-0.9966861000720004
0.07106567534076828,-3.362476745578674
0.07112763320941759,-0.7875999894817856
0.07118959107806691,2.7510401246779805
0.07125154894671623,2.981981096319929
0.07131350681536555,-0.1983526167390396
0.07137546468401487,-2.765115842999959
0.07143742255266419,-0.9202471983167431
0.07149938042131351,3.194709173131165
0.07156133828996282,3.199237990061082
0.07162329615861214,-1.6467383007339784
0.07168525402726146,-3.8345500634994036
0.07174721189591078,0.596916702723654
0.0718091697645601,4.591652370441286
0.07187112763320942,1.3936492923426196
0.07193308550185874,-3.679629936394384
0.07199504337050805,-2.0432851924967492
0.07205700123915737,3.508707955029259
0.07211895910780669,3.781904229626129
0.07218091697645601,-1.2525243415579959
0.07224287484510533,-3.18456715043848
0.07230483271375465,0.46155801079236997
0.07236679058240396,3.2673861780176616
0.07242874845105328,1.2920411249020727
0.0724907063197026,-1.7055178815468461
0.07255266418835192,-1.5660982998240225
0.07261462205700124,0.6989412365013536
0.07267657992565056,2.0344520883100254
0.07273853779429988,1.3238449388187055
0.07280049566294919,-0.4792950884945576
0.07286245353159851,-1.332897203381442
0.07292441140024783,0.1646334629065609
0.07298636926889715,2.3029498753303193
0.07304832713754647,1.7448367651186454
0.07311028500619579,-1.12360065180519
0.07317224287484511,-1.9811221473255036
0.07323420074349442,0.5662914035654449
0.07329615861214374,2.451222913944997
0.07335811648079306,0.8370270443742702
0.07342007434944238,-1.4158365515904352
0.0734820322180917,-0.896067452374536
0.07354399008674102,1.142789662364589
0.07360594795539034,1.753882491006603
0.07366790582403965,0.7408796725206439
0.07372986369268897,-0.41122827129743
0.07379182156133829,-0.8342315377717118
0.07385377942998761,-0.009687100661164738
0.07391573729863693,1.624662350639964
0.07397769516728625,1.6333071082238577
0.07403965303593556,-1.00829374198073
0.07410161090458488,-2.5082244178322326
0.0741635687732342,0.4694087463283497
0.07422552664188352,3.816844395223436
0.07428748451053284,1.4946318911336722
0.07434944237918216,-3.3971675409771955
0.07441140024783148,-2.385027378374235
0.07447335811648079,3.6423859378567767
0.07453531598513011,4.5542857972428585
0.07459727385377943,-1.922256931722836
0.07465923172242875,-5.248567144962212
0.07472118959107807,0.47182356094312006
0.07478314745972739,5.860787648846473
0.07484510532837671,1.6969812504828876
0.07490706319702602,-5.217006716929035
0.07496902106567534,-3.2337052347266035
0.07503097893432466,4.4591256184732995
0.07509293680297398,5.124362295414532
0.0751548946716233,-2.1699964833642285
0.07521685254027262,-5.212442995976
0.07527881040892194,0.7827865873755671
0.07534076827757125,5.556377676552302
0.07540272614622057,1.3223987160402313
0.07546468401486989,-4.616941262372972
0.07552664188351921,-2.665262477942302
0.07558859975216853,3.388959799571449
0.07565055762081785,3.583275012877762
0.07571251548946717,-1.723536515730054
0.07577447335811648,-3.5622299906491612
0.0758364312267658,0.496298526108801
0.07589838909541512,3.510305068390586
0.07596034696406444,1.2483391571393336
0.07602230483271376,-2.07442805869565
0.07608426270136308,-1.7584766655379873
0.07614622057001239,0.8216206347199647
0.0762081784386617,1.9141461372179334
0.07627013630731103,0.6178172344111409
0.07633209417596035,-1.3809634808148585
0.07639405204460967,-1.9402452912561605
0.07645600991325899,0.012810389401687328
0.07651796778190831,2.517823245964064
0.07657992565055761,1.7400643939599694
0.07664188351920694,-2.025606264029797
0.07670384138785626,-2.9965729766891522
0.07676579925650558,1.2135701206071003
0.0768277571251549,4.15935176780268
0.07688971499380422,0.38237634337043847
0.07695167286245354,-4.48553679857786
0.07701363073110284,-2.2346490507458006
0.07707558859975217,3.6665310376929936
0.07713754646840149,3.291694541217339
0.0771995043370508,-2.8068329796602742
0.07726146220570013,-4.290693210807658
0.07732342007434945,1.3277351413770258
0.07738537794299877,4.5392840182548735
0.07744733581164807,0.16967128588034525
0.0775092936802974,-4.157264908942439
0.07757125154894672,-1.3688968649991073
0.07763320941759604,3.411137842770893
0.07769516728624536,2.1182039650009137
0.07775712515489468,-2.841372961166753
0.07781908302354398,-3.2165657888447146
0.0778810408921933,1.3395732679931347
0.07794299876084262,3.1833034397550115
0.07800495662949194,-0.5767029381100441
0.07806691449814127,-3.5687048889575346
0.07812887236679059,-0.7249715304074769
0.0781908302354399,3.348083087264714
0.07825278810408921,1.79380439253451
0.07831474597273853,-3.0228295353447576
0.07837670384138785,-3.0078095686198822
0.07843866171003717,2.0450670235782447
0.0785006195786865,3.4601737002883013
0.07856257744733582,-1.6711894570011963
0.07862453531598514,-4.727201188805347
0.07868649318463444,-0.02711409846185564
0.07874845105328376,4.6239841136631314
0.07881040892193308,0.9210441302582592
0.0788723667905824,-4.962115109495993
0.07893432465923172,-2.540309307204695
0.07899628252788105,4.3552130714839254
0.07905824039653037,3.7120952430186325
0.07912019826517967,-3.630534484581727
0.079182156133829,-5.144986725595134
0.07924411400247831,1.6656406270223056
0.07930607187112763,5.05822290102436
0.07936802973977695,-0.5780753070024213
0.07942998760842628,-5.523448750500448
0.07949194547707558,-1.7585326000587513
0.0795539033457249,4.049986173865302
0.07961586121437422,2.6594011565910556
0.07967781908302354,-2.8695504913832615
0.07973977695167286,-3.562820403697759
0.07980173482032218,0.930688616682909
0.0798636926889715,3.2035473938317294
0.07992565055762081,0.2239429397012298
0.07998760842627013,-3.0621947192796948
0.08004956629491945,-1.9864072432985105
0.08011152416356877,1.3747233304132855
0.0801734820322181,1.893283596096694
0.08023543990086741,-1.021207879368974
0.08029739776951673,-2.6840454786667443
0.08035935563816604,-0.3733878398021204
0.08042131350681536,2.199946423521838
0.08048327137546468,0.7862735772712179
0.080545229244114,-2.1680230578429236
0.08060718711276332,-1.5585595723204184
0.08066914498141264,1.4093175446027921
0.08073110285006196,1.3365155032524592
0.08079306071871127,-1.5909766463772037
0.08085501858736059,-2.0645683133501658
0.08091697645600991,0.4789213865010207
0.08097893432465923,1.1629807481231769
0.08104089219330855,-0.8676871875903447
0.08110285006195787,-1.2884159110658986
0.0811648079306072,0.5109735957446271
0.0812267657992565,0.55974840812096
0.08128872366790582,-1.115613999644992
0.08135068153655514,-0.5233956803608315
0.08141263940520446,1.4313551027661229
0.08147459727385378,0.1520836541398709
0.0815365551425031,-2.679693937095248
0.08159851301115241,-1.250815503213675
0.08166047087980173,2.5363240304002215
0.08172242874845105,1.3871011766565033
0.08178438661710037,-3.290737762669259
0.08184634448574969,-2.8248943336593517
0.08190830235439901,2.583591902462092
0.08197026022304833,3.3637604141675754
0.08203221809169764,-2.032811354509754
0.08209417596034696,-3.9890127216433715
0.08215613382899628,0.8454134400722929
0.0822180916976456,3.6582981128367162
0.08228004956629492,-0.33386374644303707
0.08234200743494424,-3.7526182902472334
0.08240396530359356,-0.9880351093630587
0.08246592317224287,2.403759902192948
0.08252788104089219,0.8137413683130565
0.08258983890954151,-1.9773117481951785
0.08265179677819083,-1.130453343719777
0.08271375464684015,0.9251967936619605
0.08277571251548947,0.6247052072413672
0.08283767038413879,-0.37045202270920397
0.0828996282527881,-0.06283319667015139
0.08296158612143742,-0.11957868725272242
0.08302354399008674,-1.0586441479522364
0.08308550185873606,-0.4332553380009895
0.08314745972738538,1.3229119509792622
0.0832094175960347,0.5066315440763529
0.08327137546468401,-2.235318919294243
0.08333333333333333,-1.7801618622063347
0.08339529120198265,1.9017403400062782
0.08345724907063197,2.566116526775658
0.08351920693928129,-1.310807904834388
0.08358116480793061,-3.1933789329426427
0.08364312267657993,0.2630338531703291
0.08370508054522924,3.232331170177103
0.08376703841387856,0.7552952627836453
0.08382899628252788,-2.9619918566764656
0.0838909541511772,-2.0433504048306617
0.08395291201982652,1.5181724976287683
0.08401486988847584,2.0478704139653914
0.08407682775712516,-0.587497665024622
0.08413878562577447,-1.9751061316785175
0.08420074349442379,-0.544951954295629
0.08426270136307311,1.202151057522097
0.08432465923172243,1.2520096181940699
0.08438661710037175,0.01879440392165077
0.08444857496902107,-1.1694791988247182
0.08451053283767039,-1.0893663723917748
0.0845724907063197,0.490418457208357
0.08463444857496902,1.6094146594521241
0.08469640644361834,0.13177682658534717
0.08475836431226766,-2.200907701439496
0.08482032218091698,-1.4030122857362117
0.0848822800495663,1.913704722693946
0.0849442379182156,2.3653975450917066
0.08500619578686493,-1.2551330859948997
0.08506815365551425,-2.924929340153679
0.08513011152416357,0.6560139999051473
0.08519206939281289,3.5815918398328277
0.08525402726146221,0.44527290463169056
0.08531598513011153,-3.702074551796643
0.08537794299876084,-1.587660434370145
0.08543990086741016,3.2769666578821197
0.08550185873605948,2.3233277653519075
0.0855638166047088,-2.8651125335353886
0.08562577447335812,-3.1054223689384193
0.08568773234200744,2.0728279782152477
0.08574969021065676,3.599566467406593
0.08581164807930607,-0.9001226855167095
0.08587360594795539,-3.2041459061833075
0.08593556381660471,0.39791254350473926
0.08599752168525403,2.9460263978600887
0.08605947955390335,0.15826353063989784
0.08612143742255267,-2.2765989095915193
0.08618339529120199,-0.24375386877724403
0.0862453531598513,1.5030442336635381
0.08630731102850062,-0.3525580033157891
0.08636926889714994,-1.2339225435072927
0.08643122676579926,1.1825490361742568
0.08649318463444858,1.583529179434632
0.0865551425030979,-1.7181775582392294
0.08661710037174722,-1.9579772954331305
0.08667905824039653,2.631190469899394
0.08674101610904585,3.3980920577288307
0.08680297397769517,-2.5402205570180962
0.08686493184634449,-4.711025590963256
0.08692688971499381,1.9930580008874066
0.08698884758364313,5.934420777870819
0.08705080545229243,-1.0159676323312792
0.08711276332094176,-7.025437763619987
0.08717472118959108,-0.4813372141047947
0.0872366790582404,7.772450240454648
0.08729863692688972,2.5798918088923757
0.08736059479553904,-7.488001441171225
0.08742255266418836,-4.174048535334841
0.08748451053283766,7.317303049167158
0.08754646840148698,6.353973791430734
0.0876084262701363,-6.161242133801316
0.08767038413878563,-8.203754008662607
0.08773234200743495,4.420622350180388
0.08779429987608427,9.649593490313093
0.08785625774473359,-2.2314580233423382
0.0879182156133829,-10.697059127851016
0.08798017348203221,-0.4934066955531261
0.08804213135068154,11.158447613263302
0.08810408921933086,3.9902384478991406
0.08816604708798018,-9.968771657016934
0.0882280049566295,-6.807422570196334
0.08828996282527882,8.156094496705677
0.08835192069392812,9.46572396296013
0.08841387856257744,-5.067272635929452
0.08847583643122676,-10.999252836363564
0.08853779429987609,1.2089848720385667
0.0885997521685254,10.842274472346004
0.08866171003717473,2.401632593782477
0.08872366790582403,-9.31018279353487
0.08878562577447335,-5.220540173471717
0.08884758364312267,6.907076180732676
0.088909541511772,7.249269497624592
0.08897149938042132,-3.416376970501763
0.08903345724907064,-7.32134544415923
0.08909541511771996,0.42790116920253096
0.08915737298636926,6.250129574671604
0.08921933085501858,1.812394234051801
0.0892812887236679,-4.474473012705422
0.08934324659231722,-3.3062943578150055
0.08940520446096654,1.9686042572509703
0.08946716232961587,3.3583793346861874
0.08952912019826519,0.2558688815558806
0.08959107806691449,-2.312143156930938
0.08965303593556381,-1.5944148190271934
0.08971499380421313,0.9922303352585521
0.08977695167286245,2.4507246138795113
0.08983890954151177,0.8235071568706667
0.0899008674101611,-2.2881240249210295
0.08996282527881042,-2.5057717180962475
0.09002478314745972,1.0799370822533554
0.09008674101610904,3.1462304985834955
0.09014869888475836,0.019062581237878407
0.09021065675340768,-3.4847591119723944
0.090272614622057,-1.4081873276345502
0.09033457249070632,3.0094799742403473
0.09039653035935563,2.476093235466533
0.09045848822800495,-1.8956421388608589
0.09052044609665427,-2.693116430407744
0.09058240396530359,0.9053362584773159
0.09064436183395291,2.3467327220135283
0.09070631970260223,-0.3950425513982536
0.09076827757125155,-2.047388415400341
0.09083023543990086,-0.20670284118463234
0.09089219330855018,1.0770509845874894
0.0909541511771995,-0.25694706591344463
0.09101610904584882,-0.8810770184221992
0.09107806691449814,0.6061752797858844
0.09114002478314746,0.9350345848807993
0.09120198265179678,-0.8539597408485222
0.09126394052044609,-1.174769960334853
0.09132589838909541,0.9025821194440256
0.09138785625774473,1.4224105220968315
0.09144981412639405,-0.9164149572435116
0.09151177199504337,-1.9975340495801959
0.0915737298636927,0.11486969807231562
0.09163568773234201,1.5677076642474406
0.09169764560099132,-0.11735934924838176
0.09175960346964064,-1.638774285930746
0.09182156133828996,-0.23946574799617637
0.09188351920693928,1.3706663829655064
0.0919454770755886,0.33072458639113206
0.09200743494423792,-1.213716033577606
0.09206939281288724,-0.41751479874511654
0.09213135068153655,1.042111991314985
0.09219330855018587,0.311539399096467
0.09225526641883519,-1.380069528002036
0.09231722428748451,-1.0464163556064814
0.09237918215613383,0.7528186183558769
0.09244114002478315,0.9775566549558377
0.09250309789343246,-0.7112590377796352
0.09256505576208178,-1.4769468981392833
0.0926270136307311,0.03373832765364071
0.09268897149938042,1.5270073454896236
0.09275092936802974,0.6240853395371295
0.09281288723667906,-1.3865274211632213
0.09287484510532838,-1.3741280638661617
0.09293680297397769,0.728566189914403
0.09299876084262701,1.5088411618231052
0.09306071871127633,-0.5722742668287731
0.09312267657992565,-2.289140239113908
0.09318463444857497,-0.6154296547696846
0.09324659231722429,1.9729093960483857
0.09330855018587361,1.1708332275753532
0.09337050805452292,-1.8590574215636275
0.09343246592317224,-2.0255657971208434
0.09349442379182156,1.2101060931527117
0.09355638166047088,2.6249900084005144
0.0936183395291202,-0.2588817066781662
0.09368029739776952,-2.9967657211445706
0.09374225526641884,-1.3220852881757832
0.09380421313506815,2.120865238853299
0.09386617100371747,2.039458210935236
0.09392812887236679,-1.4094925476909412
0.09399008674101611,-3.074692431049833
0.09405204460966543,-0.47459085191633177
0.09411400247831475,2.7425041182012038
0.09417596034696406,2.033451958604229
0.09423791821561338,-1.6400874780815666
0.0942998760842627,-3.0383050206473077
0.09436183395291202,-0.047361506493386885
0.09442379182156134,3.018351831029128
0.09448574969021066,1.5268970656657364
0.09454770755885998,-2.4467634490550356
0.09460966542750929,-3.0586834221397003
0.09467162329615861,0.4826359923714002
0.09473358116480793,2.88345651715111
0.09479553903345725,0.9291153083251417
0.09485749690210657,-2.1561701736271415
0.09491945477075589,-2.0934852825334547
0.09498141263940521,0.6628121432910208
0.09504337050805452,2.4749026216671774
0.09510532837670384,1.2195829088425287
0.09516728624535316,-1.7552933437504097
0.09522924411400248,-2.8462975560750827
0.0952912019826518,-0.0141812203403745
0.09535315985130112,3.382027521621125
0.09541511771995044,1.747510806851369
0.09547707558859975,-3.5762742573067205
0.09553903345724907,-4.0839246375591856
0.09560099132589839,2.4397774380430244
0.09566294919454771,5.96144905170801
0.09572490706319703,-0.3097128044898847
0.09578686493184635,-6.820100438273241
0.09584882280049566,-2.114055929373034
0.09591078066914498,6.887130251924084
0.0959727385377943,4.948231180912531
0.09603469640644362,-5.559488517426475
0.09609665427509294,-7.461761191465747
0.09615861214374226,2.6883676025560015
0.09622057001239158,8.472969420144102
0.09628252788104089,0.6421550874160631
0.0963444857496902,-8.011486327759357
0.09640644361833953,-3.9004827918960734
0.09646840148698885,6.0770960785585135
0.09653035935563817,6.6380720121330565
0.09659231722428749,-2.2978036529645056
0.09665427509293681,-7.100197272171995
0.09671623296158612,-1.3581397220702724
0.09677819083023544,6.015029072752809
0.09684014869888476,4.540292749635334
0.09690210656753408,-3.413236225921376
0.0969640644361834,-6.398175845655998
0.09702602230483272,0.01564862740960815
0.09708798017348204,6.564019328070579
0.09714993804213135,3.3620177408725205
0.09721189591078067,-4.840230103972037
0.09727385377942999,-5.1543441874831455
0.0973358116480793,3.0800598482363077
0.09739776951672863,6.569594735116977
0.09745972738537795,-0.3867842443341053
0.09752168525402727,-6.2308626710402315
0.09758364312267657,-1.4665784200904621
0.0976456009913259,5.4450758326274356
0.09770755885997522,2.8993398602775944
0.09776951672862454,-4.158064960616967
0.09783147459727386,-3.5335489716642674
0.09789343246592318,3.158494530008675
0.09795539033457248,4.303576604759465
0.0980173482032218,-1.3522403201561888
0.09807930607187113,-3.6846711243771684
0.09814126394052045,0.7149155437736842
0.09820322180916977,3.7691910980629397
0.09826517967781909,0.6888970250146195
0.09832713754646841,-2.7773130235108665
0.09838909541511771,-1.230220071514555
0.09845105328376703,1.9986904270120216
0.09851301115241635,1.7492144775310772
0.09857496902106568,-0.7774516930985362
0.098636926889715,-1.335550783486875
0.09869888475836432,0.45367553114787845
0.09876084262701364,1.6207491568075358
0.09882280049566294,0.7854628492870744
0.09888475836431226,-0.5223491553858677
0.09894671623296158,-0.5258684245053823
0.0990086741016109,0.6004728837920359
0.09907063197026023,1.153286744463466
0.09913258983890955,0.1462908039386428
0.09919454770755887,-1.081959030866964
0.09925650557620817,-0.4566661744698775
0.0993184634448575,1.4535729537885733
0.09938042131350681,1.6237838357785317
0.09944237918215613,-0.6806402739334534
0.09950433705080546,-1.857067329716267
0.09956629491945478,0.6635178832982948
0.09962825278810408,3.350216310237946
0.0996902106567534,1.3490206182940534
0.09975216852540272,-2.9750492563663107
0.09981412639405204,-2.529772479523881
0.09987608426270136,2.7764481335189304
0.09993804213135069,4.43342355389389
0.1,-1.0352324006829026
0.10006195786864931,-5.06868349453149
0.10012391573729863,-0.5337889057936518
0.10018587360594795,5.589402095142031
0.10024783147459727,3.1504665140181674
0.1003097893432466,-3.8204088069117534
0.10037174721189591,-3.6764679299721683
0.10043370508054524,2.9353547204532267
0.10049566294919454,4.616862600579451
0.10055762081784386,-0.7727665958009157
0.10061957868649318,-3.4390324437497757
0.1006815365551425,0.17718154544668235
0.10074349442379182,2.430508991238619
0.10080545229244114,0.07871262796894785
0.10086741016109046,-0.7860850860104976
0.10092936802973977,1.4571740860242648
0.10099132589838909,0.8434649612966505
0.10105328376703841,-2.2857597664980758
0.10111524163568773,-0.5055000091902768
0.10117719950433705,4.495127025095722
0.10123915737298637,2.565016074817901
0.10130111524163568,-4.707785767594147
0.101363073110285,-4.036172822054965
0.10142503097893432,4.866596947354979
0.10148698884758364,6.254348840691142
0.10154894671623296,-3.410484591589262
0.10161090458488228,-7.327158105468495
0.1016728624535316,1.9749756785088517
0.10173482032218091,8.427165073367364
0.10179677819083023,0.8131792775927782
0.10185873605947955,-7.290396518680943
0.10192069392812887,-2.029585283844361
0.10198265179677819,6.6750430289531
0.10204460966542751,3.935112107836691
0.10210656753407683,-4.396387781758992
0.10216852540272614,-4.132189799143514
0.10223048327137546,2.608301170632419
0.10229244114002478,3.9536117708188234
0.1023543990086741,-0.5782068005859713
0.10241635687732342,-2.446768374788933
0.10247831474597274,-0.1486764232107598
0.10254027261462206,1.3252026529563832
0.10260223048327137,1.0641317098182688
0.10266418835192069,1.0313225493081544
0.10272614622057001,0.14495069005837813
0.10278810408921933,-1.8173885325358259
0.10285006195786865,-1.0731602531212208
0.10291201982651797,2.544509565987102
0.10297397769516729,2.796591825814873
0.1030359355638166,-1.9295048149356666
0.10309789343246592,-3.9482355257307957
0.10315985130111524,0.7971556967054348
0.10322180916976456,4.763882847742169
0.10328376703841388,1.3251941148240045
0.1033457249070632,-3.814371128714376
0.10340768277571251,-2.34065990160871
0.10346964064436183,2.994070865097816
0.10353159851301115,3.627627055176974
0.10359355638166047,-0.9343328064841081
0.10365551425030979,-3.4226872633216834
0.10371747211895911,-0.6506220249228352
0.10377942998760843,2.6001140628927817
0.10384138785625774,1.7093249042315941
0.10390334572490706,-1.360726687387813
0.10396530359355638,-1.8790791342644082
0.1040272614622057,0.5291719067088336
0.10408921933085502,1.8936056443022071
0.10415117719950434,0.4165552841924869
0.10421313506815366,-0.9523376990163028
0.10427509293680297,-0.022593094170348715
0.10433705080545229,0.8016114397243022
0.10439900867410161,-0.4493757240088403
0.10446096654275093,-1.013568719521503
0.10452292441140025,0.9689227830711328
0.10458488228004957,1.616881816357665
0.10464684014869889,-1.4440847672175825
0.1047087980173482,-2.8281457293409185
0.10477075588599752,1.305040610628454
0.10483271375464684,4.264632839631752
0.10489467162329616,-0.2189346853647272
0.10495662949194548,-5.02078125259072
0.1050185873605948,-0.9566332947264473
0.10508054522924411,5.586747171874093
0.10514250309789343,2.589757896960318
0.10520446096654275,-5.502700912303779
0.10526641883519207,-4.464168926618273
0.10532837670384139,4.255171100767312
0.10539033457249071,5.455485912955826
0.10545229244114003,-2.902140196409525
0.10551425030978934,-6.1602540529259
0.10557620817843866,1.0166804090221206
0.10563816604708798,5.979471048875753
0.1057001239157373,0.9236869719815628
0.10576208178438662,-4.725338655261044
0.10582403965303594,-2.2099283312798716
0.10588599752168526,2.762122685050741
0.10594795539033457,2.3224969548850725
0.10600991325898389,-1.055999390488875
0.10607187112763321,-1.9908328644367705
0.10613382899628253,-1.0150329035997054
0.10619578686493185,-0.033218046103243526
0.10625774473358117,1.4640260941725751
0.10631970260223049,1.9581720364752384
0.1063816604708798,-1.0102053578028607
0.10644361833952912,-3.742836258028362
0.10650557620817844,-0.5858729738748002
0.10656753407682776,4.515939626568022
0.10662949194547708,2.5231933513481613
0.1066914498141264,-4.447264343627062
0.1067534076827757,-4.92132148135598
0.10681536555142503,2.4204989915378805
0.10687732342007435,5.573592067838064
0.10693928128872367,-0.7204752985387801
0.10700123915737299,-6.0370645020994536
0.10706319702602231,-1.79262633344036
0.10712515489467163,4.868954916370397
0.10718711276332094,3.4304684777165892
0.10724907063197026,-3.245469284551543
0.10731102850061958,-4.554166732609989
0.1073729863692689,0.9701578690327815
0.10743494423791822,4.3602875142550825
0.10749690210656754,0.5368102634787493
0.10755885997521686,-4.413349333126684
0.10762081784386617,-2.8686518218684873
0.10768277571251549,2.7808764124939858
0.1077447335811648,3.7032726147035446
0.10780669144981413,-1.710311645928559
0.10786864931846345,-4.813089665197954
0.10793060718711277,-0.21287616471357856
0.10799256505576209,4.871590405562594
0.1080545229244114,1.8330897556054477
0.10811648079306072,-4.660421559961907
0.10817843866171004,-3.811193470524985
0.10824039653035936,3.0342534587549697
0.10830235439900868,4.2940673734734025
0.108364312267658,-2.1366265755670333
0.10842627013630732,-5.290205691779171
0.10848822800495662,-0.03844735112237063
0.10855018587360594,4.461323127655969
0.10861214374225527,0.992004304493736
0.10867410161090459,-3.8368848558145636
0.1087360594795539,-1.961740675736427
0.10879801734820323,2.5952405919858705
0.10885997521685253,1.9631154858146913
0.10892193308550185,-2.0355116605751578
0.10898389095415117,-2.3907896995782143
0.1090458488228005,0.7489433084780917
0.10910780669144982,1.5881587660350132
0.10916976456009914,-0.8660806770439803
0.10923172242874846,-2.0743696099808178
0.10929368029739776,-0.1899903280967855
0.10935563816604708,1.5456543308527644
0.1094175960346964,0.5673334088239996
0.10947955390334572,-1.4215030952966285
0.10954151177199505,-1.4457739051935357
0.10960346964064437,0.546711291277146
0.10966542750929369,1.6452233621401184
0.109727385377943,-0.05213494485949255
0.10978934324659231,-2.3286663993507783
0.10985130111524163,-1.5952272323185035
0.10991325898389095,1.3361244659006757
0.10997521685254028,1.8154363625404808
0.1100371747211896,-1.1330767534195065
0.11009913258983892,-2.6370037664025165
0.11016109045848822,-0.0015408034139051674
0.11022304832713754,2.4167317570861564
0.11028500619578686,0.575296950012952
0.11034696406443618,-2.247686495617793
0.1104089219330855,-1.300836359704771
0.11047087980173483,1.404860419769634
0.11053283767038413,1.0428283889242838
0.11059479553903345,-1.5056167914091696
0.11065675340768277,-1.7254194794617663
0.1107187112763321,0.48283903068716616
0.11078066914498141,1.2270841905272285
0.11084262701363073,-0.4006494830782914
0.11090458488228006,-1.4115683075002612
0.11096654275092936,-0.3173775296121609
0.11102850061957868,1.020749081836345
0.111090458488228,0.7680166143882475
0.11115241635687732,-0.6327491929341554
0.11121437422552664,-1.452719445285127
0.11127633209417596,-0.5707715540435536
0.11133828996282528,1.0345163741013768
0.11140024783147459,0.9118308491717696
0.11146220570012391,-1.2288603008976184
0.11152416356877323,-2.085422343754645
0.11158612143742255,0.2083672525631926
0.11164807930607187,2.1624590507328088
0.1117100371747212,0.37630150487831426
0.11177199504337051,-2.1407852667835794
0.11183395291201982,-0.938496048968567
0.11189591078066914,1.7348563153689907
0.11195786864931846,0.9484816951944857
0.11201982651796778,-1.7138960516100088
0.1120817843866171,-1.241595702308235
0.11214374225526642,1.1529241323461399
0.11220570012391574,0.5635675034317804
0.11226765799256505,-1.7524789945651438
0.11232961586121437,-0.8113479404314745
0.11239157372986369,1.8680139519191337
0.11245353159851301,0.8576963957658728
0.11251548946716233,-2.1893707178266095
0.11257744733581165,-1.1794269326141957
0.11263940520446096,2.351367256555609
0.11270136307311028,1.550178482494825
0.1127633209417596,-2.496651298141359
0.11282527881040892,-2.2664374831596663
0.11288723667905824,1.9244549528002015
0.11294919454770756,2.187522014293801
0.11301115241635688,-2.0281355812130863
0.11307311028500619,-2.7330074708678955
0.11313506815365551,1.5084563556645385
0.11319702602230483,2.836332526353828
0.11325898389095415,-1.0773858119065611
0.11332094175960347,-2.8088775740497085
0.11338289962825279,0.7105873062386527
0.11344485749690211,2.7237149986799
0.11350681536555142,-0.35446741745636645
0.11356877323420074,-2.6053615883325407
0.11363073110285006,-0.23804382682045633
0.11369268897149938,1.768834064879231
0.1137546468401487,-0.08878344906460311
0.11381660470879802,-1.534508717573853
0.11387856257744734,0.26022236348347594
0.11394052044609665,1.2027965574197008
0.11400247831474597,-0.7775630695036964
0.11406443618339529,-1.1818955339815345
0.11412639405204461,1.5241605122629593
0.11418835192069393,1.8533118812723899
0.11425030978934325,-1.8430242226940021
0.11431226765799256,-2.8543669938780143
0.11437422552664188,1.4633659935116492
0.1144361833952912,3.4996080533918157
0.11449814126394052,-1.0737156841720268
0.11456009913258984,-4.419235940152681
0.11462205700123916,-0.14394785839180857
0.11468401486988848,4.596021324575197
0.11474597273853779,1.4157476059911198
0.11480793060718711,-4.131455944524529
0.11486988847583643,-2.272156061269507
0.11493184634448575,3.5846589641180695
0.11499380421313507,3.079266997656948
0.11505576208178439,-2.679084746373115
0.11511771995043371,-3.5592851310609945
0.11517967781908302,1.4599113785818476
0.11524163568773234,3.2367278496896055
0.11530359355638166,-0.8256796008775524
0.11536555142503098,-3.007698785914298
0.1154275092936803,0.16703138530374728
0.11548946716232962,2.4937518493926008
0.11555142503097894,0.28134161846810635
0.11561338289962825,-1.6267249387243576
0.11567534076827757,0.03529388127974409
0.11573729863692689,1.262566078449363
0.11579925650557621,-0.4470327709054589
0.11586121437422553,-1.2060923140147972
0.11592317224287485,0.8339914474464651
0.11598513011152416,1.2807832417325797
0.11604708798017348,-1.5011301907601642
0.1161090458488228,-2.17778492848601
0.11617100371747212,1.459423272941605
0.11623296158612144,3.1617546647955357
0.11629491945477076,-0.7348280880288782
0.11635687732342008,-3.7065625457110793
0.11641883519206939,-0.12066538935825544
0.11648079306071871,4.17475137445958
0.11654275092936803,1.5438808429408957
0.11660470879801735,-3.8773998810871877
0.11666666666666667,-2.957549333833043
0.11672862453531599,2.7297990684110167
0.11679058240396531,3.579528264511614
0.11685254027261462,-1.657895226627235
0.11691449814126394,-3.9825223031202133
0.11697645600991326,0.4104681690124131
0.11703841387856258,3.96055452102781
0.1171003717472119,0.8664845432032927
0.11716232961586122,-3.289784688820421
0.11722428748451054,-1.4485839869121606
0.11728624535315985,2.896993532015083
0.11734820322180917,2.0154040869189536
0.11741016109045849,-2.5667365934343165
0.11747211895910781,-2.746816547074949
0.11753407682775713,1.8826453804562284
0.11759603469640645,3.09963290175764
0.11765799256505577,-1.4554692661401485
0.11771995043370508,-3.692604775895292
0.1177819083023544,0.783128635172959
0.11784386617100372,4.354868356000095
0.11790582403965304,0.4674109450039372
0.11796778190830236,-4.342672740139151
0.11802973977695168,-1.5082107282333899
0.11809169764560098,4.166993218257336
0.1181536555142503,2.5623476748849026
0.11821561338289963,-3.7547932311634433
0.11827757125154895,-3.756842725518974
0.11833952912019827,2.578744216622158
0.11840148698884759,4.2020971556425435
0.11846344485749691,-1.4900792881222924
0.11852540272614621,-4.3370652479671135
0.11858736059479554,0.45351071904470586
0.11864931846344486,4.3219585750117755
0.11871127633209418,0.8640606019347628
0.1187732342007435,-3.536261323486664
0.11883519206939282,-1.6855713773451424
0.11889714993804214,2.49823842178112
0.11895910780669144,2.013037902800976
0.11902106567534076,-1.5594982081852018
0.11908302354399009,-2.2923688315594486
0.1191449814126394,0.15329381622174632
0.11920693928128873,1.7076769324768244
0.11926889714993805,0.8720581327481882
0.11933085501858737,-0.6468754114867572
0.11939281288723667,-1.2520079261027206
0.119454770755886,-0.32293871664482454
0.11951672862453531,1.4422954306554054
0.11957868649318464,1.5636308351736048
0.11964064436183396,-0.9441529155390623
0.11970260223048328,-2.5629672277549993
0.11976456009913258,-0.20250785673154925
0.1198265179677819,2.656666516596256
0.11988847583643122,1.0046702165712413
0.11995043370508054,-2.6100001878074535
0.12001239157372987,-1.8640094594642278
0.12007434944237919,2.13871661906157
0.1201363073110285,2.522819180986811
0.12019826517967781,-1.199049678230283
0.12026022304832713,-2.4009241728583652
0.12032218091697645,0.6881442771562959
0.12038413878562577,2.199322632905519
0.1204460966542751,-0.4044589762470801
0.12050805452292442,-2.110885575386275
0.12057001239157374,-0.0031653297204540243
0.12063197026022304,1.6811399630887682
0.12069392812887236,-0.10630388914166478
0.12075588599752168,-1.6909997874012044
0.120817843866171,0.09173420558752732
0.12087980173482032,1.9520673676466311
0.12094175960346965,0.3870182989307881
0.12100371747211897,-1.8070865039716075
0.12106567534076827,-0.6507276148345142
0.12112763320941759,1.8019817674096155
0.12118959107806691,1.1078503984896133
0.12125154894671623,-1.6890634789705374
0.12131350681536555,-1.8090366002829863
0.12137546468401487,1.003750916519645
0.12143742255266418,1.9846817086410993
0.1214993804213135,-0.5002620048218949
0.12156133828996282,-2.0827864255759807
0.12162329615861214,0.11221097636816069
0.12168525402726146,2.3411161328743013
0.12174721189591078,0.638212887047316
0.1218091697645601,-2.067316853368215
0.12187112763320941,-0.9412439732570719
0.12193308550185873,1.9805411421855956
0.12199504337050805,1.2178153427887386
0.12205700123915737,-2.0440965180157686
0.1221189591078067,-1.7727934435424992
0.12218091697645601,1.729317903210076
0.12224287484510533,2.025340457741723
0.12230483271375464,-1.460231053084264
0.12236679058240396,-2.074488836331514
0.12242874845105328,1.5019976092397003
0.1224907063197026,2.4751448057990477
0.12255266418835192,-1.0941078974881997
0.12261462205700124,-2.3137707934328127
0.12267657992565056,1.1930581053336125
0.12273853779429987,2.348823991189065
0.12280049566294919,-1.4931728075970936
0.12286245353159851,-2.760578087071597
0.12292441140024783,1.5852757239387876
0.12298636926889715,3.2293088303805533
0.12304832713754647,-1.5966843722924278
0.1231102850061958,-3.778227163268913
0.1231722428748451,1.6195512300023718
0.12323420074349442,4.858508813454805
0.12329615861214374,-0.641385267761243
0.12335811648079306,-5.090743813552702
0.12342007434944238,-0.10893536971932916
0.1234820322180917,5.1965759728856655
0.12354399008674101,0.9578484593647881
0.12360594795539033,-4.920936278262127
0.12366790582403965,-1.6560798961846237
0.12372986369268897,4.2703636489124595
0.12379182156133829,1.8726064365740243
0.12385377942998761,-3.545479312130233
0.12391573729863693,-1.3276019114249118
0.12397769516728624,3.761049357852776
0.12403965303593556,1.369246250808828
0.12410161090458488,-3.726162816582491
0.1241635687732342,-1.0278476493102602
0.12422552664188352,4.471198435228595
0.12428748451053284,1.4670070842829668
0.12434944237918216,-5.100150753921602
0.12441140024783147,-2.4878869958944456
0.12447335811648079,5.270022273243836
0.12453531598513011,3.8839069369141765
0.12459727385377943,-4.580848088186407
0.12465923172242875,-4.84769117539887
0.12472118959107807,3.810206813185968
0.12478314745972739,6.162900724947571
0.1248451053283767,-1.7106012872193253
0.12490706319702602,-6.012669248679678
0.12496902106567534,0.06360762122821662
0.12503097893432466,5.485184533005137
0.12509293680297398,1.5987997023011356
0.1251548946716233,-4.141438945616598
0.12521685254027262,-2.6487177295923354
0.12527881040892194,2.4118315760994617
0.12534076827757126,3.106876915923103
0.12540272614622058,-0.1489156327362764
0.12546468401486988,-2.0041943935257693
0.1255266418835192,-0.9489698717386963
0.12558859975216852,1.010007621464709
0.12565055762081784,2.153147975378219
0.12571251548946716,1.191425760693046
0.12577447335811648,-1.7148460512216117
0.1258364312267658,-2.9205243005708263
0.12589838909541512,0.40033553754286544
0.12596034696406444,4.072825992795593
0.12602230483271376,1.8253602315215396
0.12608426270136308,-3.7888890886120175
0.1261462205700124,-3.7581989736136734
0.12620817843866172,2.8307614752846453
0.12627013630731102,5.941059808944095
0.12633209417596034,0.1451340843010932
0.12639405204460966,-5.935689095267142
0.12645600991325898,-2.6581917187101616
0.1265179677819083,5.146277716911431
0.12657992565055762,5.26780014357755
0.12664188351920694,-2.747796906400187
0.12670384138785626,-6.565345485986411
0.12676579925650558,-0.16813075528234123
0.1268277571251549,6.650500152860857
0.12688971499380422,3.435881883646006
0.12695167286245354,-4.683571925036465
0.12701363073110286,-5.069938125739142
0.12707558859975218,2.724320931667979
0.12713754646840147,6.488064541563666
0.1271995043370508,0.5285000971727314
0.12726146220570012,-5.768400325246555
0.12732342007434944,-2.8899456245836816
0.12738537794299876,4.312003613195829
0.12744733581164808,4.724765246871616
0.1275092936802974,-1.9114277522002026
0.12757125154894672,-5.230844280827902
0.12763320941759604,-0.33638005477297384
0.12769516728624536,5.184772054583618
0.12775712515489468,3.1164980205797397
0.127819083023544,-3.1691072093398693
0.12788104089219332,-4.134749202844737
0.1279429987608426,1.4876373098414484
0.12800495662949193,4.964814738361353
0.12806691449814125,1.0018906619435357
0.12812887236679057,-4.209091719451809
0.1281908302354399,-2.7516639151994884
0.12825278810408922,2.771954987194692
0.12831474597273854,3.7928222299471157
0.12837670384138786,-0.6332274607065997
0.12843866171003718,-3.185987213855704
0.1285006195786865,-0.49360177982370457
0.12856257744733582,2.538457669307575
0.12862453531598514,1.7886899986028277
0.12868649318463446,-0.47035418453584515
0.12874845105328378,-1.1372329060379807
0.12881040892193307,-0.6718379723290084
0.1288723667905824,0.09183969206503773
0.1289343246592317,1.3758931545660062
0.12899628252788103,1.5426454758179478
0.12905824039653035,-0.9705393658725753
0.12912019826517968,-2.756011703426961
0.129182156133829,0.19519908538281444
0.12924411400247832,3.9861235189499995
0.12930607187112764,1.7784358223088133
0.12936802973977696,-3.5312996354858295
0.12942998760842628,-2.7646175887954776
0.1294919454770756,3.294963296208042
0.12955390334572492,4.127897351541768
0.1296158612143742,-2.1341024668738644
0.12967781908302353,-4.74300937368491
0.12973977695167285,0.9147839140459475
0.12980173482032217,4.9902075560270465
0.1298636926889715,0.504255005307246
0.12992565055762081,-4.502502826983513
0.12998760842627013,-1.380595036196441
0.13004956629491946,4.238932080792527
0.13011152416356878,2.8644994043386625
0.1301734820322181,-2.6719220351815065
0.13023543990086742,-3.097876375402108
0.13029739776951674,1.5067918842524601
0.13035935563816606,3.196271990501466
0.13042131350681538,-0.09511890415487834
0.13048327137546467,-2.542969220355305
0.130545229244114,-0.9052897403262277
0.1306071871127633,1.463556008177488
0.13066914498141263,1.3486767954613006
0.13073110285006195,-0.033930909324350944
0.13079306071871127,-0.539564097653026
0.1308550185873606,-0.26306459338446186
0.13091697645600991,0.0596208481701761
0.13097893432465924,0.5698687314782402
0.13104089219330856,0.9937633373336836
0.13110285006195788,0.26415522275604053
0.1311648079306072,-1.2845883607694457
0.13122676579925652,-1.3884708269368784
0.13128872366790584,0.7347429270657542
0.13135068153655513,2.2129729772338944
0.13141263940520445,0.41305727380664603
0.13147459727385377,-2.273539495628089
0.1315365551425031,-1.399399259619851
0.1315985130111524,2.138554844055988
0.13166047087980173,2.7332172594770956
0.13172242874845105,-0.8423785462222559
0.13178438661710037,-2.9024681185572216
0.1318463444857497,-0.164573889452996
0.13190830235439902,2.6302633171878043
0.13197026022304834,0.8643839744430353
0.13203221809169766,-2.1463103819438154
0.13209417596034698,-1.3258602685948504
0.13215613382899627,1.4215065963207567
0.1322180916976456,1.3350734455796438
0.1322800495662949,-0.6982760901214793
0.13234200743494423,-0.7316030725479324
0.13240396530359355,0.7305732598178503
0.13246592317224287,0.5963406666575817
0.1325278810408922,-0.5142518488841327
0.1325898389095415,-0.17036009721251477
0.13265179677819083,0.5933912418182442
0.13271375464684015,-0.2555951837440409
0.13277571251548947,-1.0689522016952346
0.1328376703841388,0.19598647310903694
0.13289962825278812,1.3313583030104903
0.13296158612143744,-0.10528039923586024
0.13302354399008673,-1.6262823246609357
0.13308550185873605,-0.1154537408256664
0.13314745972738537,2.0969273365093426
0.1332094175960347,1.055947654183222
0.133271375464684,-1.7746350730531812
0.13333333333333333,-1.8495818380003453
0.13339529120198265,0.9591326578614697
0.13345724907063197,2.2801063315889176
0.1335192069392813,0.04361113973021835
0.1335811648079306,-2.5804272468133305
0.13364312267657993,-1.7246010114360808
0.13370508054522925,1.7477800748949814
0.13376703841387858,2.9794072651084207
0.13382899628252787,-0.2308422127249279
0.1338909541511772,-3.3915856957503987
0.1339529120198265,-1.289875139693506
0.13401486988847583,3.2604450626053456
0.13407682775712515,2.800802516569257
0.13413878562577447,-2.41183678852287
0.1342007434944238,-3.8905413104545565
0.1342627013630731,0.8831217960486377
0.13432465923172243,3.7195246002568445
0.13438661710037175,-0.0985436283627017
0.13444857496902107,-3.5194699864829877
0.1345105328376704,-0.5744723515357566
0.13457249070631971,2.999214921958025
0.13463444857496903,0.7975660496684083
0.13469640644361833,-2.5029579971410003
0.13475836431226765,-0.5692129415174207
0.13482032218091697,2.480991967097829
0.1348822800495663,0.39292929755089134
0.1349442379182156,-2.923262290591451
0.13500619578686493,-0.9385393655302279
0.13506815365551425,2.7605900995273465
0.13513011152416357,1.1222881292110112
0.1351920693928129,-2.979961288529257
0.1352540272614622,-1.9629193347767715
0.13531598513011153,2.5137148850344273
0.13537794299876085,2.615309635591804
0.13543990086741017,-1.6852034119333976
0.13550185873605947,-2.9265346390221767
0.1355638166047088,0.7439265539714013
0.1356257744733581,2.9039679505278437
0.13568773234200743,0.01477599125454021
0.13574969021065675,-3.087490696151427
0.13581164807930607,-1.4188627916127634
0.1358736059479554,2.2999931693843303
0.1359355638166047,2.070882622321792
0.13599752168525403,-1.8993767652186215
0.13605947955390335,-3.1414752346867414
0.13612143742255267,0.9195763565559321
0.136183395291202,3.9620843337838787
0.1362453531598513,0.42240088973497647
0.13630731102850063,-4.401621087392927
0.13636926889714993,-2.0965976372181867
0.13643122676579925,4.023357120249198
0.13649318463444857,3.3048088722733393
0.1365551425030979,-3.6777515761740895
0.1366171003717472,-4.9891157262883405
0.13667905824039653,1.982084417611064
0.13674101610904585,5.306868907595932
0.13680297397769517,-0.6603362779762652
0.1368649318463445,-5.28604413484544
0.1369268897149938,-0.7115372950272477
0.13698884758364313,4.555729739624721
0.13705080545229245,1.5759933109388333
0.13711276332094177,-3.5781765840121835
0.13717472118959106,-2.1048166150131973
0.13723667905824039,2.104336389128597
0.1372986369268897,1.41884138686442
0.13736059479553903,-1.69891148656227
0.13742255266418835,-1.294880471329003
0.13748451053283767,0.781155988051544
0.137546468401487,0.34110701586688974
0.1376084262701363,-0.6890544958350537
0.13767038413878563,0.26356135203221354
0.13773234200743495,0.637092356758194
0.13779429987608427,-0.9004618169079266
0.1378562577447336,-0.8609586401808531
0.1379182156133829,1.2156707248318002
0.13798017348203223,0.7611261240582398
0.13804213135068152,-2.1444208756268703
0.13810408921933084,-1.6938903890673938
0.13816604708798016,1.9825380874028293
0.13822800495662949,1.8797882862939312
0.1382899628252788,-2.3526932047413975
0.13835192069392813,-2.7855859226581994
0.13841387856257745,1.8859844946485285
0.13847583643122677,3.30098669563274
0.1385377942998761,-1.1798998089055783
0.1385997521685254,-3.5973632311834383
0.13866171003717473,-0.026050087868794924
0.13872366790582405,2.8845692481358935
0.13878562577447337,0.5021549166334065
0.13884758364312266,-2.4565656876265667
0.13890954151177198,-1.5552293688796621
0.1389714993804213,0.6585042617150991
0.13903345724907062,1.0770006403517156
0.13909541511771994,0.4498231010266534
0.13915737298636927,-0.4681628262849702
0.13921933085501859,-1.6146253184275403
0.1392812887236679,-0.8976011430777115
0.13934324659231723,2.028327321159132
0.13940520446096655,2.2708169632013537
0.13946716232961587,-2.183208079635699
0.1395291201982652,-4.255624141094183
0.1395910780669145,0.8192860433959352
0.13965303593556383,4.9627966814989914
0.13971499380421312,0.09693060672325349
0.13977695167286244,-6.121510325433705
0.13983890954151176,-2.269661534401755
0.13990086741016108,5.919644966187973
0.1399628252788104,4.187752136910806
0.14002478314745972,-5.1376814753683515
0.14008674101610905,-6.178599875861782
0.14014869888475837,3.1941631837867237
0.1402106567534077,7.2131899507519925
0.140272614622057,-1.1024737835554907
0.14033457249070633,-8.092907770571546
0.14039653035935565,-2.31584854221215
0.14045848822800497,6.710219208366693
0.14052044609665426,4.486904939228997
0.14058240396530358,-5.069624056248195
0.1406443618339529,-6.565150137194257
0.14070631970260222,2.1288747097385072
0.14076827757125154,7.075235919512757
0.14083023543990086,0.7163160735948805
0.14089219330855018,-6.5635714494395385
0.1409541511771995,-3.415279899648172
0.14101610904584883,4.566162017975214
0.14107806691449815,4.410225765236103
0.14114002478314747,-3.142692241998855
0.1412019826517968,-5.435440575007336
0.1412639405204461,0.8671903002978526
0.14132589838909543,4.76487657346432
0.14138785625774472,0.09001069072636325
0.14144981412639404,-4.390492902411293
0.14151177199504336,-0.9239219644130378
0.14157372986369268,3.8251893008776436
0.141635687732342,1.263441983758681
0.14169764560099132,-3.7579622596512054
0.14175960346964064,-2.1198561565038125
0.14182156133828996,3.0362640673314587
0.14188351920693928,2.260114483546158
0.1419454770755886,-3.0983933554819783
0.14200743494423793,-3.4930232147697695
0.14206939281288725,1.7877120119250733
0.14213135068153657,3.655427624377966
0.1421933085501859,-0.7944119684330229
0.14225526641883518,-3.767903598484475
0.1423172242874845,-0.5152032019383586
0.14237918215613382,3.1502518314079953
0.14244114002478314,1.3025183536512346
0.14250309789343246,-2.595465671797787
0.14256505576208178,-2.2506892905555196
0.1426270136307311,1.2133172522330065
0.14268897149938042,1.890622643458475
0.14275092936802974,-1.0263376463724692
0.14281288723667906,-2.373934806065957
0.14287484510532839,0.18159513909799063
0.1429368029739777,2.2780938965220994
0.14299876084262703,0.20809543614210924
0.14306071871127632,-2.5608107139696368
0.14312267657992564,-0.9757573926790206
0.14318463444857496,2.602703155291438
0.14324659231722428,1.7454834450251386
0.1433085501858736,-2.775791670063178
0.14337050805452292,-3.3351144392360887
0.14343246592317224,1.5681066963674555
0.14349442379182156,3.8145850078125907
0.14355638166047088,-0.7812709473354682
0.1436183395291202,-4.631547607957129
0.14368029739776952,-0.9217369432814695
0.14374225526641884,4.362065481489195
0.14380421313506817,2.3069230099213955
0.14386617100371749,-3.619446085971715
0.14392812887236678,-3.4190345928837527
0.1439900867410161,2.359695119680654
0.14405204460966542,3.7508843986954146
0.14411400247831474,-1.5114757699355272
0.14417596034696406,-4.396410263161492
0.14423791821561338,-0.1435339615305269
0.1442998760842627,3.9049457496140576
0.14436183395291202,0.9978513999660525
0.14442379182156134,-3.7733957958564965
0.14448574969021066,-2.25430030152383
0.14454770755885998,3.1273425536714115
0.1446096654275093,3.425804611342199
0.14467162329615862,-2.0177829663040745
0.14473358116480792,-4.360062924641458
0.14479553903345724,0.32180316422877775
0.14485749690210656,4.420627245866447
0.14491945477075588,1.0716752359134307
0.1449814126394052,-4.427164296414034
0.14504337050805452,-3.056535670496634
0.14510532837670384,3.0407034303444753
0.14516728624535316,3.967122668414407
0.14522924411400248,-1.553526017740441
0.1452912019826518,-4.224162319594082
0.14535315985130112,0.1198123959137809
0.14541511771995044,3.904927072890757
0.14547707558859976,1.0880847246650496
0.14553903345724908,-3.073681209668836
0.14560099132589838,-1.8653798276189968
0.1456629491945477,1.7832818242230437
0.14572490706319702,1.6193035977367836
0.14578686493184634,-1.2017106958074355
0.14584882280049566,-1.572989929755075
0.14591078066914498,0.4118729707401805
0.1459727385377943,1.0915401646538523
0.14603469640644362,0.15067783523703637
0.14609665427509294,-0.31249872561599057
0.14615861214374226,-0.23966705997452653
0.14622057001239158,-0.2782712436601945
0.1462825278810409,0.3504470904874766
0.14634448574969022,1.092522526444065
0.14640644361833952,-0.2082038947946524
0.14646840148698884,-2.2009075311464805
0.14653035935563816,-0.7930883481678785
0.14659231722428748,2.6649434538989825
0.1466542750929368,1.9111515541114312
0.14671623296158612,-2.736329382082667
0.14677819083023544,-3.1307757173278343
0.14684014869888476,2.406094805762099
0.14690210656753408,4.600197650374754
0.1469640644361834,-0.9401812646682028
0.14702602230483272,-5.049730801647502
0.14708798017348204,-0.53299084901553
0.14714993804213136,4.894481004206427
0.14721189591078068,1.8772454759938002
0.14727385377942998,-4.260807239764848
0.1473358116480793,-3.0351970533632784
0.14739776951672862,3.0638446949294247
0.14745972738537794,3.6124324462626705
0.14752168525402726,-1.6027438603697926
0.14758364312267658,-3.2702550737011125
0.1476456009913259,0.8964703788363769
0.14770755885997522,3.279191534952577
0.14776951672862454,0.2284904388050344
0.14783147459727386,-2.572592864283405
0.14789343246592318,-0.7597530897966289
0.1479553903345725,1.968634817317251
0.14801734820322182,1.1462921801198949
0.14807930607187111,-1.3432687726371682
0.14814126394052043,-1.378443878253583
0.14820322180916976,0.7572778281735435
0.14826517967781908,1.677906546776716
0.1483271375464684,0.34860093457345775
0.14838909541511772,-0.9790082755684985
0.14845105328376704,-0.47577207910141084
0.14851301115241636,0.8920771368374675
0.14857496902106568,1.0844594455000882
0.148636926889715,-0.10652371006166728
0.14869888475836432,-0.939069929491456
0.14876084262701364,-0.34091344444304794
0.14882280049566296,0.646163799922715
0.14888475836431228,0.6463368648073002
0.14894671623296157,-0.03926522192151405
0.1490086741016109,-0.25848396030550325
0.14907063197026021,0.14431222666619647
0.14913258983890954,0.48697268997330934
0.14919454770755886,0.490335354839631
0.14925650557620818,0.3216579871651985
0.1493184634448575,0.04751830869806106
0.14938042131350682,-0.1900574681589291
0.14944237918215614,-0.08772707962956
0.14950433705080546,0.26154753964942423
0.14956629491945478,0.3751853649766086
0.1496282527881041,0.11652786850927355
0.14969021065675342,-0.1758352052945581
0.1497521685254027,-0.14590903125026794
0.14981412639405203,0.3805898458879827
0.14987608426270135,1.0367020751357043
0.14993804213135067,0.7530954707826223
0.15,-0.6318490665713735
0.15006195786864931,-1.0494304356152067
0.15012391573729864,0.8622190828950516
0.15018587360594796,2.266223927226454
0.15024783147459728,-0.0413950623148267
0.1503097893432466,-2.9910416842774357
0.15037174721189592,-0.9677220536047775
0.15043370508054524,3.718310908037968
0.15049566294919456,2.9108037952995014
0.15055762081784388,-3.082058109901088
0.15061957868649317,-4.098311875709554
0.1506815365551425,2.6586744569456227
0.1507434944237918,6.152337496790263
0.15080545229244113,-0.24083679472044275
0.15086741016109045,-6.313221411533391
0.15092936802973977,-1.7188874455833654
0.1509913258983891,6.0290096451239865
0.15105328376703842,4.036601806948325
0.15111524163568774,-4.200506677212994
0.15117719950433706,-5.150337773053506
0.15123915737298638,2.1212214930452378
0.1513011152416357,5.672519680123461
0.15136307311028502,0.8844698131851683
0.15142503097893434,-3.829219248923687
0.15148698884758363,-2.030216256802775
0.15154894671623295,2.2773044086579857
0.15161090458488227,3.1329422170426584
0.1516728624535316,0.4969096212755755
0.1517348203221809,-2.1775580029061166
0.15179677819083023,-2.2175949917163806
0.15185873605947955,0.6842844041311881
0.15192069392812887,3.3210028711282127
0.1519826517967782,1.614789145987729
0.15204460966542752,-2.6843288269551424
0.15210656753407684,-2.831367492221033
0.15216852540272616,2.112579075064566
0.15223048327137548,4.394026594835854
0.15229244114002477,0.07891758936493076
0.1523543990086741,-3.8424356503497332
0.1524163568773234,-1.1440009327470926
0.15247831474597273,3.240782537438126
0.15254027261462205,2.2096369432987677
0.15260223048327137,-1.7428644211261988
0.1526641883519207,-2.12772018307898
0.15272614622057,0.5852657308748266
0.15278810408921933,1.7319758043827416
0.15285006195786865,0.8171454752543477
0.15291201982651798,0.06364972473254182
0.1529739776951673,-0.49727968386158283
0.15303593556381662,-0.9050502550467268
0.15309789343246594,0.4853949219526861
0.15315985130111523,2.4380157770628106
0.15322180916976455,0.9332607904818112
0.15328376703841387,-2.7880749669273968
0.1533457249070632,-2.2827898435923974
0.1534076827757125,2.5851489660089744
0.15346964064436183,3.727583724915388
0.15353159851301115,-1.3110083824709018
0.15359355638166047,-4.118793888441109
0.1536555142503098,0.27618808349878043
0.15371747211895911,4.546798103137537
0.15377942998760843,1.7269752181419227
0.15384138785625776,-3.144284334759336
0.15390334572490708,-2.351389143474022
0.15396530359355637,1.8731960695571277
0.1540272614622057,2.645536454658561
0.154089219330855,-0.19120387723501597
0.15415117719950433,-1.88644702882641
0.15421313506815365,-0.9943541446190819
0.15427509293680297,0.5963934636298113
0.1543370508054523,1.6836768611912485
0.1543990086741016,1.4131158271688202
0.15446096654275093,-0.7718877040353846
0.15452292441140025,-2.3133160362258978
0.15458488228004957,-0.03532398511829027
0.1546468401486989,3.2758027722666965
0.15470879801734821,1.7916600253473027
0.15477075588599754,-2.928348164133742
0.15483271375464683,-3.147244207597742
0.15489467162329615,1.8603765109548385
0.15495662949194547,3.825987659865361
0.1550185873605948,-0.4570588216602318
0.1550805452292441,-3.600440524703861
0.15514250309789343,-0.5450786814840569
0.15520446096654275,3.140726382627805
0.15526641883519207,1.6287467937719244
0.1553283767038414,-1.6424592466206152
0.1553903345724907,-1.3260986258354437
0.15545229244114003,0.7856230697918949
0.15551425030978935,0.7223448909993395
0.15557620817843867,-0.3201808075268324
0.15563816604708797,0.1056649844654443
0.1557001239157373,0.3457107772616166
0.1557620817843866,-1.0101915081197863
0.15582403965303593,-1.085014216345918
0.15588599752168525,1.4743350384258664
0.15594795539033457,2.3865436055860685
0.1560099132589839,-0.8193323824996865
0.1560718711276332,-3.0624662294082787
0.15613382899628253,0.04438672254370468
0.15619578686493185,3.6955254945350404
0.15625774473358117,1.3774348291772707
0.1563197026022305,-3.5961446195451594
0.1563816604708798,-2.9983748311356946
0.15644361833952913,2.4522512130098053
0.15650557620817843,3.902938324246422
0.15656753407682775,-1.042095961265292
0.15662949194547707,-4.2874098505802225
0.1566914498141264,-0.5352585641494143
0.1567534076827757,4.129707173479083
0.15681536555142503,2.3048605599716945
0.15687732342007435,-2.8601442140396602
0.15693928128872367,-3.183140892663412
0.157001239157373,1.352369695869997
0.1570631970260223,3.252027371140718
0.15712515489467163,-0.08247109762600868
0.15718711276332095,-2.9327484027827007
0.15724907063197027,-1.2197240449030575
0.15731102850061957,1.6354493112098396
0.15737298636926889,1.463966025294258
0.1574349442379182,-0.3515915221357703
0.15749690210656753,-0.8093345598419923
0.15755885997521685,-0.30130486054231975
0.15762081784386617,-0.11594616651388856
0.1576827757125155,0.46771320264950367
0.1577447335811648,1.2862710701632458
0.15780669144981413,0.15209875078837554
0.15786864931846345,-2.2817651370085485
0.15793060718711277,-1.7884616743773052
0.1579925650557621,1.9062889054890109
0.1580545229244114,2.9371844986339974
0.15811648079306073,-1.0712053204934942
0.15817843866171002,-3.8103709913510033
0.15824039653035935,-0.39155091713522416
0.15830235439900867,3.9002452503375986
0.158364312267658,2.109978742359335
0.1584262701363073,-2.8044706787953055
0.15848822800495663,-3.1298410170683075
0.15855018587360595,1.0494974828863906
0.15861214374225527,2.9645305826644037
0.1586741016109046,0.32902364156031794
0.1587360594795539,-2.401879893345268
0.15879801734820323,-1.8075633499568684
0.15885997521685255,0.6729567601925416
0.15892193308550187,2.105803036279693
0.15898389095415116,1.0900664602446555
0.15904584882280048,-1.4613008269492749
0.1591078066914498,-2.357248588871377
0.15916976456009913,0.3759555972643466
0.15923172242874845,3.165649947856554
0.15929368029739777,1.030222215379434
0.1593556381660471,-3.446415245955758
0.1594175960346964,-2.7775933066034737
0.15947955390334573,2.5532508566931273
0.15954151177199505,3.6059478702412795
0.15960346964064437,-1.7542154050106449
0.1596654275092937,-4.336121607218638
0.159727385377943,0.5527054247345244
0.15978934324659233,4.530627960574308
0.15985130111524162,0.7966146900381172
0.15991325898389094,-3.9575438657731596
0.15997521685254026,-1.6802074313575073
0.16003717472118958,3.0742074366605396
0.1600991325898389,2.035661216534887
0.16016109045848823,-2.3017451491817598
0.16022304832713755,-2.342591773650034
0.16028500619578687,1.0499129225605521
0.1603469640644362,1.6520506578109933
0.1604089219330855,-0.5232708762769644
0.16047087980173483,-0.8937041808772793
0.16053283767038415,0.46215851586361645
0.16059479553903347,0.30932344240451926
0.16065675340768276,-0.5674875189698017
0.16071871127633208,0.30600347937947636
0.1607806691449814,1.1423825381773909
0.16084262701363072,-0.4963264183434919
0.16090458488228004,-1.9292916552993393
0.16096654275092936,-0.07750409086352339
0.16102850061957868,2.039046518171049
0.161090458488228,0.42191856542588413
0.16115241635687733,-2.218948347175498
0.16121437422552665,-1.046995652149584
0.16127633209417597,2.08062776100601
0.1613382899628253,1.780368412226231
0.1614002478314746,-1.378339598841785
0.16146220570012393,-1.9861748013328024
0.16152416356877322,0.8257033168343407
0.16158612143742254,2.155556040564727
0.16164807930607186,-0.23392668490898672
0.16171003717472118,-2.3810608042977077
0.1617719950433705,-0.8043353217285516
0.16183395291201982,1.9532512614684494
0.16189591078066914,1.493080777273788
0.16195786864931846,-1.4567614873934982
0.16201982651796779,-2.091637523750752
0.1620817843866171,0.8819311256488254
0.16214374225526643,2.8244738645280245
0.16220570012391575,0.3381917073645142
0.16226765799256507,-2.8166367986661958
0.1623296158612144,-1.360668517107431
0.16239157372986368,2.5023282566104763
0.162453531598513,2.1563673322055923
0.16251548946716232,-2.1590422102461604
0.16257744733581164,-3.107807314769654
0.16263940520446096,1.2758001297468127
0.16270136307311028,3.625799237559381
0.1627633209417596,-0.27551037088964847
0.16282527881040892,-3.7428834713177976
0.16288723667905824,-0.4741463882017516
0.16294919454770757,4.126052471839872
0.16301115241635689,1.8601810119859408
0.1630731102850062,-3.837443057410133
0.16313506815365553,-3.2304220991364017
0.16319702602230482,3.0206968722676475
0.16325898389095414,4.4019943225390685
0.16332094175960346,-1.8499136771060276
0.16338289962825278,-5.567301645803733
0.1634448574969021,-0.20088767731965285
0.16350681536555142,5.947339361618315
0.16356877323420074,2.794665802281428
0.16363073110285006,-4.9214782821285805
0.16369268897149938,-4.776038599400989
0.1637546468401487,3.3032657966405763
0.16381660470879802,6.439363936964885
0.16387856257744735,-0.6627200903150744
0.16394052044609667,-6.877387653847167
0.164002478314746,-2.3045443608340115
0.16406443618339528,5.731486354250422
0.1641263940520446,4.445113363765147
0.16418835192069392,-3.822394836953488
0.16425030978934324,-5.691711942350099
0.16431226765799256,1.5071411194096245
0.16437422552664188,6.009100072437599
0.1644361833952912,1.1034391796320113
0.16449814126394052,-4.776004535076213
0.16456009913258984,-2.656346160115068
0.16462205700123916,3.1272947542325804
0.16468401486988848,3.3768539426184154
0.1647459727385378,-1.397576609257962
0.16480793060718713,-3.4680581931555765
0.16486988847583642,-0.48544714038361714
0.16493184634448574,2.4572264132439514
0.16499380421313506,1.5938217079750374
0.16505576208178438,-1.0370704396941715
0.1651177199504337,-1.819492608998488
0.16517967781908302,-0.14679688123881443
0.16524163568773234,1.713487109094264
0.16530359355638166,1.424572715892236
0.16536555142503098,-0.7895239369555237
0.1654275092936803,-2.072516280024101
0.16548946716232962,-0.5419218273004589
0.16555142503097894,1.667910116082116
0.16561338289962826,1.2520338845133994
0.16567534076827758,-1.1281775246831287
0.16573729863692688,-1.8101357326923546
0.1657992565055762,0.1050029427573469
0.16586121437422552,1.6516464124106809
0.16592317224287484,0.9000728140012999
0.16598513011152416,-0.6307971855823833
0.16604708798017348,-1.0502237187863535
0.1661090458488228,-0.432889880515674
0.16617100371747212,0.44609216672512986
0.16623296158612144,0.9858728870010811
0.16629491945477076,0.30831054251353457
0.16635687732342008,-1.4270858797510808
0.1664188351920694,-1.8312799171159444
0.16648079306071872,0.499176079182375
0.16654275092936802,2.568950676319026
0.16660470879801734,0.7983217304555931
0.16666666666666666,-2.5960346368517806
0.16672862453531598,-2.1444998858763076
0.1667905824039653,1.9107619666983593
0.16685254027261462,3.1788341593119767
0.16691449814126394,-0.7282027066730095
0.16697645600991326,-3.8329196204858325
0.16703841387856258,-1.182335788443217
0.1671003717472119,2.996752470348414
0.16716232961586122,2.0484830170965953
0.16722428748451054,-2.3296669788621003
0.16728624535315986,-3.0051749479363075
0.16734820322180918,0.9342904215570975
0.16741016109045848,3.04054877059672
0.1674721189591078,0.2529336564048248
0.16753407682775712,-2.580983858935144
0.16759603469640644,-1.1917032080810825
0.16765799256505576,1.5388395906202712
0.16771995043370508,1.197529716769247
0.1677819083023544,-1.0761091349918326
0.16784386617100372,-1.5520414116322696
0.16790582403965304,-0.1849895083431099
0.16796778190830236,0.5268417017966849
0.16802973977695168,0.19111461997518842
0.168091697645601,-0.010609303068103149
0.16815365551425032,-0.22366990092535066
0.16821561338289961,-0.7814934732791914
0.16827757125154894,-0.46534996188471767
0.16833952912019826,0.945592275302229
0.16840148698884758,1.0427421384515665
0.1684634448574969,-1.1141273980624113
0.16852540272614622,-2.321459854332312
0.16858736059479554,-0.2522755405003303
0.16864931846344486,2.024398537026554
0.16871127633209418,0.753383913396433
0.1687732342007435,-2.1333097655470064
0.16883519206939282,-2.067408443073062
0.16889714993804214,0.8247291215470841
0.16895910780669146,2.229779275989298
0.16902106567534078,0.37571087109975243
0.16908302354399007,-1.9639779737313248
0.1691449814126394,-1.8901810142322082
0.16920693928128872,0.2473702589515473
0.16926889714993804,1.8364324582882858
0.16933085501858736,0.788540696652003
0.16939281288723668,-2.039550450178763
0.169454770755886,-2.956915571502191
0.16951672862453532,0.03894590575587653
0.16957868649318464,3.236991547215424
0.16964064436183396,1.5372693679223035
0.16970260223048328,-3.192010133266151
0.1697645600991326,-3.649312784712447
0.16982651796778192,1.5258159129709963
0.1698884758364312,4.505522794877952
0.16995043370508053,0.15933119114617633
0.17001239157372985,-5.194819172081558
0.17007434944237917,-3.155413943787515
0.1701363073110285,3.375545542787176
0.17019826517967782,4.31276815400325
0.17026022304832714,-1.9442009215342382
0.17032218091697646,-5.79598506973962
0.17038413878562578,-1.1345427025649433
0.1704460966542751,5.130950718354596
0.17050805452292442,3.4359566435283195
0.17057001239157374,-3.8163430004958045
0.17063197026022306,-5.665711324892222
0.17069392812887238,0.8030146379602568
0.17075588599752167,5.783036725553851
0.170817843866171,1.5123770467953366
0.1708798017348203,-5.71747752801343
0.17094175960346963,-4.9189491673931
0.17100371747211895,2.834608749166753
0.17106567534076828,5.9306088937938215
0.1711276332094176,-0.214013992411773
0.17118959107806692,-6.325114625632409
0.17125154894671624,-3.2898761315697382
0.17131350681536556,4.384533713505982
0.17137546468401488,5.4227205239179845
0.1714374225526642,-1.7534237682742684
0.17149938042131352,-6.845257792687099
0.1715613382899628,-2.457556825695884
0.17162329615861213,5.209767732218299
0.17168525402726145,4.921618655275421
0.17174721189591077,-3.291595165351964
0.1718091697645601,-7.398901770706739
0.17187112763320941,-0.7550536454268788
0.17193308550185873,7.116816079945536
0.17199504337050806,4.070541172984472
0.17205700123915738,-5.61539138532505
0.1721189591078067,-6.939885124300561
0.17218091697645602,2.342941785868691
0.17224287484510534,7.605731639484642
0.17230483271375466,0.49828904560393883
0.17236679058240398,-7.591269492876085
0.17242874845105327,-4.003376596749279
0.1724907063197026,5.002916578265931
0.1725526641883519,5.155369798863875
0.17261462205700123,-2.818899901185493
0.17267657992565055,-5.756791213374702
0.17273853779429987,0.12684256616408707
0.1728004956629492,4.708149075853567
0.17286245353159851,1.5130116176496324
0.17292441140024783,-3.256495023020887
0.17298636926889716,-2.5318972947750935
0.17304832713754648,1.1442525774279912
0.1731102850061958,1.8507605942214984
0.17317224287484512,-0.3620557349893141
0.17323420074349444,-1.5665006161554418
0.17329615861214373,-0.7138128689374081
0.17335811648079305,0.2704515254099973
0.17342007434944237,0.4222847476836138
0.1734820322180917,0.29043392703908866
0.173543990086741,0.0691459840888371
0.17360594795539033,-0.40987928651223093
0.17366790582403965,-0.6597984924117131
0.17372986369268897,-0.10753277144697737
0.1737918215613383,0.7062481172817437
0.17385377942998761,0.5431164978599494
0.17391573729863694,-0.7841848755703115
0.17397769516728626,-1.6489901758317067
0.17403965303593558,-0.43787764363753856
0.17410161090458487,1.7116635220114111
0.1741635687732342,1.6009180393674218
0.1742255266418835,-1.2736100761487583
0.17428748451053283,-2.7488340279346275
0.17434944237918215,0.21051410261941522
0.17441140024783147,3.682106269271356
0.1744733581164808,1.734962237993667
0.1745353159851301,-3.5675938410117207
0.17459727385377943,-3.8954738321911497
0.17465923172242875,2.1360974556386547
0.17472118959107807,5.296537235613985
0.1747831474597274,-0.11466200431963253
0.17484510532837672,-6.0264306944045165
0.17490706319702604,-2.5699711135995793
0.17496902106567533,5.470741128048331
0.17503097893432465,5.320058575897705
0.17509293680297397,-3.1557025670927175
0.1751548946716233,-6.534377971775525
0.1752168525402726,0.6619213207436644
0.17527881040892193,6.8874119354683945
0.17534076827757125,2.2379806136923097
0.17540272614622057,-5.638007552973095
0.1754646840148699,-4.349192542885113
0.1755266418835192,3.386120642144546
0.17558859975216853,5.194808686626871
0.17565055762081785,-0.7757306762875424
0.17571251548946717,-4.388393190164511
0.17577447335811647,-0.766786870881532
0.1758364312267658,3.403220327995176
0.1758983890954151,2.241412053097896
0.17596034696406443,-1.1251613995131458
0.17602230483271375,-1.7410084926428882
0.17608426270136307,-0.09400514840352647
0.1761462205700124,1.0495033372427724
0.1762081784386617,1.0615081429174062
0.17627013630731103,0.26599855715444454
0.17633209417596035,-0.9924247657921542
0.17639405204460967,-1.0619067566470402
0.176456009913259,0.9628839955645218
0.1765179677819083,2.308897753524213
0.17657992565055763,0.36967446355071265
0.17664188351920693,-1.9544508703970882
0.17670384138785625,-0.479261739003211
0.17676579925650557,2.516068365071881
0.1768277571251549,1.6596162055619654
0.1768897149938042,-1.8749660520043994
0.17695167286245353,-1.9876836355341991
0.17701363073110285,1.622321325756832
0.17707558859975217,2.751892380843981
0.1771375464684015,-0.4924953415026263
0.1771995043370508,-2.464444478566649
0.17726146220570013,0.2004918501694506
0.17732342007434945,3.0287258892559885
0.17738537794299877,1.505893705679264
0.17744733581164807,-1.655286174581657
0.1775092936802974,-1.4630844949094557
0.1775712515489467,1.3838245705401657
0.17763320941759603,2.2345180784964316
0.17769516728624535,-0.01637478533872061
0.17775712515489467,-1.6836150328922543
0.177819083023544,-0.3319131351085469
0.1778810408921933,1.6830173153614245
0.17794299876084263,1.2477936108762724
0.17800495662949195,-0.5609603626859225
0.17806691449814127,-0.5010922047176947
0.1781288723667906,1.2128688328662143
0.1781908302354399,1.3300350793956603
0.17825278810408923,-0.44448601843101976
0.17831474597273853,-0.7064567325344009
0.17837670384138785,1.2188226734170016
0.17843866171003717,1.5710960017740823
0.1785006195786865,-0.7934921654226603
0.1785625774473358,-1.6322702047728894
0.17862453531598513,0.9820293298669958
0.17868649318463445,2.562438465803069
0.17874845105328377,0.23482785402455164
0.1788104089219331,-1.7597301260768852
0.1788723667905824,0.1357862692738636
0.17893432465923173,2.2630135844704418
0.17899628252788105,0.9135024053457323
0.17905824039653037,-0.872928633077485
0.17912019826517966,0.0997939742331182
0.17918215613382898,0.9812034670975134
0.1792441140024783,-0.42691840848991136
0.17930607187112763,-0.5871696304240268
0.17936802973977695,1.8244269370794937
0.17942998760842627,1.7573809782606644
0.1794919454770756,-1.8889757095468167
0.1795539033457249,-2.0970713161742025
0.17961586121437423,2.930611134253329
0.17967781908302355,4.227749656364935
0.17973977695167287,-1.6867517380541894
0.1798017348203222,-4.507865292294278
0.1798636926889715,1.5528058572995644
0.17992565055762083,5.760935449841162
0.17998760842627012,-0.09544060379532393
0.18004956629491944,-5.684014391878637
0.18011152416356876,-0.5402887348413092
0.18017348203221809,6.138102754491043
0.1802354399008674,2.060019006819011
0.18029739776951673,-5.241923735275179
0.18035935563816605,-2.2104088025596482
0.18042131350681537,5.584590796555669
0.1804832713754647,3.842443705956096
0.180545229244114,-4.097087084607223
0.18060718711276333,-3.8538324657633916
0.18066914498141265,3.5729441378402527
0.18073110285006197,4.537083244501634
0.18079306071871126,-2.0671499383958665
0.18085501858736058,-4.060099683471661
0.1809169764560099,1.2669641324425396
0.18097893432465922,3.8036713151688826
0.18104089219330854,0.05498268836297493
0.18110285006195787,-2.1940919706570634
0.18116480793060719,0.3358554725583258
0.1812267657992565,1.8762891700984559
0.18128872366790583,0.11927237465842133
0.18135068153655515,-0.5486849556205176
0.18141263940520447,0.8146986045682378
0.1814745972738538,0.4480323346210522
0.1815365551425031,-1.201248524146278
0.18159851301115243,-0.2547735780143182
0.18166047087980172,1.8473585375136166
0.18172242874845104,0.7017549610200033
0.18178438661710036,-1.7686692640721313
0.18184634448574968,-0.5369400702659559
0.181908302354399,2.4042772416423155
0.18197026022304832,1.4113029753370978
0.18203221809169765,-1.8595836319537145
0.18209417596034697,-1.3160902316153522
0.1821561338289963,2.02868283806644
0.1822180916976456,1.8786082865962122
0.18228004956629493,-1.618683065935905
0.18234200743494425,-2.2284198878824455
0.18240396530359357,1.031833693534807
0.1824659231722429,2.4918999648524807
0.18252788104089218,-0.02485857998023122
0.1825898389095415,-2.065762855284781
0.18265179677819082,-0.5553235235327125
0.18271375464684014,1.8325472748427207
0.18277571251548946,1.7007406086515287
0.18283767038413878,-0.4542737344885943
0.1828996282527881,-1.823480694630447
0.18296158612143743,-0.7736108877433991
0.18302354399008675,1.483191179169738
0.18308550185873607,1.8297345521954902
0.1831474597273854,-0.7880462822890011
0.1832094175960347,-2.7332537825510363
0.18327137546468403,-0.4463561668439062
0.18333333333333332,3.0229188786429457
0.18339529120198264,1.882368779729687
0.18345724907063196,-2.4255668914811213
0.18351920693928128,-2.6873669465543935
0.1835811648079306,1.812152295291389
0.18364312267657992,3.416124246453383
0.18370508054522924,-0.8475657375257993
0.18376703841387856,-3.8025558328314597
0.18382899628252788,-0.45444917582722544
0.1838909541511772,3.3150050227048853
0.18395291201982653,1.0782174707559569
0.18401486988847585,-3.04359416450722
0.18407682775712517,-1.8712498557010577
0.1841387856257745,2.3849094790938405
0.18420074349442378,2.394860827828
0.1842627013630731,-1.5417304554179259
0.18432465923172242,-2.5346617729923198
0.18438661710037174,0.7923857091795191
0.18444857496902106,2.4060259393564665
0.18451053283767038,-0.40718186517399124
0.1845724907063197,-2.671953681848464
0.18463444857496902,-0.5915642014053536
0.18469640644361834,2.0910615897936484
0.18475836431226766,0.7652969198020008
0.18482032218091698,-2.1540023601937897
0.1848822800495663,-1.4606323379001211
0.18494423791821563,1.837576979717636
0.18500619578686492,2.069920354370506
0.18506815365551424,-1.4168950754004621
0.18513011152416356,-2.804495775914562
0.18519206939281288,0.47503775384616764
0.1852540272614622,2.9921470164735124
0.18531598513011152,0.15995107880103654
0.18537794299876084,-3.672914488603655
0.18543990086741016,-1.9938828983621848
0.18550185873605948,2.8284058960186096
0.1855638166047088,2.9400531746264753
0.18562577447335812,-2.057649052143822
0.18568773234200744,-4.064049910078097
0.18574969021065676,0.39946535943119155
0.18581164807930609,4.298114983705304
0.18587360594795538,1.2981464078656944
0.1859355638166047,-3.999475557700393
0.18599752168525402,-3.3199180395387424
0.18605947955390334,2.210484530124208
0.18612143742255266,3.8938404960758293
0.18618339529120198,-0.9048006732758168
0.1862453531598513,-4.703113656760667
0.18630731102850062,-1.5483443269654071
0.18636926889714994,3.7573175958868377
0.18643122676579926,3.059331771999556
0.18649318463444858,-2.511748198275909
0.1865551425030979,-4.238061930665499
0.18661710037174722,0.5762299059851113
0.18667905824039652,4.285320169290548
0.18674101610904584,0.9486240399904529
0.18680297397769516,-4.169114559360926
0.18686493184634448,-2.9914101365470893
0.1869268897149938,2.424966272588545
0.18698884758364312,3.366172272440698
0.18705080545229244,-1.3914794297807906
0.18711276332094176,-3.93015047262178
0.18717472118959108,-0.32272364122230235
0.1872366790582404,3.3572030695317268
0.18729863692688972,1.4158387488157336
0.18736059479553904,-2.543425256877871
0.18742255266418836,-2.25015807948468
0.18748451053283768,1.1862238823539388
0.18754646840148698,2.019752468086317
0.1876084262701363,-0.6258817406790873
0.18767038413878562,-2.2292976014341424
0.18773234200743494,-0.6362769973590789
0.18779429987608426,1.2001660019504303
0.18785625774473358,0.6572949391605157
0.1879182156133829,-0.7958254373658875
0.18798017348203222,-0.7600571982924101
0.18804213135068154,0.3028083796779675
0.18810408921933086,0.5000140426131878
0.18816604708798018,-0.1999614239159584
0.1882280049566295,-0.38031889414296804
0.18828996282527882,0.06028499428047551
0.18835192069392812,-0.1018052824506066
0.18841387856257744,-0.8130616666946866
0.18847583643122676,-0.5500692423618192
0.18853779429987608,0.6965077405599641
0.1885997521685254,0.7807181242315369
0.18866171003717472,-0.8796259973946102
0.18872366790582404,-1.5562674627496342
0.18878562577447336,0.46117440354169403
0.18884758364312268,2.258444735184545
0.188909541511772,0.5171333679672965
0.18897149938042132,-2.521504023870965
0.18903345724907064,-1.9140530433810166
0.18909541511771996,1.8298597883478316
0.18915737298636928,2.797434780214667
0.18921933085501857,-1.0237550966814315
0.1892812887236679,-3.88261767431548
0.18934324659231722,-0.9228798287002768
0.18940520446096654,3.7248628806639243
0.18946716232961586,2.775648596612289
0.18952912019826518,-2.66319779709368
0.1895910780669145,-4.115537951465416
0.18965303593556382,1.1049283734580786
0.18971499380421314,4.95467696342713
0.18977695167286246,0.9599748626341256
0.18983890954151178,-4.898097730854989
0.1899008674101611,-3.1332368978019147
0.18996282527881042,3.6229727264392593
0.1900247831474597,4.318490685483395
0.19008674101610903,-2.2548448434166337
0.19014869888475835,-5.0641074265444805
0.19021065675340768,0.6505823660914432
0.190272614622057,5.185857130050241
0.19033457249070632,1.0390684199047375
0.19039653035935564,-4.317580661708018
0.19045848822800496,-1.8307576808414119
0.19052044609665428,3.519960616744955
0.1905824039653036,2.3144664394384957
0.19064436183395292,-2.6582833094428056
0.19070631970260224,-2.482967687212232
0.19076827757125156,1.6763845847273346
0.19083023543990088,2.0076616610193936
0.19089219330855017,-1.1619652996287186
0.1909541511771995,-1.3225371085589794
0.19101610904584881,1.2164739907578017
0.19107806691449813,1.0134662752654906
0.19114002478314746,-1.069454695134202
0.19120198265179678,-0.23513438810296727
0.1912639405204461,1.7520044523286802
0.19132589838909542,0.15888376145465577
0.19138785625774474,-2.318216842979251
0.19144981412639406,-0.40613490320449575
0.19151177199504338,2.6541654480528214
0.1915737298636927,0.7658054885735317
0.19163568773234202,-2.797783894004697
0.1916976456009913,-1.1548616668833795
0.19175960346964063,2.850588263021553
0.19182156133828995,1.8532616017003416
0.19188351920693927,-2.041899808770284
0.1919454770755886,-1.5386303630456464
0.19200743494423791,1.8913451519730318
0.19206939281288724,1.4611195617730164
0.19213135068153656,-1.5886930895863116
0.19219330855018588,-1.084986142481629
0.1922552664188352,1.571943417514508
0.19231722428748452,0.6949014463911524
0.19237918215613384,-1.8555502457245674
0.19244114002478316,-0.5186405052883148
0.19250309789343248,2.381274555902672
0.19256505576208177,1.039917571783965
0.1926270136307311,-2.101139506570747
0.1926889714993804,-0.9636084220428716
0.19275092936802973,2.2354349789294714
0.19281288723667905,1.3727173336943341
0.19287484510532837,-1.7381540566316378
0.1929368029739777,-1.2955245667373416
0.19299876084262702,1.243011271085875
0.19306071871127634,0.8134729175911637
0.19312267657992566,-1.0721867748588012
0.19318463444857498,-0.20521179399629708
0.1932465923172243,1.3358131754849427
0.19330855018587362,-0.04700104277630679
0.19337050805452294,-1.3799660327457133
0.19343246592317223,0.7199830707747736
0.19349442379182155,2.2267897907939536
0.19355638166047087,-0.5550640597492962
0.1936183395291202,-2.6833539793813794
0.1936802973977695,0.32259561311889917
0.19374225526641883,3.0126585620494453
0.19380421313506815,-0.08825965884127585
0.19386617100371747,-3.4370219710434853
0.1939281288723668,-0.47255948839778705
0.19399008674101612,3.627120461295798
0.19405204460966544,1.2602437466876582
0.19411400247831476,-3.2736203750846506
0.19417596034696408,-1.6349274560490223
0.19423791821561337,3.1290448711289436
0.1942998760842627,2.3718616837213444
0.194361833952912,-2.3727397950679023
0.19442379182156133,-2.751854774425899
0.19448574969021065,1.2564840392529466
0.19454770755885997,2.3598878653186075
0.1946096654275093,-0.5770663901783628
0.1946716232961586,-1.8734122337983292
0.19473358116480793,-0.06529212287136127
0.19479553903345725,0.9114388208634637
0.19485749690210658,0.17148462905004053
0.1949194547707559,0.26089002938161765
0.19498141263940522,0.6557453269443176
0.19504337050805454,-0.759473500740831
0.19510532837670383,-1.7842826452400509
0.19516728624535315,0.4703444850638409
0.19522924411400247,2.622236217452907
0.1952912019826518,0.07676376440307366
0.1953531598513011,-3.6408010430650157
0.19541511771995043,-1.8085112984909097
0.19547707558859975,3.2968070916268624
0.19553903345724907,3.2003136280759286
0.1956009913258984,-2.350818367638235
0.19566294919454771,-4.299028571230123
0.19572490706319703,0.7675188881651747
0.19578686493184635,4.705572099355253
0.19584882280049568,1.0378292354315743
0.19591078066914497,-4.512763566458039
0.1959727385377943,-3.223288917855397
0.1960346964064436,2.803938265554364
0.19609665427509293,4.073021946196599
0.19615861214374225,-1.4172780756999788
0.19622057001239157,-5.072873292331826
0.1962825278810409,-1.0215992173174357
0.1963444857496902,4.632617329812633
0.19640644361833953,3.016704076893778
0.19646840148698885,-3.578660662748086
0.19653035935563817,-4.8058415762100175
0.1965923172242875,1.5079453339208406
0.19665427509293681,5.364912791221587
0.19671623296158613,0.2772191573362902
0.19677819083023543,-5.8513197998528454
0.19684014869888475,-3.0819303327006264
0.19690210656753407,4.206541883358268
0.1969640644361834,4.195113856597093
0.1970260223048327,-2.925232105135316
0.19708798017348203,-5.314650281733673
0.19714993804213135,0.7411850869711963
0.19721189591078067,4.960990539866814
0.19727385377943,0.6907925111810808
0.1973358116480793,-4.3917312334184775
0.19739776951672863,-2.112419433074348
0.19745972738537795,2.6968031843917526
0.19752168525402727,1.7503197048249222
0.19758364312267657,-2.407895370237317
0.1976456009913259,-2.2295513075036295
0.1977075588599752,1.171837827243373
0.19776951672862453,1.239386569175948
0.19783147459727385,-1.532302936944091
0.19789343246592317,-1.3445700043103017
0.1979553903345725,1.4038045382974726
0.1980173482032218,1.1172788489224708
0.19807930607187113,-1.9233829869942995
0.19814126394052045,-1.9269357926591302
0.19820322180916977,1.287587992325208
0.1982651796778191,1.6861121624391997
0.1983271375464684,-1.715080804970475
0.19838909541511773,-2.8242506073304092
0.19845105328376703,0.4123491789715916
0.19851301115241635,2.2671170066929562
0.19857496902106567,-0.3737964346423839
0.198636926889715,-2.5862890067237956
0.1986988847583643,-0.4985133410813074
0.19876084262701363,1.96682583375026
0.19882280049566295,0.4922149061327853
0.19888475836431227,-2.080634833175467
0.1989467162329616,-1.3031471068265355
0.1990086741016109,1.038124107814184
0.19907063197026023,0.667868193818634
0.19913258983890955,-1.5074983989281887
0.19919454770755887,-1.5287246323225365
0.19925650557620816,0.45209744029066357
0.19931846344485749,0.9182230258394188
0.1993804213135068,-0.6083553838943654
0.19944237918215613,-1.2033719963398766
0.19950433705080545,0.005250201671568644
0.19956629491945477,0.6896789936791613
0.1996282527881041,-0.24157019707528332
0.1996902106567534,-1.0233446976321194
0.19975216852540273,-0.47900882578345105
0.19981412639405205,0.14844039598610237
0.19987608426270137,-0.25656999348581255
0.1999380421313507,-0.8309078186871858
0.2,-0.5107834117008923
0.20006195786864933,0.17666781436746162
0.20012391573729862,0.17740064694714808
0.20018587360594794,-0.4107982750109771
0.20024783147459727,-0.6369550780719572
0.20030978934324659,-0.1138128620668637
0.2003717472118959,0.4451180104065065
0.20043370508054523,0.1027427402617418
0.20049566294919455,-0.9261951460723271
0.20055762081784387,-1.1970255409038448
0.2006195786864932,-0.04796147663819661
0.2006815365551425,0.913773504467871
0.20074349442379183,-0.04355375921892757
0.20080545229244115,-1.6192366587319589
0.20086741016109047,-1.0393934247389953
0.20092936802973976,1.1891883034911048
0.20099132589838908,1.4977648425918062
0.2010532837670384,-0.8597161410695675
0.20111524163568772,-2.0984165066861364
0.20117719950433705,-0.0942805842786405
0.20123915737298637,1.8111764287793453
0.2013011152416357,0.3626074318760848
0.201363073110285,-2.0402913357541244
0.20142503097893433,-1.468658647433839
0.20148698884758365,0.9440074978473917
0.20154894671623297,1.2784602098868603
0.2016109045848823,-0.5433060122595192
0.2016728624535316,-1.2827345493445017
0.20173482032218093,-0.10238427121430638
0.20179677819083022,0.808674392160915
0.20185873605947954,0.4299363882336693
0.20192069392812886,-0.21296892543304607
0.20198265179677818,-0.5630322952973268
0.2020446096654275,-0.6913439932647037
0.20210656753407683,-0.12786991969024086
0.20216852540272615,0.7900890066107982
0.20223048327137547,0.3578514522253953
0.2022924411400248,-1.2547642530749954
0.2023543990086741,-1.1634689959816709
0.20241635687732343,1.1473843947282811
0.20247831474597275,1.873420728301601
0.20254027261462207,-0.618572492409916
0.20260223048327136,-2.1123747229034247
0.20266418835192068,0.2728534529307598
0.20272614622057,2.41613993373321
0.20278810408921932,0.27689571066800245
0.20285006195786864,-2.5358711517670054
0.20291201982651796,-1.0113790841847363
0.20297397769516728,2.1580769119040766
0.2030359355638166,1.3980780546654192
0.20309789343246593,-1.7247427862425424
0.20315985130111525,-1.55878467563329
0.20322180916976457,1.4475070929720872
0.2032837670384139,2.0071327555592937
0.2033457249070632,-0.4281127770762021
0.20340768277571253,-1.4105897182010037
0.20346964064436182,0.21866951942888502
0.20353159851301114,1.1525451252858017
0.20359355638166046,0.18801355560875965
0.20365551425030978,-0.48578441213437173
0.2037174721189591,-0.1220354321560102
0.20377942998760842,-0.012954428935323836
0.20384138785625774,-0.023980258106351293
0.20390334572490706,0.703746541154354
0.20396530359355639,0.9787081464827635
0.2040272614622057,-0.21351522885709917
0.20408921933085503,-0.8516455261806343
0.20415117719950435,0.59868843002663
0.20421313506815367,1.6700487084917275
0.204275092936803,0.18806363299545992
0.20433705080545228,-1.3408655666952594
0.2043990086741016,-0.21114466113464236
0.20446096654275092,1.3739113894460968
0.20452292441140024,0.5483260417527895
0.20458488228004956,-0.7978587066458744
0.20464684014869888,0.04590079827947735
0.2047087980173482,1.2743816431348458
0.20477075588599752,0.41523087768448375
0.20483271375464684,-0.5814175722213797
0.20489467162329617,0.5714490080378865
0.20495662949194549,1.5568506111977445
0.2050185873605948,0.027152290342713215
0.20508054522924413,-1.2971218402211502
0.20514250309789342,0.2881169539027375
0.20520446096654274,1.8761747593539528
0.20526641883519206,0.3275285511718341
0.20532837670384138,-1.4658815461644636
0.2053903345724907,0.04201150109343854
0.20545229244114002,2.11924795805576
0.20551425030978934,0.889812801461962
0.20557620817843866,-1.1755496920313364
0.20563816604708798,-0.01725425578442341
0.2057001239157373,2.086948962896935
0.20576208178438662,0.8867004727803078
0.20582403965303595,-1.4913166925294965
0.20588599752168527,-0.4772182846947316
0.20594795539033459,2.08801110030328
0.20600991325898388,1.2803445938120483
0.2060718711276332,-1.5124474574437952
0.20613382899628252,-1.0259429588784643
0.20619578686493184,2.040728381646055
0.20625774473358116,2.2316408636700897
0.20631970260223048,-0.6787878186045326
0.2063816604708798,-1.411662996900042
0.20644361833952912,1.170323615144935
0.20650557620817844,2.29654170868017
0.20656753407682776,0.08389113843576279
0.20662949194547708,-1.434058356779156
0.2066914498141264,0.14557848796101935
0.20675340768277573,1.696726803585329
0.20681536555142502,0.643151820285019
0.20687732342007434,-0.7519409531408041
0.20693928128872366,-0.003584172483898196
0.20700123915737298,1.3354807879092567
0.2070631970260223,0.9982309424015072
0.20712515489467162,-0.06864326055584402
0.20718711276332094,0.03699095289543575
0.20724907063197026,0.7899290002622157
0.20731102850061958,0.7117357704998348
0.2073729863692689,0.09702245006673738
0.20743494423791822,0.028818815221760552
0.20749690210656754,0.32789716788193257
0.20755885997521686,0.32861886386608186
0.20762081784386618,0.29425597721129293
0.20768277571251548,0.5527816367153588
0.2077447335811648,0.5704380254809125
0.20780669144981412,0.17188425130521967
0.20786864931846344,0.23433221576650176
0.20793060718711276,0.9276549909934224
0.20799256505576208,0.9297046675899896
0.2080545229244114,-0.16758656241099912
0.20811648079306072,-0.5759673718783418
0.20817843866171004,0.6658101539852359
0.20824039653035936,1.4533529778091587
0.20830235439900868,0.03590645022154937
0.208364312267658,-1.3612702278748674
0.20842627013630732,0.0607173080435679
0.20848822800495662,2.324424056981402
0.20855018587360594,1.4186897844328599
0.20861214374225526,-1.5031861514662412
0.20867410161090458,-1.3793375952344633
0.2087360594795539,1.988003077608987
0.20879801734820322,2.893477266910547
0.20885997521685254,-0.6279996803312774
0.20892193308550186,-2.896174102199901
0.20898389095415118,-0.020394766588689883
0.2090458488228005,3.23447443698613
0.20910780669144982,1.4235308886144125
0.20916976456009914,-2.31013243685361
0.20923172242874846,-1.7151798570292116
0.20929368029739778,2.0137220437168084
0.20935563816604708,2.7191969343223668
0.2094175960346964,-0.2660130680379802
0.20947955390334572,-1.7935323077959218
0.20954151177199504,0.04826121633696934
0.20960346964064436,1.6558164934852027
0.20966542750929368,0.7504195142401549
0.209727385377943,-0.6161094202758481
0.20978934324659232,-0.5588972444884113
0.20985130111524164,0.09066428944116844
0.20991325898389096,0.4078400920449057
0.20997521685254028,0.6253882117242522
0.2100371747211896,0.5249855661876892
0.21009913258983892,-0.21253448097867755
0.21016109045848821,-0.4802467161711803
0.21022304832713753,0.5471715430606053
0.21028500619578686,1.2796475398259255
0.21034696406443618,0.18836942783178143
0.2104089219330855,-1.1418509137782293
0.21047087980173482,-0.5277653049204103
0.21053283767038414,0.9541644584937887
0.21059479553903346,0.8551274529092139
0.21065675340768278,-0.49883389178577797
0.2107187112763321,-0.896070123339975
0.21078066914498142,0.0743156049789821
0.21084262701363074,0.9552185934026565
0.21090458488228006,0.8627766781237909
0.21096654275092938,0.011560111400909623
0.21102850061957867,-0.8922625320321051
0.211090458488228,-0.7066364853775635
0.21115241635687731,0.82813232920198
0.21121437422552664,1.5799043837787254
0.21127633209417596,-0.2979494379909404
0.21133828996282528,-2.4108684122416038
0.2114002478314746,-1.0079701971369763
0.21146220570012392,2.303444947659731
0.21152416356877324,2.170377331005402
0.21158612143742256,-1.564233535921615
0.21164807930607188,-2.889302144043711
0.2117100371747212,0.5467218258242992
0.21177199504337052,3.252563714315313
0.2118339529120198,0.8569310348344068
0.21189591078066913,-2.799553380693828
0.21195786864931845,-2.1218971604889525
0.21201982651796777,1.4253983199678524
0.2120817843866171,2.252565302090487
0.21214374225526642,-0.5344577072665816
0.21220570012391574,-2.4563297027930404
0.21226765799256506,-0.8172641557145945
0.21232961586121438,1.7439470595237214
0.2123915737298637,1.5511994312531154
0.21245353159851302,-0.9186858819123678
0.21251548946716234,-1.9355078940277646
0.21257744733581166,0.01976013754156325
0.21263940520446098,1.8608752511245723
0.21270136307311027,0.4651146842454743
0.2127633209417596,-2.165578134438126
0.2128252788104089,-1.7070064704130372
0.21288723667905823,1.308438784529224
0.21294919454770755,1.90426139048598
0.21301115241635687,-1.0851240179360768
0.2130731102850062,-2.6875333261116694
0.21313506815365552,-0.012949564480887243
0.21319702602230484,2.6874173215225294
0.21325898389095416,0.9889266948677112
0.21332094175960348,-2.399564165947981
0.2133828996282528,-2.1859544859949924
0.21344485749690212,1.0365588161172374
0.2135068153655514,2.172234159112931
0.21356877323420073,-0.3022537753406557
0.21363073110285005,-2.565196392193114
0.21369268897149937,-1.5171704204670724
0.2137546468401487,1.1552374678581199
0.213816604708798,1.8433562137803472
0.21387856257744733,-0.17483762502228406
0.21394052044609665,-2.0570719236785378
0.21400247831474598,-1.2036008683459432
0.2140644361833953,1.2013646657425028
0.21412639405204462,1.674892858470436
0.21418835192069394,-0.568934670592907
0.21425030978934326,-2.2914921938529416
0.21431226765799258,-1.0351991502615747
0.21437422552664187,1.166957679271584
0.2144361833952912,1.0484572629218907
0.2144981412639405,-0.952300570210732
0.21456009913258983,-1.7294285706604988
0.21462205700123915,-0.2623159356883038
0.21468401486988847,1.2722670600024046
0.2147459727385378,0.8045980557741828
0.21480793060718711,-0.9859977149876128
0.21486988847583643,-1.6232535930337189
0.21493184634448576,-0.0529234784178354
0.21499380421313508,1.5044892351109307
0.2150557620817844,0.2912815116887717
0.21511771995043372,-2.287519651922659
0.21517967781908304,-1.889399091168292
0.21524163568773233,1.5144756166984614
0.21530359355638165,2.374314723602801
0.21536555142503097,-1.3179973971165588
0.2154275092936803,-3.478021740440184
0.2154894671623296,0.15770454676083512
0.21555142503097893,3.7817122834719754
0.21561338289962825,0.8709817213891109
0.21567534076827757,-3.9951909609925473
0.2157372986369269,-2.5019686490826896
0.21579925650557621,2.821342858555729
0.21586121437422554,2.8198224471679465
0.21592317224287486,-2.3498279938773976
0.21598513011152418,-3.760049656960633
0.21604708798017347,0.6549864759884723
0.2161090458488228,3.1901534873464428
0.2161710037174721,0.16012227057394546
0.21623296158612143,-2.661449441969292
0.21629491945477075,-0.9328784764821438
0.21635687732342007,1.6448619278835825
0.2164188351920694,0.971494080004664
0.2164807930607187,-1.0526446471589967
0.21654275092936803,-1.2270688059606558
0.21660470879801735,-0.15009783685209843
0.21666666666666667,0.2910013654753978
0.216728624535316,0.08467926469096221
0.21679058240396532,-0.19682150600588422
0.21685254027261464,-0.5355098254239032
0.21691449814126393,-0.48298177593179026
0.21697645600991325,0.318273123001349
0.21703841387856257,0.8104370806620702
0.2171003717472119,0.031362715597317736
0.2171623296158612,-0.9392452521747845
0.21722428748451053,-0.6487531006664267
0.21728624535315985,0.35582421097200057
0.21734820322180917,0.6095379338040827
0.2174101610904585,-0.1321964068165991
0.2174721189591078,-1.0115568085716948
0.21753407682775713,-1.0365594546651513
0.21759603469640645,0.24236954177929437
0.21765799256505577,1.5923130264419034
0.21771995043370507,0.7653463863107057
0.2177819083023544,-1.7122266092922647
0.2178438661710037,-1.9155454775331078
0.21790582403965303,1.2750406369693141
0.21796778190830235,2.9562690520086456
0.21802973977695167,-0.2664584925966095
0.218091697645601,-3.664436113928762
0.2181536555142503,-1.52717592870561
0.21821561338289963,2.950488461689287
0.21827757125154895,2.571222741933469
0.21833952912019827,-1.9366238411640522
0.2184014869888476,-3.300692987721443
0.2184634448574969,0.36449651882698797
0.21852540272614623,3.21312060854139
0.21858736059479553,1.382167812507189
0.21864931846344485,-1.9315328809275352
0.21871127633209417,-2.2504206109605844
0.2187732342007435,0.31084973063464716
0.2188351920693928,2.2471631815003903
0.21889714993804213,1.093483107582685
0.21895910780669145,-1.797440698972971
0.21902106567534077,-2.4462416111902785
0.2190830235439901,0.5093808880929527
0.2191449814126394,2.8886586404859034
0.21920693928128873,0.8055438404925823
0.21926889714993805,-2.480805833150867
0.21933085501858737,-1.4004844873883484
0.21939281288723667,2.183720528328011
0.219454770755886,1.9640316657454846
0.2195167286245353,-1.4994624513780392
0.21957868649318463,-1.8972336530686038
0.21964064436183395,1.0557093786916654
0.21970260223048327,1.4356809217281459
0.2197645600991326,-1.2350949731420149
0.2198265179677819,-1.2832804139221505
0.21988847583643123,1.5428322091154176
0.21995043370508055,1.409161712566357
0.22001239157372987,-1.6811974210014622
0.2200743494423792,-1.377232186435272
0.2201363073110285,2.2667357396551187
0.22019826517967783,2.131072332796784
0.22026022304832713,-2.1082027920333744
0.22032218091697645,-2.599232859751275
0.22038413878562577,1.8112869591774574
0.2204460966542751,2.8981565213597
0.2205080545229244,-1.5094042798718086
0.22057001239157373,-3.2080504242623267
0.22063197026022305,1.0035580672475453
0.22069392812887237,3.3244672369999315
0.2207558859975217,-0.32521398559218495
0.220817843866171,-2.8538009306334478
0.22087980173482033,0.3531494924499199
0.22094175960346965,2.933660304060128
0.22100371747211897,0.0002313727126428411
0.22106567534076826,-2.6716454466785966
0.22112763320941758,-0.025976316618549378
0.2211895910780669,2.5592746725768305
0.22125154894671623,-0.1521230370762534
0.22131350681536555,-2.903570654591223
0.22137546468401487,0.026983843777897087
0.2214374225526642,3.395987686327039
0.2214993804213135,0.4963066296432268
0.22156133828996283,-3.6617196434350228
0.22162329615861215,-0.9313944884943202
0.22168525402726147,4.376289953396368
0.2217472118959108,2.2991514334983156
0.2218091697645601,-4.353823193960317
0.22187112763320943,-3.7674913978490427
0.22193308550185872,3.748575468432282
0.22199504337050804,5.047863178992373
0.22205700123915736,-2.8457249403025093
0.22211895910780668,-6.3485107217251695
0.222180916976456,1.2452867440584567
0.22224287484510533,7.059134816790467
0.22230483271375465,0.7046070128855276
0.22236679058240397,-6.825267048203429
0.2224287484510533,-2.1051563816420824
0.2224907063197026,6.514295599663367
0.22255266418835193,3.450499156364491
0.22261462205700125,-5.8763331405006625
0.22267657992565057,-4.530422114068072
0.22273853779429986,4.974720835940238
0.22280049566294918,4.967544252857393
0.2228624535315985,-4.709173978622202
0.22292441140024782,-5.886000409817169
0.22298636926889714,4.20430910174564
0.22304832713754646,6.954293903116747
0.22311028500619579,-3.3436827579355235
0.2231722428748451,-7.969242044632048
0.22323420074349443,2.1929073330095594
0.22329615861214375,9.012914179448433
0.22335811648079307,-0.42721187243900416
0.2234200743494424,-9.746293912759775
0.2234820322180917,-2.2281512631592397
0.22354399008674103,8.99791030211318
0.22360594795539032,4.224818970920574
0.22366790582403964,-7.944946557266381
0.22372986369268896,-6.284843681661519
0.22379182156133828,5.80030922139863
0.2238537794299876,7.364127136502509
0.22391573729863692,-3.3299458671553257
0.22397769516728624,-7.459979321718874
0.22403965303593557,0.9474440442106529
0.22410161090458489,6.567824286437789
0.2241635687732342,0.6283441288816867
0.22422552664188353,-5.707050317656482
0.22428748451053285,-2.390859033719874
0.22434944237918217,3.67359692550147
0.2244114002478315,2.648858209927122
0.22447335811648078,-2.3592093722066894
0.2245353159851301,-2.9335135058504527
0.22459727385377942,0.734759498966117
0.22465923172242874,2.418785633811779
0.22472118959107806,0.42707337808945756
0.22478314745972738,-1.6434978738022026
0.2248451053283767,-1.4253635813721672
0.22490706319702602,0.08232097367872554
0.22496902106567535,1.0601906992364432
0.22503097893432467,0.531772133921884
0.225092936802974,-1.1025764430306606
0.2251548946716233,-1.867039006157281
0.22521685254027263,-0.33278561560652786
0.22527881040892192,1.7016740974951101
0.22534076827757124,1.1845250661363957
0.22540272614622056,-1.336635561233349
0.22546468401486988,-2.0604947291517015
0.2255266418835192,0.16949989211447342
0.22558859975216852,1.8696348042341753
0.22565055762081784,0.40840925887683044
0.22571251548946716,-1.8834542367899823
0.22577447335811648,-1.6155701760374181
0.2258364312267658,0.3957867861340114
0.22589838909541513,0.9707737054067732
0.22596034696406445,-0.22547793052100007
0.22602230483271377,-0.8773946418778168
0.2260842627013631,-0.3257868024641912
0.22614622057001238,-0.025665359306578983
0.2262081784386617,-0.21376381939201472
0.22627013630731102,0.19863107919528422
0.22633209417596034,0.6106850932630203
0.22639405204460966,-0.505732010454367
0.22645600991325898,-1.8628864539651135
0.2265179677819083,-0.7570757403226934
0.22657992565055762,1.547615190157612
0.22664188351920694,0.9701567492768366
0.22670384138785626,-2.0405154089961575
0.22676579925650558,-2.3039583494542963
0.2268277571251549,1.1391906152331568
0.22688971499380423,2.584293725846736
0.22695167286245352,-0.6313931075852551
0.22701363073110284,-3.0293383332667814
0.22707558859975216,-0.40170505286119207
0.22713754646840148,2.569006641788055
0.2271995043370508,0.5264292664139303
0.22726146220570012,-2.938902830484963
0.22732342007434944,-1.7146487410585538
0.22738537794299876,1.8926570859591765
0.22744733581164808,1.4796751952566431
0.2275092936802974,-1.93598459413345
0.22757125154894672,-2.0995773258915453
0.22763320941759604,1.0993577442033156
0.22769516728624536,1.8876065992651943
0.22775712515489469,-0.7555618375576403
0.22781908302354398,-1.8650056946470217
0.2278810408921933,0.0660929962901724
0.22794299876084262,0.997307468490133
0.22800495662949194,-0.5396056840224916
0.22806691449814126,-1.1947687498638064
0.22812887236679058,0.13991847518680944
0.2281908302354399,0.42238924727472504
0.22825278810408922,-1.002434862654063
0.22831474597273854,-0.9513763097559322
0.22837670384138786,1.0012819168223652
0.22843866171003718,1.2186867202169067
0.2285006195786865,-1.0226396737521233
0.22856257744733582,-1.7874070862409148
0.22862453531598512,0.34465673425042453
0.22868649318463444,1.6237521014978615
0.22874845105328376,-0.10834717175331843
0.22881040892193308,-1.8286479169589533
0.2288723667905824,-0.9575769885918435
0.22893432465923172,0.6374730610757431
0.22899628252788104,0.6615745509432647
0.22905824039653036,-0.12995417053343727
0.22912019826517968,-0.4657178320907962
0.229182156133829,-0.5504828497701224
0.22924411400247832,-0.2718244696172416
0.22930607187112764,0.7548192399680711
0.22936802973977696,1.0497740268137894
0.22942998760842628,-0.68470090824899
0.22949194547707558,-2.0081409629967606
0.2295539033457249,-0.19044237521671842
0.22961586121437422,2.053973902635391
0.22967781908302354,0.46601924443559106
0.22973977695167286,-2.5688172927298245
0.22980173482032218,-1.3703384019802218
0.2298636926889715,2.509732607690181
0.22992565055762082,2.1717447729900714
0.22998760842627014,-2.1753587652562953
0.23004956629491946,-2.8173039318794846
0.23011152416356878,1.7739856722163934
0.2301734820322181,3.6063020767421223
0.23023543990086742,-0.9009628028405744
0.23029739776951672,-4.241254524247529
0.23035935563816604,-0.6646100719923884
0.23042131350681536,3.882579499638034
0.23048327137546468,1.9559706547519733
0.230545229244114,-3.0418848939700354
0.23060718711276332,-3.0454220061530517
0.23066914498141264,1.6096454920112147
0.23073110285006196,3.692660062073125
0.23079306071871128,0.6387452217796161
0.2308550185873606,-2.7253468833025645
0.23091697645600992,-2.0442361087156864
0.23097893432465924,1.289720581170854
0.23104089219330856,2.893418800817587
0.23110285006195788,0.6858783442254512
0.23116480793060717,-2.6909006523243146
0.2312267657992565,-2.5582330947834127
0.23128872366790582,1.5245186279344978
0.23135068153655514,3.8966437434320635
0.23141263940520446,0.5699993212944494
0.23147459727385378,-3.6695082859282735
0.2315365551425031,-1.8623106842333852
0.23159851301115242,3.492432740729309
0.23166047087980174,3.659934044535629
0.23172242874845106,-1.9082094908290892
0.23178438661710038,-4.157779689607153
0.2318463444857497,0.580196891846932
0.23190830235439902,4.350818855563826
0.2319702602230483,0.9659536742290293
0.23203221809169763,-3.7021139382954273
0.23209417596034695,-1.8465277729555065
0.23215613382899628,3.2912545766652523
0.2322180916976456,3.271154485138894
0.23228004956629492,-1.513112603554812
0.23234200743494424,-3.058188505723822
0.23240396530359356,0.851683904948799
0.23246592317224288,3.551353586572045
0.2325278810408922,0.7845675761380126
0.23258983890954152,-2.7380072573303593
0.23265179677819084,-1.4655406432393516
0.23271375464684016,2.1842596344757017
0.23277571251548948,2.285137401235053
0.23283767038413877,-0.8888089273054074
0.2328996282527881,-1.7981280366141572
0.23296158612143741,0.8859409817381128
0.23302354399008673,2.340701043784109
0.23308550185873605,0.21001534072922412
0.23314745972738538,-1.385094906693535
0.2332094175960347,0.4732559478467526
0.23327137546468402,2.036175837712774
0.23333333333333334,-0.06453284636450224
0.23339529120198266,-2.05801435183875
0.23345724907063198,0.23265320417800095
0.2335192069392813,3.0242700645720424
0.23358116480793062,0.8992842614007035
0.2336431226765799,-2.7883242361539673
0.23370508054522923,-1.1943682471340265
0.23376703841387855,3.4661202856641533
0.23382899628252787,3.163302748270354
0.2338909541511772,-1.8051751566500784
0.23395291201982651,-3.096542912275245
0.23401486988847583,1.2248520538514973
0.23407682775712516,3.704479341056664
0.23413878562577448,0.5958230841811496
0.2342007434944238,-2.532561523970896
0.23426270136307312,-1.095151977548773
0.23432465923172244,1.7671267370979529
0.23438661710037176,1.965997351941773
0.23444857496902108,0.4009510137191503
0.23451053283767037,-0.6065820247559204
0.2345724907063197,-0.6317847170515205
0.234634448574969,0.461000426497665
0.23469640644361833,2.0985397721063883
0.23475836431226765,1.5892701286560822
0.23482032218091697,-1.487475851186797
0.2348822800495663,-2.290004608730828
0.23494423791821561,1.5121251520217125
0.23500619578686494,3.7452935011791637
0.23506815365551426,-0.26632399371689325
0.23513011152416358,-3.872064164975898
0.2351920693928129,0.050127790387290094
0.23525402726146222,5.144268601106629
0.23531598513011154,1.9089298922434002
0.23537794299876083,-4.385191050786547
0.23543990086741015,-2.2003081461560305
0.23550185873605947,4.944422681297251
0.2355638166047088,4.0113979741816514
0.2356257744733581,-3.757629036891266
0.23568773234200743,-4.532742928113414
0.23574969021065675,3.1078467863782295
0.23581164807930607,5.5376626196901
0.2358736059479554,-1.2705838134220007
0.23593556381660472,-4.901956338285421
0.23599752168525404,0.7377050676645542
0.23605947955390336,5.168582908165124
0.23612143742255268,1.049259371183906
0.23618339529120197,-3.4386936683691887
0.2362453531598513,-0.7125564260356294
0.2363073110285006,3.1454923631393648
0.23636926889714993,1.1273731745565694
0.23643122676579925,-2.1260466110857634
0.23649318463444857,-0.4548197370431637
0.2365551425030979,2.281323024663924
0.2366171003717472,0.6175044290124445
0.23667905824039653,-1.9169679408242057
0.23674101610904585,-0.09945776851827859
0.23680297397769517,2.8203562334330026
0.2368649318463445,1.3507470544517903
0.23692688971499382,-2.006085879059504
0.23698884758364314,-1.3962344107807783
0.23705080545229243,2.0259929068146922
0.23711276332094175,2.432616211386581
0.23717472118959107,-0.7495947105278544
0.2372366790582404,-2.3964617783241104
0.2372986369268897,-0.18024464411107077
0.23736059479553903,2.310703844189168
0.23742255266418835,1.5280290416875646
0.23748451053283767,-1.0355542745906414
0.237546468401487,-1.5336625145430771
0.2376084262701363,0.6274584894079144
0.23767038413878563,2.1736298524020388
0.23773234200743495,0.8595633906700271
0.23779429987608428,-1.2739615028082447
0.23785625774473357,-1.1147264511477804
0.2379182156133829,0.7843223815298539
0.2379801734820322,1.3762036480170006
0.23804213135068153,0.011705545858656297
0.23810408921933085,-1.0127980353950905
0.23816604708798017,-0.39948659374881745
0.2382280049566295,0.716025100350058
0.2382899628252788,1.0814480855384918
0.23835192069392813,0.5253131285091243
0.23841387856257745,-0.5635469930429582
0.23847583643122677,-0.9716782990280513
0.2385377942998761,0.4614581239457197
0.23859975216852541,2.0308375215881376
0.23866171003717473,0.5291865538280744
0.23872366790582403,-2.6313042778648112
0.23878562577447335,-1.9189571931900566
0.23884758364312267,2.647613462262658
0.238909541511772,3.476203142717264
0.2389714993804213,-1.918419342416969
0.23903345724907063,-4.739604843226986
0.23909541511771995,0.803836289309496
0.23915737298636927,6.015739597794688
0.2392193308550186,1.479052226516445
0.2392812887236679,-5.876480438435124
0.23934324659231723,-3.5167642299818183
0.23940520446096655,4.945487824103257
0.23946716232961587,5.194431629145228
0.23952912019826517,-3.394529546646201
0.2395910780669145,-6.472762060931251
0.2396530359355638,0.9951475919871589
0.23971499380421313,6.4939202023663
0.23977695167286245,1.2528227707043258
0.23983890954151177,-5.592618273807395
0.2399008674101611,-2.9108044700338573
0.2399628252788104,4.355170182446291
0.24002478314745973,4.2644935510610935
0.24008674101610905,-2.6063184105208483
0.24014869888475837,-4.990809083141263
0.2402106567534077,0.554310457609511
0.240272614622057,4.713575436505822
0.24033457249070633,0.8230451618572543
0.24039653035935563,-4.599907733149109
0.24045848822800495,-2.613200688768811
0.24052044609665427,3.5942482534419216
0.2405824039653036,3.829324133815154
0.2406443618339529,-2.315136727898302
0.24070631970260223,-4.568772803988388
0.24076827757125155,0.8778085597830126
0.24083023543990087,4.7372871555943785
0.2408921933085502,0.37459957372170366
0.2409541511771995,-4.714408267192589
0.24101610904584883,-1.9267600292097373
0.24107806691449815,3.507523698764448
0.24114002478314747,2.11324577000304
0.24120198265179676,-3.025354144861036
0.24126394052044609,-2.479865829887046
0.2413258983890954,2.2295741111434078
0.24138785625774473,2.1689835412134313
0.24144981412639405,-2.028588077875486
0.24151177199504337,-1.9513821908936275
0.2415737298636927,2.0586943757049525
0.241635687732342,1.7194007536289495
0.24169764560099133,-2.716927975291901
0.24175960346964065,-2.5650237486811154
0.24182156133828997,2.3385152099892865
0.2418835192069393,2.6966594512964814
0.2419454770755886,-2.5813615217190753
0.24200743494423793,-3.7467943896812663
0.24206939281288722,1.6939090284283544
0.24213135068153654,4.033462639627237
0.24219330855018587,-0.8874805176276352
0.24225526641883519,-4.16663889473168
0.2423172242874845,-0.1953744780477662
0.24237918215613383,3.5671920860090753
0.24244114002478315,0.6068220671524365
0.24250309789343247,-3.3991650246523073
0.2425650557620818,-1.6655827273155113
0.2426270136307311,2.024040062776527
0.24268897149938043,1.3345434188330916
0.24275092936802975,-1.6141854609916653
0.24281288723667907,-1.5358905252911432
0.24287484510532836,0.6227352121462202
0.24293680297397768,0.9730560270503582
0.242998760842627,-0.1378880640892024
0.24306071871127632,-0.406714779457656
0.24312267657992565,-0.3251248055639073
0.24318463444857497,-0.7815220922022126
0.24324659231722429,-0.3914443863501621
0.2433085501858736,0.9553400928168061
0.24337050805452293,0.5689361854821449
0.24343246592317225,-1.770609742981993
0.24349442379182157,-2.0841930595014833
0.2435563816604709,0.9725929311155607
0.2436183395291202,2.767856719783992
0.24368029739776953,0.04202081601552504
0.24374225526641882,-3.194423945117085
0.24380421313506814,-1.7375034729333982
0.24386617100371746,2.41601609932361
0.24392812887236678,2.913481041557076
0.2439900867410161,-1.3101567997330084
0.24405204460966543,-4.212620685581582
0.24411400247831475,-1.3312581601865965
0.24417596034696407,3.4242810102128667
0.2442379182156134,2.9285381491072755
0.2442998760842627,-2.507864286454873
0.24436183395291203,-4.662566615859399
0.24442379182156135,0.3719441400534853
0.24448574969021067,5.122390129294953
0.24454770755885996,1.735235794399122
0.24460966542750928,-4.796922589919333
0.2446716232961586,-3.825702830162494
0.24473358116480792,3.2432578932843747
0.24479553903345724,4.611066404749544
0.24485749690210656,-2.135302762388796
0.24491945477075588,-5.61591107958319
0.2449814126394052,-0.002989286995529028
0.24504337050805453,5.055900395277871
0.24510532837670385,1.2286803774391055
0.24516728624535317,-4.445554063220029
0.2452292441140025,-2.36670792605655
0.2452912019826518,3.3042548828597704
0.24535315985130113,2.893018271066674
0.24541511771995042,-2.1539818388473684
0.24547707558859974,-3.1662650549660185
0.24553903345724906,0.5556031548306686
0.24560099132589838,2.188653655804247
0.2456629491945477,-0.13263528983241013
0.24572490706319702,-1.7251258784213133
0.24578686493184634,-0.5833325161543248
0.24584882280049566,0.5224217589864051
0.24591078066914498,0.2688860860625979
0.2459727385377943,0.1382046689312475
0.24603469640644363,0.3204743362407677
0.24609665427509295,-0.2879068253321231
0.24615861214374227,-0.9557260419348674
0.2462205700123916,-0.2617942181584647
0.24628252788104088,0.8540658737264506
0.2463444857496902,0.524985547868654
0.24640644361833952,-0.8774588576639224
0.24646840148698884,-1.4420892293549659
0.24653035935563816,-0.39008905418146256
0.24659231722428748,1.2141006262870633
0.2466542750929368,1.4285198380232247
0.24671623296158612,-0.5496181502628428
0.24677819083023544,-2.3218698580941797
0.24684014869888476,-0.6200277623675863
0.24690210656753409,2.757708833742215
0.2469640644361834,2.0198679315245824
0.24702602230483273,-2.764225696720907
0.24708798017348202,-3.7754687694474702
0.24714993804213134,1.5985827542248572
0.24721189591078066,4.521678454772757
0.24727385377942998,-0.7350545415785623
0.2473358116480793,-5.456255613239837
0.24739776951672862,-0.8108221541472151
0.24745972738537794,5.691105050829727
0.24752168525402726,2.4434872768534794
0.24758364312267658,-5.311264745346121
0.2476456009913259,-3.9401884671288245
0.24770755885997522,4.410654144310874
0.24776951672862454,5.141576303662799
0.24783147459727387,-3.2086568901763766
0.24789343246592319,-6.36373172282716
0.24795539033457248,0.8894520303771243
0.2480173482032218,6.147395478522402
0.24807930607187112,0.9917891855508607
0.24814126394052044,-5.466165268327858
0.24820322180916976,-2.8472925683934247
0.24826517967781908,3.901026263916183
0.2483271375464684,4.07702004934973
0.24838909541511772,-1.7088985449232932
0.24845105328376704,-4.218002801122398
0.24851301115241636,-0.44654757411915025
0.24857496902106568,3.2349588391520214
0.248636926889715,1.6462365123870395
0.24869888475836432,-2.2695613574843625
0.24876084262701362,-2.7175416428902803
0.24882280049566294,0.574091362374614
0.24888475836431226,2.531328240863558
0.24894671623296158,0.5027748727979242
0.2490086741016109,-1.9691940072448437
0.24907063197026022,-1.0261965593561762
0.24913258983890954,1.3983917161738493
0.24919454770755886,1.2135834792770468
0.24925650557620818,-0.9002827728454066
0.2493184634448575,-1.2472278238731387
0.24938042131350682,0.22860441346531868
0.24944237918215614,0.5669035605613424
0.24950433705080546,-0.4227893084827099
0.24956629491945478,-0.5058081382853574
0.24962825278810408,0.1991678391360947
0.2496902106567534,0.02014773758127053
0.24975216852540272,-0.33350354474993305
0.24981412639405204,0.42642498314799293
0.24987608426270136,0.7321966672342519
0.24993804213135068,-0.6658866672181157
0.25,-1.2583532051588209
0.2500619578686493,0.5666354666858198
0.25012391573729864,1.4991114449912697
0.25018587360594796,-0.7518252906494141
0.2502478314745973,-2.3446085054175176
0.2503097893432466,-0.04220414100434966
0.2503717472118959,2.2782790947877416
0.25043370508054524,0.43484227317575797
0.25049566294919456,-2.2129333940165337
0.2505576208178439,-0.8882212283767434
0.2506195786864932,1.8861826792509622
0.2506815365551425,1.192174819239891
0.25074349442379185,-1.4132626153274621
0.25080545229244117,-1.379589857273662
0.25086741016109043,0.6018001623704003
0.25092936802973975,0.8066320661424363
0.2509913258983891,-0.5980045046600645
0.2510532837670384,-0.911906427464828
0.2511152416356877,-0.08289535072359555
0.25117719950433703,0.31242728632143135
0.25123915737298635,0.27037788157869025
0.2513011152416357,0.1415770360073817
0.251363073110285,-0.486490005553375
0.2514250309789343,-0.7657498341786604
0.25148698884758364,0.5121751195105576
0.25154894671623296,1.4100184170846406
0.2516109045848823,-0.5463471727301331
0.2516728624535316,-2.6491792753880166
0.2517348203221809,-0.6250925601315114
0.25179677819083024,2.8145338059055076
0.25185873605947956,1.3959418832230195
0.2519206939281289,-3.1812902993842194
0.2519826517967782,-2.9403174884235144
0.2520446096654275,2.4421050135757056
0.25210656753407684,4.109896445033072
0.25216852540272616,-1.0665043955073377
0.2522304832713755,-4.743493831754008
0.2522924411400248,-0.8915685876855396
0.2523543990086741,4.193343559280042
0.25241635687732344,2.292148856924304
0.25247831474597277,-3.5277784587494994
0.25254027261462203,-4.104431574892548
0.25260223048327135,1.3616665524292735
0.25266418835192067,4.355273251249876
0.25272614622057,0.3528699992539935
0.2527881040892193,-4.278343387610305
0.25285006195786863,-2.17374920162539
0.25291201982651795,3.414177399814664
0.2529739776951673,3.4808589801387266
0.2530359355638166,-2.273852512469869
0.2530978934324659,-4.53127263330619
0.25315985130111524,0.45555172222397394
0.25322180916976456,4.311204123895927
0.2532837670384139,0.49020430087055344
0.2533457249070632,-4.465237426380997
0.2534076827757125,-2.1104773833126713
0.25346964064436184,3.4086264480029396
0.25353159851301116,2.8286846334886833
0.2535935563816605,-2.310470604600443
0.2536555142503098,-3.169831794342209
0.2537174721189591,0.9637685222916316
0.25377942998760844,2.748221915725088
0.25384138785625776,0.01919919891841143
0.2539033457249071,-2.109304165764297
0.2539653035935564,-1.1503945213081384
0.2540272614622057,0.265396941103464
0.25408921933085504,0.6775767321769114
0.25415117719950436,0.738760597783102
0.25421313506815363,-0.18454853737714577
0.25427509293680295,-1.878621356475308
0.25433705080545227,-1.1977758580352376
0.2543990086741016,2.09664594035759
0.2544609665427509,2.6326734407259167
0.25452292441140023,-1.5115159562032185
0.25458488228004955,-3.792301760205289
0.25464684014869887,0.023678304221374846
0.2547087980173482,3.6929835115120273
0.2547707558859975,0.9463513530651597
0.25483271375464683,-3.5334962112577486
0.25489467162329615,-2.382161925019341
0.2549566294919455,2.0303324001672007
0.2550185873605948,2.5943194444056514
0.2550805452292441,-0.6397966357952238
0.25514250309789344,-2.1661072772065606
0.25520446096654276,-0.502913397654366
0.2552664188351921,1.2340942128138568
0.2553283767038414,1.1449477930203993
0.2553903345724907,-0.19042495450049568
0.25545229244114004,-1.5248005206550292
0.25551425030978936,-1.2745698288326968
0.2555762081784387,0.8000063899114216
0.255638166047088,1.7538495596644688
0.2557001239157373,-0.45292134394528083
0.25576208178438664,-2.3519934219121708
0.25582403965303596,-0.21835773819024573
0.2558859975216852,2.5954530457795846
0.25594795539033455,0.9693618275415044
0.25600991325898387,-2.3817681261082564
0.2560718711276332,-1.4338829191719875
0.2561338289962825,2.0287168706744043
0.25619578686493183,1.6444822772844456
0.25625774473358115,-1.788718435101782
0.25631970260223047,-2.0840641128668427
0.2563816604708798,0.8971957194877143
0.2564436183395291,1.7148503106516069
0.25650557620817843,-0.38385929612309977
0.25656753407682775,-1.1632661752942015
0.2566294919454771,0.1455948940002288
0.2566914498141264,0.6192806212775479
0.2567534076827757,0.08386902934067209
0.25681536555142503,0.3331901505486392
0.25687732342007435,0.39761872874313803
0.2569392812887237,-0.9074847066897674
0.257001239157373,-1.205130532143033
0.2570631970260223,0.8272351138673886
0.25712515489467164,1.6748260835404514
0.25718711276332096,-0.651274985354307
0.2572490706319703,-2.07485409444072
0.2573110285006196,0.21991711121302945
0.2573729863692689,2.236373515370426
0.25743494423791824,0.534057048998601
0.25749690210656756,-1.5056163982597113
0.2575588599752168,-0.3926217465234577
0.25762081784386615,1.197444594141284
0.25768277571251547,0.28822183083846653
0.2577447335811648,-0.8407534803567138
0.2578066914498141,0.039325062265324506
0.2578686493184634,0.6688510183165135
0.25793060718711275,-0.46346414846112105
0.25799256505576207,-0.7908165474718074
0.2580545229244114,0.7702931039852817
0.2581164807930607,1.2719705418810285
0.25817843866171003,-0.30131589402251646
0.25824039653035935,-0.8906193482383209
0.25830235439900867,0.5253561125915016
0.258364312267658,1.0524407403556464
0.2584262701363073,-0.20013748502391904
0.25848822800495663,-0.6306635671499888
0.25855018587360595,0.33425301468563284
0.2586121437422553,0.3855283302186039
0.2586741016109046,-0.5352334469352094
0.2587360594795539,-0.2088095226686839
0.25879801734820324,0.9369545508600952
0.25885997521685256,0.6089661481119233
0.2589219330855019,-0.49848179516090396
0.2589838909541512,-0.1208564528880196
0.2590458488228005,0.8646538202683829
0.25910780669144984,0.39745463590849395
0.25916976456009916,-0.38047535613417605
0.2592317224287484,0.2561649057237402
0.25929368029739774,0.6566150823471817
0.25935563816604706,-0.6145345704699376
0.2594175960346964,-1.045512873412012
0.2594795539033457,0.9665213744258296
0.259541511771995,2.017551913464891
0.25960346964064435,-0.28222448784930254
0.25966542750929367,-2.1081202768660883
0.259727385377943,0.08089381243495497
0.2597893432465923,2.8092113456747305
0.25985130111524163,1.441226529752171
0.25991325898389095,-1.7758165220044355
0.25997521685254027,-1.7817764528307556
0.2600371747211896,0.9348753429282952
0.2600991325898389,2.007063064961269
0.26016109045848823,0.40922330872227564
0.26022304832713755,-1.1265710649586955
0.26028500619578687,-0.9026109119911387
0.2603469640644362,0.3921352883917226
0.2604089219330855,1.4975386230359313
0.26047087980173483,1.3510395474841423
0.26053283767038415,-0.2031304289190956
0.2605947955390335,-1.3535970833408415
0.2606567534076828,-0.2522425835687838
0.2607187112763321,1.7108073431333062
0.26078066914498144,1.488974669285238
0.26084262701363076,-0.7574946154417475
0.2609045848822801,-1.7171556125180767
0.26096654275092934,-0.036727252770368146
0.26102850061957866,1.8269602547020056
0.261090458488228,1.3977390004678343
0.2611524163568773,-0.5819349772626552
0.2612143742255266,-1.383887637571349
0.26127633209417594,0.2580459321081765
0.26133828996282527,2.2550544558192342
0.2614002478314746,1.4327603943987066
0.2614622057001239,-1.5579625731991071
0.2615241635687732,-2.0577192510670415
0.26158612143742255,1.328420264283312
0.26164807930607187,3.142422096379579
0.2617100371747212,-0.31637842006959715
0.2617719950433705,-3.484209806886584
0.26183395291201983,-0.2986412310600839
0.26189591078066915,4.290758762637407
0.26195786864931847,2.0258292859688205
0.2620198265179678,-3.5022821273444458
0.2620817843866171,-2.3792318145755367
0.26214374225526643,3.6360966066446885
0.26220570012391575,3.6815503762864923
0.2622676579925651,-2.4731514008941415
0.2623296158612144,-3.7386882821558136
0.2623915737298637,1.9678748834271667
0.26245353159851303,3.967160831091807
0.26251548946716236,-1.2009005799209833
0.2625774473358117,-3.5080629615869694
0.26263940520446094,1.4135827702420443
0.26270136307311026,4.071513517856788
0.2627633209417596,-0.6478720825736493
0.2628252788104089,-3.6446715500710893
0.2628872366790582,1.0168210181092032
0.26294919454770754,4.590102853062496
0.26301115241635686,0.030831994309552968
0.2630731102850062,-4.555195641815592
0.2631350681536555,-0.7719267765030604
0.2631970260223048,4.593598587062646
0.26325898389095415,2.023530812271546
0.26332094175960347,-3.647882465323832
0.2633828996282528,-2.430005219445094
0.2634448574969021,3.0897689820395593
0.26350681536555143,3.2767391697494705
0.26356877323420075,-1.3886539876728485
0.26363073110285007,-2.413491810499011
0.2636926889714994,1.1811177353757871
0.2637546468401487,2.3391014768118663
0.26381660470879803,-0.6226902022617116
0.26387856257744735,-1.8031634458097157
0.26394052044609667,0.8160919506707821
0.264002478314746,2.0159523873262595
0.2640644361833953,-0.636118688126839
0.26412639405204463,-2.2191089703751077
0.26418835192069395,0.6252545447439101
0.2642503097893433,3.3292977696426713
0.26431226765799254,0.9379099159686162
0.26437422552664186,-3.0663925244486836
0.2644361833952912,-1.8946489769497867
0.2644981412639405,3.1100619075814038
0.2645600991325898,3.717386224183138
0.26462205700123914,-1.850515597865202
0.26468401486988846,-4.873704232551178
0.2647459727385378,0.2032941269503039
0.2648079306071871,5.602347325572205
0.2648698884758364,2.0131884768897157
0.26493184634448574,-5.2061622442027735
0.26499380421313506,-3.665819159759731
0.2650557620817844,4.881989558695079
0.2651177199504337,6.028921264354258
0.265179677819083,-2.9780009668773695
0.26524163568773235,-7.157312211980541
0.26530359355638167,1.185593328946528
0.265365551425031,8.18094205132233
0.2654275092936803,1.3428578261794026
0.26548946716232963,-8.263733289664962
0.26555142503097895,-4.053481656493804
0.26561338289962827,7.369634876456585
0.2656753407682776,6.753207144663502
0.2657372986369269,-5.0032593576716256
0.26579925650557623,-8.117423173333039
0.26586121437422555,2.5521198721733462
0.2659231722428749,9.057154138242835
0.26598513011152414,0.8916558013297509
0.26604708798017346,-8.0043180307297
0.2661090458488228,-3.4735689737125206
0.2661710037174721,5.9818190308060295
0.2662329615861214,5.014342211651998
0.26629491945477074,-3.4721322333316955
0.26635687732342006,-5.3543885863109
0.2664188351920694,1.0830825407020674
0.2664807930607187,4.745052748816363
0.266542750929368,1.02588661092865
0.26660470879801734,-2.90299375741876
0.26666666666666666,-1.586194765717867
0.266728624535316,1.5376281290945926
0.2667905824039653,1.8374306083850587
0.2668525402726146,-0.07656646533555866
0.26691449814126395,-1.4061920710243991
0.26697645600991327,-1.056947096124122
0.2670384138785626,0.4696697186305965
0.2671003717472119,1.5424036930358074
0.2671623296158612,0.4274076944612999
0.26722428748451055,-1.6711369778769405
0.26728624535315987,-1.1722124777906515
0.2673482032218092,1.82687773976809
0.2674101610904585,2.385635581577202
0.26747211895910783,-1.0787747453977135
0.26753407682775715,-2.989393882326521
0.26759603469640647,0.23473406057577062
0.26765799256505574,3.288950169436058
0.26771995043370506,0.6981538142615545
0.2677819083023544,-3.353931392511032
0.2678438661710037,-1.9479496903430515
0.267905824039653,2.565739974995004
0.26796778190830234,2.67262214052917
0.26802973977695166,-1.4071046830823837
0.268091697645601,-2.6200993856402244
0.2681536555142503,0.6020574616134554
0.2682156133828996,2.442368991257181
0.26827757125154894,0.254037458190733
0.26833952912019826,-1.7238590000521758
0.2684014869888476,-0.5948206068464941
0.2684634448574969,0.849835959182909
0.2685254027261462,0.1683195736208557
0.26858736059479554,-0.7138084915419557
0.26864931846344486,-0.011894230987083976
0.2687112763320942,0.6231996211213885
0.2687732342007435,-0.15864928527878308
0.2688351920693928,-0.6841462050129271
0.26889714993804215,0.3009419054328082
0.26895910780669147,1.0601077138348018
0.2690210656753408,0.0938484773138924
0.2690830235439901,-1.0469777462213168
0.26914498141263943,-0.52160301430936
0.26920693928128875,0.6263960439085718
0.26926889714993807,0.43342942398718254
0.26933085501858733,-0.6299286863449176
0.26939281288723665,-0.6860833317764279
0.269454770755886,0.2811386043663641
0.2695167286245353,0.585604402772907
0.2695786864931846,-0.14858342491957532
0.26964064436183394,-0.43683227562614635
0.26970260223048326,0.32867147665142704
0.2697645600991326,0.7156624603143926
0.2698265179677819,-0.22284882486215096
0.2698884758364312,-1.0834265669955045
0.26995043370508054,-0.33952370919252506
0.27001239157372986,0.9343248166096954
0.2700743494423792,0.6038713770590117
0.2701363073110285,-1.0131607964662455
0.2701982651796778,-1.4298194405195752
0.27026022304832714,0.22616399424496714
0.27032218091697646,1.7576814977303994
0.2703841387856258,0.933503361991113
0.2704460966542751,-1.3234909196209281
0.2705080545229244,-1.909461219842598
0.27057001239157374,0.3444776363099269
0.27063197026022306,2.492274400821997
0.2706939281288724,0.9615447771416896
0.2707558859975217,-2.738223526240846
0.270817843866171,-2.947462068322942
0.27087980173482035,1.5176118575621347
0.27094175960346967,3.9745386453967155
0.27100371747211893,-0.15844359509750827
0.27106567534076825,-4.633680398944775
0.2711276332094176,-1.558028627232547
0.2711895910780669,4.584429652488332
0.2712515489467162,3.267153828844595
0.27131350681536553,-3.77901333727358
0.27137546468401486,-4.526541807896198
0.2714374225526642,2.4449349401572444
0.2714993804213135,4.854548646909001
0.2715613382899628,-1.6253188204572728
0.27162329615861214,-5.39628375780816
0.27168525402726146,0.24327425748392212
0.2717472118959108,5.008432777425052
0.2718091697645601,0.5010742513234443
0.2718711276332094,-4.645560717923827
0.27193308550185874,-1.0714686180675408
0.27199504337050806,4.239778220441024
0.2720570012391574,1.522824155479744
0.2721189591078067,-3.7790489685177944
0.272180916976456,-1.9504830805374196
0.27224287484510534,2.924639125857392
0.27230483271375466,1.592787426554645
0.272366790582404,-2.8703782273931564
0.2724287484510533,-1.854681973944895
0.2724907063197026,2.2530660509359874
0.27255266418835195,1.5178901873523345
0.27261462205700127,-2.135891903690241
0.27267657992565053,-1.4157145257991173
0.27273853779429985,2.0532288088613466
0.27280049566294917,1.4719637295690016
0.2728624535315985,-1.9158937880792044
0.2729244114002478,-1.8003241346294534
0.27298636926889713,1.1595797124423
0.27304832713754645,1.4285428381945273
0.2731102850061958,-0.9457945286405588
0.2731722428748451,-1.5962517895861832
0.2732342007434944,-0.14024443301698253
0.27329615861214374,0.6603243499867755
0.27335811648079306,0.5070666544875817
0.2734200743494424,0.3144947786323671
0.2734820322180917,-0.5296824303009069
0.273543990086741,-1.4055400660405988
0.27360594795539034,-0.10959979174747225
0.27366790582403966,1.9544509807571762
0.273729863692689,0.7310166060869925
0.2737918215613383,-2.530651571898223
0.2738537794299876,-2.187016695234919
0.27391573729863694,1.5459287573161833
0.27397769516728626,2.322446790350847
0.2740396530359356,-0.9883506341313351
0.2741016109045849,-2.4456007373690456
0.2741635687732342,0.012034425644039892
0.27422552664188354,1.6509231519391734
0.27428748451053286,0.34992472631321814
0.27434944237918213,-0.6673478473806969
0.27441140024783145,-0.3147672710926539
0.27447335811648077,-0.6976983740353659
0.2745353159851301,-0.9924634741475371
0.2745972738537794,0.7708080545587475
0.27465923172242873,1.643369189682981
0.27472118959107805,-1.2645681245924054
0.2747831474597274,-3.2417156660904913
0.2748451053283767,0.3783591253487104
0.274907063197026,3.926844622956388
0.27496902106567533,0.48089941277511405
0.27503097893432465,-4.438496081208332
0.275092936802974,-1.7704254321624517
0.2751548946716233,4.112135792975977
0.2752168525402726,2.554493887963126
0.27527881040892194,-3.9743962702742066
0.27534076827757126,-4.040597401609031
0.2754027261462206,2.311424045242033
0.2754646840148699,4.004340844663466
0.2755266418835192,-1.3755190166010696
0.27558859975216854,-4.322792954597553
0.27565055762081786,-0.4701537370733153
0.2757125154894672,3.3090656425511873
0.2757744733581165,1.6758737706782778
0.2758364312267658,-1.896822216647667
0.27589838909541514,-2.6178468034895417
0.27596034696406446,-0.513947120574477
0.2760223048327137,1.863406046917209
0.27608426270136305,1.9707678751942561
0.27614622057001237,-1.179627574679227
0.2762081784386617,-4.032050109167247
0.276270136307311,-1.454504113696257
0.27633209417596033,3.966998376798306
0.27639405204460965,3.3689143971604096
0.27645600991325897,-3.478616168122289
0.2765179677819083,-5.405247344233364
0.2765799256505576,1.6797770808721935
0.27664188351920693,6.157927546875505
0.27670384138785625,-0.04888263668549109
0.2767657992565056,-6.688579150137234
0.2768277571251549,-2.3924025260179667
0.2768897149938042,5.341744206252913
0.27695167286245354,3.1427516468793844
0.27701363073110286,-4.858900287941274
0.2770755885997522,-4.593229755544569
0.2771375464684015,3.211120838261437
0.2771995043370508,4.83036206347982
0.27726146220570014,-2.186057884774787
0.27732342007434946,-5.316330157448334
0.2773853779429988,0.6502105906117253
0.2774473358116481,5.013748868762664
0.2775092936802974,0.2518383040805413
0.27757125154894674,-5.284180517004193
0.27763320941759606,-2.2607583271394684
0.2776951672862453,3.867835196294145
0.27775712515489465,2.761162630606585
0.27781908302354397,-3.2993429497871736
0.2778810408921933,-3.938030898904715
0.2779429987608426,1.6094775754691952
0.27800495662949193,3.8479267976923057
0.27806691449814125,-0.5563832097753765
0.27812887236679057,-3.7442708429962437
0.2781908302354399,-0.6683424920274388
0.2782527881040892,2.738128595982026
0.27831474597273853,0.6292703478621773
0.27837670384138785,-2.784966191780657
0.27843866171003717,-1.4717490270724576
0.2785006195786865,1.7229051995231586
0.2785625774473358,0.9346925123536622
0.27862453531598513,-1.957461484692612
0.27868649318463445,-1.3713113297848163
0.2787484510532838,1.4900606863673165
0.2788104089219331,1.2948189989836014
0.2788723667905824,-1.3755729374164214
0.27893432465923174,-1.5759274279834457
0.27899628252788106,0.6341776002412252
0.2790582403965304,0.9270223278050909
0.2791201982651797,-0.8666362202349668
0.279182156133829,-1.13920433937442
0.27924411400247834,0.14542612445287162
0.27930607187112766,0.06513541736724911
0.2793680297397769,-0.8542407221483759
0.27942998760842624,-0.056940456255486355
0.27949194547707557,1.097506915668363
0.2795539033457249,-0.1366649148722644
0.2796158612143742,-1.7180054353159102
0.2796778190830235,-0.3130191539277664
0.27973977695167285,1.732818206754362
0.27980173482032217,0.3644837275111177
0.2798636926889715,-2.183913016396321
0.2799256505576208,-1.2439157974530346
0.27998760842627013,1.4004559749148997
0.28004956629491945,0.8207563102283435
0.28011152416356877,-1.6498146349947813
0.2801734820322181,-1.0712319970879793
0.2802354399008674,1.4687894187465975
0.28029739776951673,0.9562331390215183
0.28035935563816605,-1.7081970460674478
0.2804213135068154,-1.2640962419485247
0.2804832713754647,1.715576515495632
0.280545229244114,1.5575045474815221
0.28060718711276333,-1.9024706095596013
0.28066914498141265,-2.658263567048733
0.280731102850062,0.7658610807222812
0.2807930607187113,2.6392605646270146
0.2808550185873606,-0.06690489370776276
0.28091697645600994,-2.7795404756528805
0.28097893432465926,-1.219060308417184
0.2810408921933085,1.9870793956538906
0.28110285006195784,2.0901524553065953
0.28116480793060716,-0.6772687375707074
0.2812267657992565,-2.2721892956690097
0.2812887236679058,-0.7913569078797117
0.2813506815365551,1.5066407131722905
0.28141263940520445,1.5165102784801279
0.28147459727385377,-0.7896334623014654
0.2815365551425031,-2.27062832392859
0.2815985130111524,-0.7203975337734843
0.2816604708798017,1.8069636076221567
0.28172242874845105,1.659957224222362
0.28178438661710037,-0.9154445764971822
0.2818463444857497,-1.981113269821185
0.281908302354399,0.035498093013487386
0.28197026022304833,1.9826364539362877
0.28203221809169765,0.9910957641196101
0.28209417596034697,-1.3530430230930515
0.2821561338289963,-1.7734051640658453
0.2822180916976456,0.07492901408586011
0.28228004956629493,1.644731746189072
0.28234200743494425,0.9281503283209043
0.2824039653035936,-1.2315958925820394
0.2824659231722429,-1.9134623209529926
0.2825278810408922,0.35253832863146906
0.28258983890954154,2.7672072484538344
0.28265179677819086,1.3670363118494329
0.2827137546468402,-2.4132553279286864
0.28277571251548944,-2.611335938513771
0.28283767038413876,1.7347862277014379
0.2828996282527881,3.735383645883688
0.2829615861214374,-0.4423139872785935
0.2830235439900867,-4.285396277019317
0.28308550185873604,-1.2251835189210951
0.28314745972738536,3.9270786366487553
0.2832094175960347,2.7365610065663475
0.283271375464684,-2.582916618586794
0.2833333333333333,-3.1329384053356635
0.28339529120198265,1.560799924361161
0.28345724907063197,3.5238260825740113
0.2835192069392813,0.18926791412098698
0.2835811648079306,-2.4739941449155007
0.28364312267657993,-0.9493560662976117
0.28370508054522925,1.3016189907696347
0.28376703841387857,1.2331822305313638
0.2838289962825279,0.08978153062956107
0.2838909541511772,-0.7195957463274252
0.28395291201982653,-1.0255000370259313
0.28401486988847585,0.13456876376848959
0.28407682775712517,2.236518819822469
0.2841387856257745,1.6502410676603243
0.2842007434944238,-1.9471897668001095
0.28426270136307313,-2.5210458792663983
0.28432465923172245,2.1189240205716926
0.2843866171003718,4.1719533650559475
0.28444857496902104,-1.1625117515038026
0.28451053283767036,-5.170211431224578
0.2845724907063197,0.08160995785208147
0.284634448574969,6.107458136728498
0.2846964064436183,1.7699476096315558
0.28475836431226764,-5.892454683034109
0.28482032218091696,-2.96329293598553
0.2848822800495663,6.026304769595171
0.2849442379182156,5.1906492256816135
0.2850061957868649,-4.2868109000436245
0.28506815365551424,-5.793648745779393
0.28513011152416357,3.1492290062858803
0.2851920693928129,6.614053205526982
0.2852540272614622,-1.1987493573615526
0.2853159851301115,-6.220315842853673
0.28537794299876085,-0.09777964300636688
0.28543990086741017,5.801648031272261
0.2855018587360595,1.6661211963420126
0.2855638166047088,-4.178257578468568
0.28562577447335813,-1.6433678701385441
0.28568773234200745,3.7489904765834496
0.28574969021065677,2.525240095279879
0.2858116480793061,-2.09242187979871
0.2858736059479554,-1.8507722215548879
0.28593556381660473,1.6770335702781098
0.28599752168525405,1.7898707206849767
0.2860594795539034,-0.8408963546641828
0.28612143742255264,-1.0281857460212325
0.28618339529120196,0.8606271502333165
0.2862453531598513,0.9369833738977971
0.2863073110285006,-0.26182026796095226
0.2863692688971499,0.19813060521343118
0.28643122676579924,1.2194327979930857
0.28649318463444856,0.24880021327060642
0.2865551425030979,-0.9718965823158454
0.2866171003717472,0.32034386435152973
0.2866790582403965,1.9289497141710112
0.28674101610904584,0.3911164603113866
0.28680297397769516,-2.029471869237526
0.2868649318463445,-0.7895636999030429
0.2869268897149938,2.44169909123995
0.2869888475836431,2.028041568202496
0.28705080545229245,-1.6392645104454122
0.28711276332094177,-2.1954159706368244
0.2871747211895911,1.7088357884014296
0.2872366790582404,3.5183132638400583
0.28729863692688973,-0.1246386507218229
0.28736059479553905,-3.191071338045389
0.28742255266418837,-0.3933371397330534
0.2874845105328377,3.471373890318829
0.287546468401487,1.6242502043250848
0.28760842627013633,-2.822983459708281
0.28767038413878565,-2.1572259263608196
0.28773234200743497,2.486706705579575
0.28779429987608424,3.1598048948875093
0.28785625774473356,-1.037419986012569
0.2879182156133829,-2.719905355491682
0.2879801734820322,0.73916924495882
0.2880421313506815,3.1824781475200377
0.28810408921933084,0.78438145329594
0.28816604708798016,-2.0621062563026085
0.2882280049566295,-1.120575224450317
0.2882899628252788,1.2693915237528635
0.2883519206939281,1.5137952607992244
0.28841387856257744,0.1457071380414401
0.28847583643122676,-0.8415378230196955
0.2885377942998761,-0.8809632703727726
0.2885997521685254,0.29247476217531443
0.2886617100371747,2.0626446136240126
0.28872366790582404,1.7122720572150958
0.28878562577447336,-1.3613057405215259
0.2888475836431227,-2.5381539808466576
0.288909541511772,0.9753298856392156
0.2889714993804213,3.7670893359107915
0.28903345724907065,0.5198909737746032
0.28909541511771997,-3.8271713238508176
0.2891573729863693,-1.7618569516116405
0.2892193308550186,3.385532183138009
0.28928128872366793,2.9294452748813313
0.28934324659231725,-1.9324285056556225
0.28940520446096657,-2.6793778299908135
0.28946716232961583,1.292835373290897
0.28952912019826516,2.667469475961111
0.2895910780669145,-0.06826474139046068
0.2896530359355638,-1.283444687091025
0.2897149938042131,0.2807294153519517
0.28977695167286244,0.420874720852367
0.28983890954151176,-0.8756240997265176
0.2899008674101611,0.12843103272322653
0.2899628252788104,1.9288264761775928
0.2900247831474597,0.15696031713141068
0.29008674101610904,-2.6310105627954083
0.29014869888475836,-0.6530998082636077
0.2902106567534077,3.4455536578571127
0.290272614622057,2.2462200181322287
0.2903345724907063,-2.715302373647609
0.29039653035935564,-2.959139932206389
0.29045848822800496,1.9426861021845463
0.2905204460966543,3.5635033051705225
0.2905824039653036,-0.6547629288639851
0.2906443618339529,-3.4888228977574283
0.29070631970260224,-0.6704379926905747
0.29076827757125157,2.7201030136724276
0.2908302354399009,1.6361276218570686
0.2908921933085502,-1.3975101882937295
0.2909541511771995,-1.680506734442353
0.29101610904584885,0.576478527813048
0.29107806691449817,1.8677459662393996
0.29114002478314743,0.6631944390442888
0.29120198265179675,-1.241534576398835
0.2912639405204461,-1.3081762369185688
0.2913258983890954,0.5420048380684117
0.2913878562577447,1.5198678139824624
0.29144981412639404,-0.09495312728593183
0.29151177199504336,-1.7540307472876835
0.2915737298636927,-0.4445487243965541
0.291635687732342,1.8007437672341728
0.2916976456009913,1.0242252112712051
0.29175960346964064,-1.4119891963631621
0.29182156133828996,-0.9965735236243574
0.2918835192069393,1.5007948340721364
0.2919454770755886,1.2372432747083502
0.2920074349442379,-1.4619851188843382
0.29206939281288724,-1.4489627890625796
0.29213135068153656,1.339853554211929
0.2921933085501859,1.407733050978889
0.2922552664188352,-1.699399968105697
0.2923172242874845,-1.9494031980408917
0.29237918215613384,1.7691147278997224
0.29244114002478316,2.7635160456311754
0.2925030978934325,-1.319517318815417
0.2925650557620818,-3.3998829485084103
0.2926270136307311,0.7053875282530129
0.29268897149938045,4.195279239172459
0.29275092936802977,0.6528468061993384
0.29281288723667903,-4.468188547747535
0.29287484510532835,-2.5893459773599865
0.2929368029739777,3.4875125914519645
0.292998760842627,3.9173780759598897
0.2930607187112763,-2.084904206832762
0.29312267657992563,-4.91425338612153
0.29318463444857495,-0.0159132260077135
0.2932465923172243,4.947517427246678
0.2933085501858736,2.341521084881212
0.2933705080545229,-3.5991771751517234
0.29343246592317224,-3.7527373378177433
0.29349442379182156,1.7043933734212613
0.2935563816604709,4.132727639887744
0.2936183395291202,0.1190634865899095
0.2936802973977695,-3.8283532382768586
0.29374225526641884,-1.9856040152173553
0.29380421313506816,2.246842826085149
0.2938661710037175,2.609084395462159
0.2939281288723668,-0.6061465933228085
0.2939900867410161,-2.3073802989571948
0.29405204460966544,-0.6169298780957533
0.29411400247831476,1.5774145827016162
0.2941759603469641,1.5693949650783723
0.2942379182156134,-0.2527673540607003
0.2942998760842627,-1.7384723507124689
0.29436183395291204,-1.1846818028945942
0.29442379182156136,0.9313089997208068
0.29448574969021063,1.829472865620569
0.29454770755885995,-0.15415624142052387
0.29460966542750927,-2.330490485870956
0.2946716232961586,-1.043588936833773
0.2947335811648079,2.1534387020577874
0.29479553903345723,2.2688454705044934
0.29485749690210655,-1.0537152892208834
0.2949194547707559,-2.648878660395586
0.2949814126394052,-0.12546997572042362
0.2950433705080545,2.4649924935180754
0.29510532837670383,1.3052389304140375
0.29516728624535316,-1.6645732704878355
0.2952292441140025,-2.3745565897235217
0.2952912019826518,-0.1884761333558827
0.2953531598513011,2.1711808903296848
0.29541511771995044,1.9572427210951588
0.29547707558859976,-0.9234178525072252
0.2955390334572491,-3.037652781865579
0.2956009913258984,-0.8129952504275367
0.2956629491945477,3.4994333131708375
0.29572490706319704,3.2198459400357327
0.29578686493184636,-2.3715246110486454
0.2958488228004957,-4.962983550507132
0.295910780669145,0.1638319544835108
0.2959727385377943,5.294600043817688
0.29603469640644364,2.047870871233814
0.29609665427509296,-4.525452122367016
0.29615861214374223,-3.938145954682117
0.29622057001239155,2.624384856768971
0.29628252788104087,4.850514484518205
0.2963444857496902,0.11761082826903604
0.2964064436183395,-3.7949095356326783
0.29646840148698883,-1.9326523738499517
0.29653035935563815,1.9676932788440757
0.29659231722428747,2.9633259432768746
0.2966542750929368,0.561562083604796
0.2967162329615861,-2.713610600374694
0.29677819083023543,-3.1920007874506364
0.29684014869888475,0.9335425149478097
0.2969021065675341,4.906303490936579
0.2969640644361834,1.754653135852493
0.2970260223048327,-5.213357771100647
0.29708798017348204,-4.330347681442807
0.29714993804213136,4.787734849552676
0.2972118959107807,7.249782521922527
0.29727385377943,-2.625114044972671
0.2973358116480793,-8.953590543697068
0.29739776951672864,-0.14296291873379663
0.29745972738537796,9.504170347659606
0.2975216852540273,3.091579495137111
0.2975836431226766,-8.906069358556374
0.2976456009913259,-5.863052626137028
0.29770755885997524,7.13202270135114
0.29776951672862456,7.98616242979699
0.2978314745972738,-4.156304797159528
0.29789343246592315,-8.285811661297878
0.29795539033457247,1.6953015807205785
0.2980173482032218,7.952178415307616
0.2980793060718711,0.7781432813580582
0.29814126394052043,-6.361193008494192
0.29820322180916975,-2.2005227465114747
0.29826517967781907,4.340861300791997
0.2983271375464684,2.439130447913837
0.2983890954151177,-2.676756321579974
0.29845105328376703,-1.9266276259801953
0.29851301115241635,1.7816416187834851
0.2985749690210657,1.4866815111682201
0.298636926889715,-0.9903494117080271
0.2986988847583643,-0.5448787244922555
0.29876084262701363,1.2496698168542086
0.29882280049566295,0.510529579971702
0.2988847583643123,-1.1929777085616238
0.2989467162329616,-0.6318199992449984
0.2990086741016109,0.871895315119365
0.29907063197026024,0.6397068842745111
0.29913258983890956,-0.47679312579449284
0.2991945477075589,-0.5526184960568008
0.2992565055762082,0.03189528960266502
0.2993184634448575,0.4014504921440074
0.29938042131350684,0.7136298325344226
0.29944237918215616,0.5462732247656819
0.2995043370508054,-0.5739823617115749
0.29956629491945475,-1.033588156840717
0.29962825278810407,0.4600261589528931
0.2996902106567534,1.5091535264201699
0.2997521685254027,-0.2309792922030911
0.299814126394052,-2.01133397321425
0.29987608426270135,-0.36044669192360246
0.29993804213135067,2.072696887730883
0.3,0.8115634266233958
0.3000619578686493,-1.949800753235291
0.30012391573729863,-0.9852483126409166
0.30018587360594795,2.129443705756661
0.30024783147459727,1.6008128935747774
0.3003097893432466,-1.7900181486132927
0.3003717472118959,-1.930602562491555
0.30043370508054523,1.3281800525389718
0.30049566294919455,1.9314799770936177
0.3005576208178439,-1.1186712157452394
0.3006195786864932,-2.1415913530770574
0.3006815365551425,0.49035556246644263
0.30074349442379184,1.719993275213773
0.30080545229244116,-0.2973928581737043
0.3008674101610905,-1.1530690499782952
0.3009293680297398,0.6682928378073212
0.3009913258983891,0.9651193263845854
0.30105328376703844,-1.1902686589946088
0.30111524163568776,-1.116570620505766
0.301177199504337,1.7211086504616495
0.30123915737298634,1.5076541554243517
0.30130111524163566,-2.536224328656961
0.301363073110285,-3.0547647224302192
0.3014250309789343,2.0486054396130196
0.3014869888475836,4.127580233319487
0.30154894671623295,-1.2935791623182415
0.30161090458488227,-5.218541104313247
0.3016728624535316,-0.21526898202271805
0.3017348203221809,5.650992575441463
0.30179677819083023,2.007355916059719
0.30185873605947955,-5.399292927283986
0.30192069392812887,-3.99129314118124
0.3019826517967782,3.887699850017315
0.3020446096654275,4.777041162562408
0.30210656753407683,-2.7869921878440698
0.30216852540272615,-5.890286678067844
0.30223048327137547,0.5560089115957303
0.3022924411400248,5.516802233300979
0.3023543990086741,0.9795115399968006
0.30241635687732343,-4.9646771458401275
0.30247831474597275,-2.5416412615537904
0.3025402726146221,3.627178519474584
0.3026022304832714,3.2900027180612357
0.3026641883519207,-2.4576315670249342
0.30272614622057004,-4.166095994403533
0.30278810408921936,0.20601564562595187
0.3028500619578687,3.2149769001090363
0.30291201982651794,0.639967361014852
0.30297397769516726,-2.8438432670575198
0.3030359355638166,-2.1225501357824808
0.3030978934324659,1.0761605256868354
0.3031598513011152,2.098682745565684
0.30322180916976454,0.14577411001063567
0.30328376703841387,-1.8155732105807294
0.3033457249070632,-1.5785970166717598
0.3034076827757125,0.1886432359606499
0.3034696406443618,1.343601673082993
0.30353159851301115,0.49698143301010367
0.30359355638166047,-1.568871472874938
0.3036555142503098,-2.3442327531965534
0.3037174721189591,-0.4313043306745261
0.30377942998760843,2.018114986024822
0.30384138785625775,1.475070761136792
0.30390334572490707,-1.7909089222476762
0.3039653035935564,-3.1460378020601794
0.3040272614622057,-0.07371142865670377
0.30408921933085503,3.249113956849116
0.30415117719950435,1.4705800196683443
0.3042131350681537,-3.369965555353021
0.304275092936803,-3.999399312744719
0.3043370508054523,0.9758474245059471
0.30439900867410163,4.139565105828066
0.30446096654275095,0.36629349674556866
0.3045229244114003,-4.793935234833233
0.30458488228004954,-3.2692390394782507
0.30464684014869886,2.9315881105017567
0.3047087980173482,4.4784703226384295
0.3047707558859975,-1.090553142621893
0.3048327137546468,-5.524109632905464
0.30489467162329614,-2.1856402940158777
0.30495662949194546,4.035675209740193
0.3050185873605948,3.8367778053072454
0.3050805452292441,-2.8247529169732952
0.3051425030978934,-6.294593403494675
0.30520446096654275,-1.0755394317804021
0.30526641883519207,5.555435156686175
0.3053283767038414,3.510667332460179
0.3053903345724907,-4.713938349006293
0.30545229244114,-6.596266040516264
0.30551425030978935,1.4755176994188164
0.30557620817843867,7.3728103127019455
0.305638166047088,1.396266971422338
0.3057001239157373,-7.632556843025946
0.30576208178438663,-5.426575436327819
0.30582403965303595,4.735073565732458
0.30588599752168527,6.7021607712139915
0.3059479553903346,-2.5779580781893023
0.3060099132589839,-8.180905834694777
0.30607187112763323,-1.5030907919823748
0.30613382899628255,6.421913313568002
0.3061957868649319,3.575422172494343
0.30625774473358114,-4.454213675682424
0.30631970260223046,-5.216716215480097
0.3063816604708798,1.0070401300785126
0.3064436183395291,4.126909079667288
0.3065055762081784,0.7739837517725887
0.30656753407682774,-3.072026203773448
0.30662949194547706,-2.918013171209078
0.3066914498141264,-0.31847463251846597
0.3067534076827757,1.7748975836239556
0.306815365551425,1.7684983148986562
0.30687732342007434,-0.744401621839196
0.30693928128872366,-3.3533407144500047
0.307001239157373,-1.963773245204932
0.3070631970260223,2.603392932647738
0.3071251548946716,3.629747364086533
0.30718711276332095,-1.4095055801600296
0.30724907063197027,-5.278100645404801
0.3073110285006196,-1.6202608325826682
0.3073729863692689,4.208929833643318
0.30743494423791823,3.0222269211935777
0.30749690210656755,-3.4109248930752787
0.30755885997521687,-5.000633234241438
0.3076208178438662,0.6290818075207274
0.3076827757125155,4.672080766710566
0.30774473358116483,1.2796109904503443
0.30780669144981415,-3.8172554860370793
0.30786864931846347,-3.031633484709756
0.30793060718711274,1.6769799319232064
0.30799256505576206,3.037570852122538
0.3080545229244114,-0.25702528189316476
0.3081164807930607,-2.921098021041904
0.30817843866171,-1.7687946245879655
0.30824039653035934,0.8030939441234208
0.30830235439900866,1.6643417348911336
0.308364312267658,0.5598352879640693
0.3084262701363073,-1.2380457743146196
0.3084882280049566,-2.1270298371892857
0.30855018587360594,-0.4905298053172933
0.30861214374225526,2.5867897293106727
0.3086741016109046,2.5393855747926493
0.3087360594795539,-2.0793072811893563
0.3087980173482032,-4.833514541646507
0.30885997521685254,-0.194021659671878
0.30892193308550187,5.601199231567864
0.3089838909541512,2.5022354681833208
0.3090458488228005,-5.837817798331656
0.3091078066914498,-5.646884960207873
0.30916976456009915,4.123451256856901
0.30923172242874847,7.938830898452921
0.3092936802973978,-1.1940071953611353
0.3093556381660471,-8.758790166587403
0.30941759603469643,-2.0412915191207093
0.30947955390334575,8.173441818918484
0.30954151177199507,5.064518541718158
0.30960346964064434,-6.21598884059177
0.30966542750929366,-7.271215276925508
0.309727385377943,3.054300885977969
0.3097893432465923,7.658476781475725
0.3098513011152416,-0.1100185934674266
0.30991325898389094,-6.7607696626459095
0.30997521685254026,-2.048043341493644
0.3100371747211896,5.329126177994459
0.3100991325898389,3.755684182365078
0.3101610904584882,-2.932876554636319
0.31022304832713754,-3.782740063520784
0.31028500619578686,1.3579631561909893
0.3103469640644362,3.5374974966738266
0.3104089219330855,-0.03453557688916875
0.3104708798017348,-2.8681620086212236
0.31053283767038414,-0.7267091793848489
0.31059479553903346,2.304775501604333
0.3106567534076828,1.4399325528425209
0.3107187112763321,-1.3192210856041626
0.3107806691449814,-1.233569621909745
0.31084262701363075,1.3413557273040553
0.31090458488228007,1.994409108606067
0.3109665427509294,-0.25832406407057734
0.3110285006195787,-1.5636241216979336
0.311090458488228,0.10916277965385202
0.31115241635687735,1.6801117993115244
0.31121437422552667,0.48072380617823746
0.31127633209417593,-1.1925828949023152
0.31133828996282525,-0.36904979553308154
0.3114002478314746,1.3398442243814868
0.3114622057001239,0.9090711929956582
0.3115241635687732,-0.5594839678677926
0.31158612143742254,-0.12566779821948781
0.31164807930607186,1.3677857454554683
0.3117100371747212,0.9465401519707428
0.3117719950433705,-0.7710903775343403
0.3118339529120198,-0.6344497825426993
0.31189591078066914,1.1583324415709837
0.31195786864931846,1.3568313066314244
0.3120198265179678,-0.4431582791785641
0.3120817843866171,-1.124930357841746
0.3121437422552664,0.4228250465339647
0.31220570012391574,1.636234178682562
0.31226765799256506,0.877759850159286
0.3123296158612144,-0.25942834548724214
0.3123915737298637,-0.19250406226520633
0.312453531598513,0.46153060174935834
0.31251548946716234,0.79292277517509
0.31257744733581166,0.8446567749677103
0.312639405204461,0.4559628519320569
0.3127013630731103,-0.5025297133296105
0.3127633209417596,-0.7459230765808681
0.31282527881040895,0.7242978904751229
0.31288723667905827,1.9668610141760834
0.31294919454770753,0.632633307723286
0.31301115241635685,-1.4101064186386894
0.3130731102850062,-0.4407000079638057
0.3131350681536555,2.3510094555220635
0.3131970260223048,2.07680840361694
0.31325898389095413,-1.2004158686893656
0.31332094175960346,-1.7579549063894069
0.3133828996282528,1.7011406478324012
0.3134448574969021,2.8967706584203916
0.3135068153655514,-0.9440861744493192
0.31356877323420074,-3.0536998464273477
0.31363073110285006,1.1772617100511387
0.3136926889714994,4.690052105444519
0.3137546468401487,0.485659959829833
0.313816604708798,-4.669488986377199
0.31387856257744734,-0.9270672807262326
0.31394052044609666,6.203252510757075
0.314002478314746,3.8615389207159683
0.3140644361833953,-5.04677412638686
0.3141263940520446,-5.189760468333948
0.31418835192069394,4.445554404700638
0.31425030978934326,7.415614340662888
0.3143122676579926,-1.886151055976912
0.3143742255266419,-7.651624442217105
0.3144361833952912,0.19044567468662643
0.31449814126394054,8.209292272032867
0.31456009913258987,2.82612744627965
0.31462205700123913,-6.204097508946776
0.31468401486988845,-3.3811974186010985
0.31474597273853777,5.644623494016817
0.3148079306071871,5.042729524568941
0.3148698884758364,-3.358070568562196
0.31493184634448573,-4.6385098297424205
0.31499380421313505,2.5201290076780856
0.3150557620817844,4.94592794062908
0.3151177199504337,-0.9467220496240792
0.315179677819083,-4.074851837463822
0.31524163568773234,0.6713841452880552
0.31530359355638166,4.390870409063713
0.315365551425031,0.9875603310967522
0.3154275092936803,-2.9236253402094294
0.3154894671623296,-0.8314321146531249
0.31555142503097894,2.9219760724749326
0.31561338289962826,1.973242466449837
0.3156753407682776,-1.4631051429177153
0.3157372986369269,-1.701999099733325
0.3157992565055762,0.8921417634892207
0.31586121437422554,1.8351474388042242
0.31592317224287486,0.21459355197884916
0.3159851301115242,-0.9104613628781129
0.3160470879801735,-0.01656020705740302
0.3161090458488228,1.1067445438121162
0.31617100371747214,0.8023273204776464
0.31623296158612146,-0.07186046069754548
0.31629491945477073,-0.005254976721540794
0.31635687732342005,0.5901283856309688
0.31641883519206937,0.2928646827663485
0.3164807930607187,-0.519620874701942
0.316542750929368,-0.13781135103329262
0.31660470879801733,1.037291885780026
0.31666666666666665,0.6480453656897692
0.316728624535316,-1.0540743870972586
0.3167905824039653,-0.7999315302096226
0.3168525402726146,1.654361691365299
0.31691449814126393,2.01542062296762
0.31697645600991325,-0.9636720135632535
0.3170384138785626,-2.1860072779532613
0.3171003717472119,0.9869484787437823
0.3171623296158612,3.0593512308140838
0.31722428748451054,-0.21636621681110435
0.31728624535315986,-3.4195737601856795
0.3173482032218092,-0.5822798638683488
0.3174101610904585,3.5763193114000513
0.3174721189591078,1.5485585942908628
0.31753407682775714,-3.2275573987834667
0.31759603469640646,-2.140636594781446
0.3176579925650558,3.055123430280636
0.3177199504337051,3.2072417937343376
0.3177819083023544,-1.882128220445151
0.31784386617100374,-3.2886741016284384
0.31790582403965306,1.054512382482847
0.3179677819083023,3.223443807987845
0.31802973977695165,-0.2372659753033023
0.31809169764560097,-2.9041013426391746
0.3181536555142503,-0.5898320267988479
0.3182156133828996,2.0173748040164283
0.31827757125154893,0.7944786227030474
0.31833952912019825,-1.1359777510738347
0.31840148698884757,-0.43773402005049766
0.3184634448574969,0.7300857974785717
0.3185254027261462,0.12874280254983106
0.31858736059479553,-0.34718280539594426
0.31864931846344485,0.5052502906967911
0.3187112763320942,0.4130272836632507
0.3187732342007435,-1.1970883122421914
0.3188351920693928,-1.2312700943427684
0.31889714993804213,0.9814257649397629
0.31895910780669146,1.5765966947362147
0.3190210656753408,-0.8836776223186138
0.3190830235439901,-2.2121328935632345
0.3191449814126394,0.1924721109270734
0.31920693928128874,2.470549482681069
0.31926889714993806,0.7651642342183315
0.3193308550185874,-2.1851041058969476
0.3193928128872367,-1.6673249732325615
0.319454770755886,1.2925931159006283
0.31951672862453534,1.8913171315114239
0.31957868649318466,-0.7094430144347857
0.3196406443618339,-2.429764363259109
0.31970260223048325,-0.776455599777983
0.31976456009913257,1.67295836376012
0.3198265179677819,1.4036335045231156
0.3198884758364312,-1.0027529880377128
0.31995043370508053,-1.946608753535782
0.32001239157372985,-0.036064515016280524
0.32007434944237917,1.9148316069958888
0.3201363073110285,0.9254082093508698
0.3201982651796778,-1.6924960757628873
0.32026022304832713,-2.0737552056921897
0.32032218091697645,0.4103166201033762
0.32038413878562577,1.9721452672759703
0.3204460966542751,0.1000223800123538
0.3205080545229244,-2.372178670785507
0.32057001239157373,-1.4571787599246373
0.32063197026022305,1.6562109870199646
0.3206939281288724,2.166727457790688
0.3207558859975217,-0.8527721650930011
0.320817843866171,-2.7179697763660036
0.32087980173482034,-0.37163510892738505
0.32094175960346966,2.5215095183827483
0.321003717472119,1.1496700651883058
0.3210656753407683,-2.544691516597077
0.3211276332094176,-2.6174068279615152
0.32118959107806694,1.2015095411173509
0.32125154894671626,2.7281828045073055
0.3213135068153655,-0.5625544096975053
0.32137546468401484,-3.130590060336056
0.32143742255266416,-0.584012712297431
0.3214993804213135,2.793212775239456
0.3215613382899628,1.3211232791625904
0.3216232961586121,-2.3414145311453294
0.32168525402726145,-1.9621566467092086
0.32174721189591077,1.4246850694093847
0.3218091697645601,1.7132801456343727
0.3218711276332094,-1.3450900792023712
0.32193308550185873,-2.143728767199372
0.32199504337050805,0.47571173241105535
0.32205700123915737,1.6054712171903187
0.3221189591078067,-0.45121002023981227
0.322180916976456,-1.5464738824350341
0.32224287484510533,0.21351009523686648
0.32230483271375465,1.3525843694528028
0.322366790582404,-0.04944755251423194
0.3224287484510533,-1.1778437149100611
0.3224907063197026,-0.27239624821843833
0.32255266418835193,0.5280801086848562
0.32261462205700125,-0.08605100533609855
0.3226765799256506,-0.5220449073713085
0.3227385377942999,-0.15763741343522764
0.3228004956629492,-0.22332180535051638
0.32286245353159854,-0.41867649459603307
0.32292441140024786,0.44054258743601604
0.3229863692688972,0.9797034929128277
0.32304832713754644,-0.4224754013670615
0.32311028500619576,-1.4658223337438203
0.3231722428748451,0.2818317992427024
0.3232342007434944,1.9034498301840068
0.3232961586121437,-0.0661378542880584
0.32335811648079305,-2.475050922150137
0.32342007434944237,-0.7339117222997408
0.3234820322180917,2.251897869906256
0.323543990086741,0.9635173466765286
0.3236059479553903,-2.2775664493002714
0.32366790582403965,-1.3587115742713096
0.32372986369268897,2.1227608727539784
0.3237918215613383,1.7829962282003606
0.3238537794299876,-1.5675969979004811
0.32391573729863693,-1.6718177961495164
0.32397769516728625,1.296083486132519
0.32403965303593557,1.5226258178152519
0.3241016109045849,-1.1331188795849447
0.3241635687732342,-1.418269010346088
0.32422552664188353,0.8015458247083436
0.32428748451053285,0.8563875575342355
0.3243494423791822,-0.9805480069045045
0.3244114002478315,-0.41219840332987046
0.3244733581164808,1.537756972818805
0.32453531598513014,0.4703492449374589
0.32459727385377946,-1.7888601475711017
0.3246592317224288,-0.24385382461244998
0.32472118959107804,2.6392288388790957
0.32478314745972736,0.7771745248822697
0.3248451053283767,-3.1415433475893866
0.324907063197026,-1.5684832560487867
0.3249690210656753,3.288725290691808
0.32503097893432464,2.4008020736861266
0.32509293680297396,-3.205380291656101
0.3251548946716233,-3.264489642192228
0.3252168525402726,3.0065024392312463
0.3252788104089219,4.5481063383608715
0.32534076827757125,-1.809507783113325
0.32540272614622057,-4.948828364806033
0.3254646840148699,1.0029886589985
0.3255266418835192,5.734758592777618
0.32558859975216853,0.6004564385125155
0.32565055762081785,-5.846322639030042
0.32571251548946717,-2.3637092593057236
0.3257744733581165,5.3597374199870895
0.3258364312267658,4.185814750909901
0.32589838909541513,-4.01291193072876
0.32596034696406445,-5.403122151695177
0.32602230483271377,2.4799072180845787
0.3260842627013631,6.63913078457276
0.3261462205700124,0.33022981019194436
0.32620817843866173,-6.016369564173801
0.32627013630731105,-2.3181623802609757
0.3263320941759604,4.957741256011285
0.32639405204460964,4.111162746554753
0.32645600991325896,-2.909527064460379
0.3265179677819083,-4.78256679187851
0.3265799256505576,0.6887090368695103
0.3266418835192069,4.4324663126721475
0.32670384138785624,1.4380439842740875
0.32676579925650556,-2.6672038937460196
0.3268277571251549,-2.0131020074703003
0.3268897149938042,1.312043161837195
0.3269516728624535,2.4316186083022235
0.32701363073110284,0.7095444677635487
0.32707558859975217,-1.3037334726189334
0.3271375464684015,-1.6697911361006301
0.3271995043370508,-0.06594789169809182
0.3272614622057001,1.9181546997484973
0.32732342007434945,1.4947583473940218
0.32738537794299877,-1.3586912671386875
0.3274473358116481,-2.4003588792106756
0.3275092936802974,0.6395365294745414
0.32757125154894673,3.2928150280339072
0.32763320941759605,1.0136645302636602
0.32769516728624537,-2.748707356364504
0.3277571251548947,-1.8238714840548442
0.327819083023544,2.2215508742716783
0.32788104089219333,2.674507116636731
0.32794299876084265,-1.0706351570256982
0.328004956629492,-2.9369290769675667
0.32806691449814124,-0.36319957469163777
0.32812887236679056,2.3788364115868466
0.3281908302354399,1.6087821723446771
0.3282527881040892,-1.016785512369355
0.3283147459727385,-2.0153624587480117
0.32837670384138784,-0.2962027682372902
0.32843866171003716,2.237898083970485
0.3285006195786865,2.247470727135229
0.3285625774473358,-1.1708459021089639
0.3286245353159851,-3.568677899530207
0.32868649318463444,-0.5167006053753573
0.32874845105328376,4.007551612434156
0.3288104089219331,2.170880486377747
0.3288723667905824,-3.9811232374486614
0.3289343246592317,-4.00107617672681
0.32899628252788105,3.056569938533392
0.32905824039653037,5.361956770125348
0.3291201982651797,-1.5174236137781552
0.329182156133829,-5.810761895989685
0.3292441140024783,0.1722627666991331
0.32930607187112765,5.893164805960104
0.32936802973977697,1.0720129663335438
0.3294299876084263,-5.740454794066106
0.3294919454770756,-2.482956264446182
0.32955390334572493,4.7227845748054005
0.32961586121437425,2.9378904392947605
0.32967781908302357,-4.205550658007924
0.32973977695167284,-3.677079437131032
0.32980173482032216,3.205525859618324
0.3298636926889715,3.9338312842600587
0.3299256505576208,-2.2367470660661644
0.3299876084262701,-3.909573329203383
0.33004956629491944,1.2422671557378906
0.33011152416356876,3.3321811510644794
0.3301734820322181,-0.9177566898084115
0.3302354399008674,-3.235982932412922
0.3302973977695167,0.005495627063102804
0.33035935563816604,2.0577303520384183
0.33042131350681536,-0.46653695563564623
0.3304832713754647,-1.9493178307840404
0.330545229244114,0.3836114528885999
0.3306071871127633,1.4667312629184486
0.33066914498141264,-0.8599096295062337
0.33073110285006196,-1.6266467986471194
0.3307930607187113,0.873806764456336
0.3308550185873606,1.4160017069023163
0.3309169764560099,-1.5386492288101943
0.33097893432465925,-2.2858106046671507
0.33104089219330857,0.9179668567221198
0.3311028500619579,1.8711492521725357
0.3311648079306072,-1.6449678714797893
0.33122676579925653,-2.904882171590283
0.33128872366790585,1.0968174356167564
0.33135068153655517,3.0972606055892347
0.33141263940520443,-1.180693540076832
0.33147459727385375,-4.175195054664922
0.3315365551425031,0.13889866639094856
0.3315985130111524,4.384955408944032
0.3316604708798017,0.3849144116859749
0.33172242874845104,-5.48556980643009
0.33178438661710036,-2.770161604533545
0.3318463444857497,4.300851424671688
0.331908302354399,3.5384492439648296
0.3319702602230483,-3.973838377384668
0.33203221809169764,-5.47245525914984
0.33209417596034696,1.6021515825176387
0.3321561338289963,5.430969401166113
0.3322180916976456,0.015361834346725167
0.3322800495662949,-5.377149352432972
0.33234200743494424,-2.4313719735214314
0.33240396530359356,3.2172389983876446
0.3324659231722429,2.6844354302210824
0.3325278810408922,-2.183680112695055
0.3325898389095415,-3.731840047192497
0.33265179677819084,-0.725415176389845
0.33271375464684017,1.8879814172761316
0.3327757125154895,1.283148307576196
0.3328376703841388,-0.9900654033891354
0.3328996282527881,-2.3665430054468026
0.33296158612143745,-1.3460669891655528
0.33302354399008677,1.3162813452394653
0.33308550185873603,2.1670335713621767
0.33314745972738535,-0.7990838501407183
0.3332094175960347,-3.7419261379082682
0.333271375464684,-1.7794629742503005
0.3333333333333333,2.5089191806385074
0.33339529120198264,2.21390057432923
0.33345724907063196,-2.447672025321331
0.3335192069392813,-3.963149623943954
0.3335811648079306,0.11687194616513596
0.3336431226765799,3.25206999877942
0.33370508054522924,0.8668175466989909
0.33376703841387856,-2.8251175303927423
0.3338289962825279,-2.5129848068271334
0.3338909541511772,0.4585583842008747
0.3339529120198265,1.780508390568605
0.33401486988847584,0.4079270939101791
0.33407682775712516,-1.8124568707309872
0.3341387856257745,-2.736563954217505
0.3342007434944238,-0.9435088280539896
0.3342627013630731,2.1684152904554956
0.33432465923172244,2.1843357896319566
0.33438661710037176,-1.9921770490301502
0.3344485749690211,-4.308444722795779
0.3345105328376704,-0.24915990271122868
0.3345724907063197,4.3573369110589315
0.33463444857496905,1.691001604457315
0.33469640644361837,-4.472644976496133
0.33475836431226763,-4.180431676699813
0.33482032218091695,2.0289197453758985
0.33488228004956627,3.9827012763558765
0.3349442379182156,-1.0152231284692343
0.3350061957868649,-4.408134745563296
0.33506815365551423,-1.3090368032831001
0.33513011152416355,2.5156306721646517
0.3351920693928129,1.6403528265939842
0.3352540272614622,-1.192954467474177
0.3353159851301115,-1.8011623435230413
0.33537794299876084,-0.754422083580134
0.33543990086741016,0.1852455967464517
0.3355018587360595,0.9132184858418934
0.3355638166047088,0.5544588442535472
0.3356257744733581,-1.6001052332482126
0.33568773234200744,-2.639457115861
0.33574969021065676,0.06790824454139721
0.3358116480793061,2.816838194226341
0.3358736059479554,0.722349890994734
0.3359355638166047,-3.117210892934001
0.33599752168525404,-2.1073098504192673
0.33605947955390336,2.2248738325587283
0.3361214374225527,2.5900999056667393
0.336183395291202,-1.439904260158978
0.3362453531598513,-3.0730381148494925
0.33630731102850064,-0.18921212713721158
0.33636926889714996,1.9667348973233967
0.33643122676579923,0.4640685435529447
0.33649318463444855,-1.480383596375961
0.33655514250309787,-1.1850714797396966
0.3366171003717472,0.08097909395212466
0.3366790582403965,0.8390758487953721
0.33674101610904583,0.9237963848015867
0.33680297397769515,-0.11028724062748796
0.3368649318463445,-1.5786022857492181
0.3369268897149938,-0.912163941733233
0.3369888475836431,1.6534065459754397
0.33705080545229243,1.7205918484995164
0.33711276332094176,-1.6788513911760246
0.3371747211895911,-2.907045269062132
0.3372366790582404,0.7347889501946746
0.3372986369268897,3.2513183420971785
0.33736059479553904,0.13099927887888008
0.33742255266418836,-3.2081705576299484
0.3374845105328377,-0.8481486334246464
0.337546468401487,3.0576499107348925
0.3376084262701363,1.8606448601671632
0.33767038413878564,-1.977977160560951
0.33773234200743496,-2.0075367146307177
0.3377942998760843,0.9905743337657426
0.3378562577447336,1.7520492013602864
0.3379182156133829,-0.05089933762943022
0.33798017348203224,-1.0062983455272616
0.33804213135068156,-0.5530440916232777
0.33810408921933083,0.021186300557457988
0.33816604708798015,0.9731181111851146
0.33822800495662947,1.696903635722153
0.3382899628252788,0.08689964679800277
0.3383519206939281,-2.200524035116078
0.33841387856257743,-0.63577138684925
0.33847583643122675,3.2063745814852345
0.33853779429987607,2.3501082821989536
0.3385997521685254,-2.857895807791231
0.3386617100371747,-3.486629834163552
0.33872366790582403,2.3387658984181368
0.33878562577447335,4.767810417352565
0.3388475836431227,-0.7626089644788375
0.338909541511772,-4.72191006696332
0.3389714993804213,0.01267060771066808
0.33903345724907064,5.336762106340494
0.33909541511771996,2.112971827910379
0.3391573729863693,-3.881847566466316
0.3392193308550186,-2.4517699263321306
0.3392812887236679,3.403337904166676
0.33934324659231724,3.5566085013830144
0.33940520446096656,-1.678578294997771
0.3394671623296159,-3.2226344694850035
0.3395291201982652,0.8642558893569037
0.3395910780669145,3.3582362842445725
0.33965303593556384,0.8560877675396139
0.33971499380421316,-1.727442133547558
0.3397769516728624,-0.5508512882364274
0.33983890954151175,1.6850032625273168
0.33990086741016107,1.603820301405686
0.3399628252788104,0.18091559486566966
0.3400247831474597,-0.3525869977567586
0.34008674101610903,-0.07903304518305476
0.34014869888475835,0.19910078907584444
0.34021065675340767,0.7227120052749841
0.340272614622057,1.218078985996108
0.3403345724907063,0.46984221674246274
0.34039653035935563,-0.957712823335306
0.34045848822800495,-0.496289503213497
0.3405204460966543,1.9751247883344787
0.3405824039653036,2.654256060339109
0.3406443618339529,-0.2458494503740556
0.34070631970260223,-2.424866926736513
0.34076827757125155,0.10721021149282572
0.3408302354399009,3.599381387608402
0.3408921933085502,1.9392369366380597
0.3409541511771995,-2.6303847697364278
0.34101610904584884,-2.4250359458449573
0.34107806691449816,2.545307155259149
0.3411400247831475,4.008065407623814
0.3412019826517968,-0.4637988928028367
0.3412639405204461,-3.135960065080967
0.34132589838909544,0.4346423508270103
0.34138785625774476,3.9140683934894174
0.341449814126394,1.6310929744284905
0.34151177199504335,-2.015706579321698
0.34157372986369267,-1.1963415713931171
0.341635687732342,1.6835715481893676
0.3416976456009913,1.8065476027508764
0.3417596034696406,0.15104046558971662
0.34182156133828995,-0.34650647191753814
0.34188351920693927,-0.19519269943135464
0.3419454770755886,-0.0029551664720135484
0.3420074349442379,1.4734510354242545
0.34206939281288723,2.613117727017534
0.34213135068153655,0.16974009392359335
0.34219330855018587,-2.843810339778662
0.3422552664188352,-0.34911652198628684
0.3423172242874845,4.547716231401905
0.34237918215613383,2.791225155037461
0.34244114002478315,-3.8075706295673006
0.3425030978934325,-3.7736639364515128
0.3425650557620818,3.560363396219063
0.3426270136307311,5.579724257646518
0.34268897149938043,-1.32320742162737
0.34275092936802976,-4.944293385257401
0.3428128872366791,0.8238048587118274
0.3428748451053284,5.414887490584054
0.3429368029739777,1.2768689337543864
0.34299876084262704,-3.3077540554615874
0.34306071871127636,-0.7446349307329763
0.3431226765799256,2.7869534947717005
0.34318463444857494,0.9015074906255012
0.34324659231722426,-1.3808529656818698
0.3433085501858736,0.5545392458452651
0.3433705080545229,1.6820197902997989
0.3434324659231722,-0.9755820676947715
0.34349442379182155,-1.3632487480728606
0.34355638166047087,2.5717399834301444
0.3436183395291202,3.1359777959291026
0.3436802973977695,-1.9114171426243554
0.34374225526641883,-3.344926828594014
0.34380421313506815,2.2680259615090783
0.34386617100371747,4.828491310760738
0.3439281288723668,-0.9138314569156688
0.3439900867410161,-4.937793641317228
0.34405204460966543,0.029385101971333483
0.34411400247831475,5.188615286563333
0.34417596034696407,1.6615619411125524
0.3442379182156134,-3.936854874753453
0.3442998760842627,-2.0654756399972376
0.34436183395291203,3.3280338559935823
0.34442379182156135,3.2217106964403084
0.3444857496902107,-1.064482699134429
0.34454770755886,-2.3186875316955233
0.3446096654275093,0.004287827209982886
0.34467162329615864,1.4799959821119328
0.34473358116480796,1.1040393125626586
0.3447955390334573,0.3212782755063377
0.34485749690210654,-0.9542605461945661
0.34491945477075586,-1.8219855289659739
0.3449814126394052,0.2006467106517792
0.3450433705080545,3.2897135008452696
0.3451053283767038,1.9827082192128227
0.34516728624535314,-2.8558638913646086
0.34522924411400246,-3.3386903972566415
0.3452912019826518,2.18879182213306
0.3453531598513011,4.858354855031559
0.3454151177199504,-0.2375165732123694
0.34547707558859975,-5.085783234945937
0.34553903345724907,-1.8050051489455508
0.3456009913258984,4.15036491215978
0.3456629491945477,3.2276662775419185
0.34572490706319703,-2.5431222004445013
0.34578686493184635,-3.6761326593695633
0.34584882280049567,1.0271630415875694
0.345910780669145,3.6168707148609056
0.3459727385377943,0.6120081772266942
0.34603469640644363,-2.454539709543835
0.34609665427509295,-1.2018016115149601
0.3461586121437423,1.294040102761482
0.3462205700123916,1.0411966154948296
0.3462825278810409,-0.6385322906134201
0.34634448574969023,-0.8537962831584613
0.34640644361833955,-0.10867171464562037
0.3464684014869889,-0.018144289083532383
0.34653035935563814,0.027691381769624657
0.34659231722428746,0.6623908723890128
0.3466542750929368,0.4458040147033606
0.3467162329615861,-0.9762880627257817
0.3467781908302354,-1.078714115089798
0.34684014869888474,0.9812864409847283
0.34690210656753406,1.734224553271535
0.3469640644361834,-0.8527151771149442
0.3470260223048327,-2.864254249744908
0.347087980173482,-0.5258978078088199
0.34714993804213135,2.751719274938007
0.34721189591078067,1.4330881365333967
0.34727385377943,-2.6645076986285376
0.3473358116480793,-2.8833368337172076
0.3473977695167286,1.3988089289106502
0.34745972738537795,3.5968344033011785
0.34752168525402727,0.3293387526569509
0.3475836431226766,-3.5125773948423396
0.3476456009913259,-2.4455526247360035
0.34770755885997523,1.7574490712594666
0.34776951672862455,3.1509681884651575
0.34783147459727387,-0.11470632701015115
0.3478934324659232,-3.6694978528224063
0.3479553903345725,-2.6993390423943855
0.34801734820322183,1.8128440977551499
0.34807930607187115,3.9165167792435063
0.3481412639405205,0.3958993659702492
0.34820322180916974,-4.144118861818974
0.34826517967781906,-3.046014307893147
0.3483271375464684,2.4913388697254852
0.3483890954151177,4.397593028693103
0.348451053283767,-0.41191146494354225
0.34851301115241634,-5.054677035197193
0.34857496902106566,-2.8078622022572803
0.348636926889715,2.9534172021202627
0.3486988847583643,3.9828783053953423
0.3487608426270136,-0.8912937029767798
0.34882280049566294,-4.64001362328383
0.34888475836431226,-2.1377811298846603
0.3489467162329616,3.1535224427755333
0.3490086741016109,4.0413865389205395
0.3490706319702602,-0.9030449727102626
0.34913258983890955,-5.080090408123612
0.34919454770755887,-2.3454366327819267
0.3492565055762082,3.8494531384829074
0.3493184634448575,4.234613957722665
0.34938042131350683,-2.511672535566923
0.34944237918215615,-6.3434972541361905
0.34950433705080547,-0.7082861002751581
0.3495662949194548,6.145070042514387
0.3496282527881041,3.2325984797223315
0.34969021065675343,-5.204185190490792
0.34975216852540275,-5.669594633640095
0.34981412639405207,2.828284956030852
0.34987608426270134,6.731455672866302
0.34993804213135066,-0.2830701341307522
0.35,-7.097601004443215
0.3500619578686493,-3.1129669040628
0.3501239157372986,5.073764402177787
0.35018587360594794,4.731816168390192
0.35024783147459726,-3.049639128605423
0.3503097893432466,-6.033946428742414
0.3503717472118959,-0.14513866170594136
0.3504337050805452,5.297035589163164
0.35049566294919454,2.6058571179808854
0.35055762081784386,-3.467269494718215
0.3506195786864932,-4.114230710082005
0.3506815365551425,0.7176696869393044
0.3507434944237918,3.6791932689561255
0.35080545229244114,1.1663951572483056
0.35086741016109046,-2.684919831796136
0.3509293680297398,-2.896961706720228
0.3509913258983891,0.0908450105681089
0.3510532837670384,2.3635555817456195
0.35111524163568775,1.6662882167646274
0.35117719950433707,-0.9313070222265845
0.3512391573729864,-2.5963030488692365
0.3513011152416357,-1.1813939242933982
0.35136307311028503,2.150477747209699
0.35142503097893435,3.0362517137643246
0.35148698884758367,-0.6336877477113091
0.35154894671623294,-4.252138073344214
0.35161090458488226,-2.0233555781342982
0.3516728624535316,3.4772665412067645
0.3517348203221809,3.796475418972957
0.3517967781908302,-2.132860988360177
0.35185873605947954,-5.1577388509366715
0.35192069392812886,-0.11612682381099892
0.3519826517967782,5.2913866093297015
0.3520446096654275,2.4982829372636024
0.3521065675340768,-4.043143787467323
0.35216852540272614,-4.037661927085937
0.35223048327137546,2.157496827742854
0.3522924411400248,4.573494008470959
0.3523543990086741,-0.2745332564154157
0.3524163568773234,-4.51556099745523
0.35247831474597274,-1.8402082700591806
0.35254027261462206,3.2252015923510218
0.3526022304832714,3.095739362852341
0.3526641883519207,-1.5299808376389512
0.35272614622057,-3.489991888823062
0.35278810408921935,0.003906759489324507
0.35285006195786867,3.5892393123157627
0.352912019826518,1.8310606262911622
0.3529739776951673,-2.6814233594809727
0.3530359355638166,-3.0570460290191
0.35309789343246595,1.3494293271437436
0.35315985130111527,3.5625650658236165
0.35322180916976453,-0.09610346584265761
0.35328376703841385,-3.7144648734319077
0.3533457249070632,-1.2133513333547299
0.3534076827757125,3.3643877035214187
0.3534696406443618,2.4328998090747858
0.35353159851301114,-2.2453719057932937
0.35359355638166046,-2.6198618914843657
0.3536555142503098,1.6904873234355644
0.3537174721189591,2.970994485818268
0.3537794299876084,-0.8633970366706749
0.35384138785625774,-2.8705653436334244
0.35390334572490706,0.28526892411939975
0.3539653035935564,2.6393364463202458
0.3540272614622057,0.01579174951079282
0.354089219330855,-2.5755341021290254
0.35415117719950434,-0.2874585744960599
0.35421313506815366,2.83436859525928
0.354275092936803,1.2415768220774757
0.3543370508054523,-2.292715175082272
0.3543990086741016,-1.668633270766814
0.35446096654275094,2.0373700373843193
0.35452292441140026,2.6105035484044654
0.3545848822800496,-0.9366564421339484
0.3546468401486989,-3.041874833277178
0.3547087980173482,-0.5585751872202116
0.35477075588599755,2.6894560633057107
0.35483271375464687,1.9781493301699544
0.35489467162329613,-1.512092275820224
0.35495662949194545,-2.684578486490194
0.3550185873605948,0.20229247357764946
0.3550805452292441,3.1229202797182434
0.3551425030978934,1.8861330942279864
0.35520446096654273,-1.898872736661657
0.35526641883519205,-2.9121608636283223
0.3553283767038414,0.3186665774309345
0.3553903345724907,3.1537558390835754
0.35545229244114,1.4379392076551794
0.35551425030978934,-2.456278083082613
0.35557620817843866,-2.94673839097496
0.355638166047088,0.8183277019033648
0.3557001239157373,3.6502577157762652
0.3557620817843866,1.4775924377806398
0.35582403965303594,-2.8014697291205817
0.35588599752168526,-2.9930692514368396
0.3559479553903346,1.5628455150726264
0.3560099132589839,4.289963244710569
0.3560718711276332,0.5947248975190751
0.35613382899628254,-4.489120586878879
0.35619578686493186,-2.9869457414069487
0.3562577447335812,3.348751936819453
0.3563197026022305,4.657285242787044
0.3563816604708798,-1.5825669713922301
0.35644361833952914,-5.6359336488859615
0.35650557620817847,-0.689208004322813
0.35656753407682773,5.699766702728826
0.35662949194547705,3.344617883838436
0.35669144981412637,-4.143589714388177
0.3567534076827757,-5.102006189954601
0.356815365551425,1.7141629920016181
0.35687732342007433,5.65085548516752
0.35693928128872365,0.9470236743837875
0.357001239157373,-5.15695932799709
0.3570631970260223,-3.918990058660974
0.3571251548946716,2.6395686046673075
0.35718711276332094,5.390025010667541
0.35724907063197026,0.5885637354768474
0.3573110285006196,-5.301238981696627
0.3573729863692689,-3.8777823871209156
0.3574349442379182,3.5739731497040257
0.35749690210656754,6.412498452374856
0.35755885997521686,-0.5782687427716543
0.3576208178438662,-7.659165347237413
0.3576827757125155,-3.3890436818685266
0.3577447335811648,6.436393453079399
0.35780669144981414,6.047886299680879
0.35786864931846346,-4.641737960934947
0.3579306071871128,-8.296574040630013
0.3579925650557621,1.5246406274065976
0.3580545229244114,8.68879124125923
0.35811648079306074,1.2308049540987982
0.35817843866171006,-8.089406304582226
0.35824039653035933,-3.554379344264898
0.35830235439900865,6.514297307914553
0.35836431226765797,4.5918771296766145
0.3584262701363073,-5.498707369458089
0.3584882280049566,-5.950860452908257
0.35855018587360593,3.486157441002792
0.35861214374225525,5.796374242606371
0.35867410161090457,-2.7129404751499164
0.3587360594795539,-6.452132396473067
0.3587980173482032,1.1497034269043753
0.35885997521685253,6.324593448254877
0.35892193308550185,-0.005572805399218561
0.3589838909541512,-6.391828157088652
0.3590458488228005,-1.7331287690400126
0.3591078066914498,5.335520846366083
0.35916976456009914,2.3910626590204553
0.35923172242874846,-5.054202968115339
0.3592936802973978,-4.068782635661201
0.3593556381660471,3.0742194787434323
0.3594175960346964,3.891435800920037
0.35947955390334574,-2.3200412110825868
0.35954151177199506,-4.397520565437033
0.3596034696406444,0.718729802968292
0.3596654275092937,3.746979166467381
0.359727385377943,-0.023298835506420312
0.35978934324659234,-3.566176100146955
0.35985130111524166,-1.3455855227543065
0.3599132589838909,2.007558881993761
0.35997521685254025,1.0543593581733672
0.36003717472118957,-1.761278819618984
0.3600991325898389,-1.9366936378475637
0.3601610904584882,-0.19195424392905758
0.36022304832713753,0.6861874866996056
0.36028500619578685,0.5435409253494456
0.36034696406443617,-0.05557556742897862
0.3604089219330855,-1.3316746310032874
0.3604708798017348,-1.7876182350681986
0.36053283767038413,0.385579147463683
0.36059479553903345,2.4447759001893234
0.3606567534076828,0.1519110567577424
0.3607187112763321,-3.8397255967882398
0.3607806691449814,-2.7159748210540107
0.36084262701363073,2.5200664435424467
0.36090458488228006,3.3306173747466707
0.3609665427509294,-1.9992785190253501
0.3610285006195787,-4.734708832686326
0.361090458488228,-0.2980809099846047
0.36115241635687734,3.9746416796056394
0.36121437422552666,1.3985378024546522
0.361276332094176,-3.2911911122716675
0.3613382899628253,-2.8009073478706696
0.3614002478314746,1.018476938692421
0.36146220570012394,1.8956340529640945
0.36152416356877326,-0.489433689625641
0.3615861214374225,-1.9578032521601743
0.36164807930607185,-1.22799769237295
0.36171003717472117,-0.03854715623153204
0.3617719950433705,0.6689756419425481
0.3618339529120198,0.5704805769482411
0.36189591078066913,-0.7253614213231419
0.36195786864931845,-1.73570772487169
0.36201982651796777,-0.38878547081897974
0.3620817843866171,1.5743612884523837
0.3621437422552664,0.49962326994364914
0.36220570012391573,-2.3238991181479642
0.36226765799256505,-1.9777053632922195
0.36232961586121437,1.266412019687882
0.3623915737298637,1.7509951448176886
0.362453531598513,-1.591427069231216
0.36251548946716233,-2.927708608140684
0.36257744733581165,0.34064074597324767
0.362639405204461,2.8389396701160674
0.3627013630731103,0.3457288914100767
0.3627633209417596,-3.083257927737698
0.36282527881040894,-1.910193249121757
0.36288723667905826,1.9621713613423686
0.3629491945477076,2.406984313069219
0.3630111524163569,-1.4021206355363047
0.3630731102850062,-3.774206204102046
0.36313506815365554,-0.9415921251061499
0.36319702602230486,3.1062988889424887
0.3632589838909541,2.076482946597559
0.36332094175960344,-2.8501196682666645
0.36338289962825276,-3.811048914132789
0.3634448574969021,1.4449597175089837
0.3635068153655514,4.623175008914979
0.3635687732342007,-0.15874317301763696
0.36363073110285005,-5.38137324687248
0.36369268897149937,-1.7990272096598543
0.3637546468401487,4.917663993109144
0.363816604708798,2.8135225787890814
0.36387856257744733,-5.048695927625623
0.36394052044609665,-4.781290048781978
0.36400247831474597,3.7644484987191547
0.3640644361833953,5.751587789748481
0.3641263940520446,-2.5611350950428835
0.36418835192069393,-6.6224899199479665
0.36425030978934325,0.836243577895146
0.3643122676579926,6.813640323655301
0.3643742255266419,1.0132299092830617
0.3644361833952912,-6.322197709902214
0.36449814126394053,-2.918304312316962
0.36456009913258985,4.613308389515051
0.3646220570012392,3.596998448498549
0.3646840148698885,-3.0832433651273705
0.3647459727385378,-3.9585886371061583
0.36480793060718714,1.1540649167061932
0.36486988847583646,3.259546560982074
0.3649318463444858,0.34911288945005703
0.36499380421313504,-1.7177293939631095
0.36505576208178436,-0.6920171223122402
0.3651177199504337,0.4727859698125294
0.365179677819083,0.6265525923397808
0.3652416356877323,0.7115271634686479
0.36530359355638164,0.03454835408766077
0.36536555142503097,-1.4691482798235964
0.3654275092936803,-1.0901223420885109
0.3654894671623296,1.517469878001045
0.3655514250309789,2.062223687338431
0.36561338289962825,-0.9130632467516482
0.36567534076827757,-2.3376008185754586
0.3657372986369269,0.6847199482948845
0.3657992565055762,3.10563889099377
0.36586121437422553,0.5768262496145277
0.36592317224287485,-2.6585265337414885
0.36598513011152417,-1.1180658943760353
0.3660470879801735,2.403779622876546
0.3661090458488228,1.9228663808189408
0.36617100371747213,-1.5208223409519062
0.36623296158612145,-2.1500426795995655
0.3662949194547708,0.7946045044398683
0.3663568773234201,2.518834253833572
0.3664188351920694,0.7676208551469554
0.36648079306071873,-1.3656763494962196
0.36654275092936806,-0.875955109638037
0.3666047087980174,1.1502300041921012
0.36666666666666664,1.8407791490878949
0.36672862453531596,0.39983276960119585
0.3667905824039653,-1.2500754331573942
0.3668525402726146,-0.9361987261689426
0.3669144981412639,0.968597584475531
0.36697645600991324,1.7733508080532627
0.36703841387856256,0.22399037709821745
0.3671003717472119,-1.2783537183934686
0.3671623296158612,-0.2022780226251586
0.3672242874845105,1.8275153639859056
0.36728624535315985,1.4777177873478315
0.36734820322180917,-0.6200509548358782
0.3674101610904585,-0.8372250716958888
0.3674721189591078,1.0900656838664398
0.36753407682775713,1.5344870595782463
0.36759603469640645,-0.4453618977510081
0.36765799256505577,-1.2176498973353143
0.3677199504337051,0.8310544304753101
0.3677819083023544,2.0643441241179947
0.36784386617100373,0.0698408958993984
0.36790582403965305,-1.6253688673610514
0.36796778190830237,0.3490806620153407
0.3680297397769517,2.829411590927632
0.368091697645601,1.353002972081302
0.36815365551425033,-1.7803598087145933
0.36821561338289965,-1.2114558818998564
0.368277571251549,2.0911109714823377
0.36833952912019824,2.4031534312448426
0.36840148698884756,-0.7901322624852486
0.3684634448574969,-1.9968142645438838
0.3685254027261462,0.6585281273026287
0.3685873605947955,2.4974421728101257
0.36864931846344484,0.7414421596546896
0.36871127633209416,-1.0785990591044483
0.3687732342007435,0.055051108257505144
0.3688351920693928,1.649159343457984
0.3688971499380421,0.9306947295735668
0.36895910780669144,-0.32607466217621184
0.36902106567534076,0.15378457576257842
0.3690830235439901,0.9307035412470089
0.3691449814126394,0.2623436442213931
0.3692069392812887,-0.3723198350796043
0.36926889714993805,0.48021944267515515
0.36933085501858737,1.2045465000515694
0.3693928128872367,0.3914184852249596
0.369454770755886,-0.3321178287415063
0.36951672862453533,0.4769216243535713
0.36957868649318465,1.33453608616636
0.36964064436183397,0.7692151868026138
0.3697026022304833,-0.10545829748335639
0.3697645600991326,0.001152032215439025
0.36982651796778193,0.4848104655655827
0.36988847583643125,0.6113671893746613
0.3699504337050806,0.576578853310407
0.37001239157372984,0.23197710750822453
0.37007434944237916,-0.41717908568233053
0.3701363073110285,-3.3641484031288194e-05
0.3701982651796778,1.6787364135829175
0.3702602230483271,1.7537828983263957
0.37032218091697644,-0.8381868841887465
0.37038413878562576,-1.7785082042793878
0.3704460966542751,1.5749244637172826
0.3705080545229244,3.770911591882169
0.3705700123915737,-0.11558636525382016
0.37063197026022304,-4.171653224814008
0.37069392812887236,-0.6281828412070084
0.3707558859975217,5.24600562451088
0.370817843866171,2.801771149636151
0.3708798017348203,-4.536859979133652
0.37094175960346965,-3.7716903082850832
0.37100371747211897,4.530350569765284
0.3710656753407683,6.02916253205122
0.3711276332094176,-2.1961419887111266
0.3711895910780669,-5.875538498903897
0.37125154894671625,1.2956070557674404
0.37131350681536557,6.458356885614622
0.3713754646840149,0.7110347531726429
0.3714374225526642,-5.351485903016103
0.37149938042131353,-1.3355335727697826
0.37156133828996285,4.731626615336398
0.37162329615861217,2.1630701055295813
0.37168525402726144,-3.2436726302527643
0.37174721189591076,-1.400792521289049
0.3718091697645601,3.3567465612233676
0.3718711276332094,1.8433390058959997
0.3719330855018587,-2.3681279036604583
0.37199504337050804,-0.9308395667099307
0.37205700123915736,2.85490596441743
0.3721189591078067,1.232693350191695
0.372180916976456,-2.5414281331304442
0.3722428748451053,-1.0360199527645606
0.37230483271375464,2.584687958697439
0.37236679058240396,1.2285852348571307
0.3724287484510533,-1.9896642267029185
0.3724907063197026,-0.47272926106196833
0.3725526641883519,2.4027685336322238
0.37261462205700124,0.5229628683895811
0.37267657992565056,-2.0516591991258686
0.3727385377942999,0.5521573750052882
0.3728004956629492,3.130864822599008
0.3728624535315985,-0.5808584024534157
0.37292441140024785,-4.042971276285953
0.37298636926889717,0.35268778047113364
0.3730483271375465,5.158390410777065
0.3731102850061958,0.6385216961905872
0.37317224287484513,-5.765455194721001
0.37323420074349445,-1.8284324967560448
0.37329615861214377,6.2040500163630234
0.37335811648079303,3.8260003893455123
0.37342007434944235,-5.14218002876952
0.3734820322180917,-4.838910742753123
0.373543990086741,4.107440467308427
0.3736059479553903,5.7978060286289885
0.37366790582403964,-2.4566282157377075
0.37372986369268896,-6.054831321697307
0.3737918215613383,0.594073298743437
0.3738537794299876,5.396765003047115
0.3739157372986369,0.8432510775496793
0.37397769516728624,-4.244762980381598
0.37403965303593556,-1.7515715264655323
0.3741016109045849,2.941600894484603
0.3741635687732342,2.4358275845145974
0.3742255266418835,-1.0164343871753538
0.37428748451053284,-2.0080457365182274
0.37434944237918216,-0.5625656198931718
0.3744114002478315,0.8423964091889807
0.3744733581164808,1.4203977319188041
0.3745353159851301,0.46857689338365005
0.37459727385377944,-1.971378071423119
0.37465923172242876,-2.4753163415658355
0.3747211895910781,1.1004184534955075
0.3747831474597274,3.8501236955214777
0.3748451053283767,0.551153296502167
0.37490706319702605,-4.261027890076393
0.37496902106567537,-2.4368309890758098
0.37503097893432463,3.6514500979853914
0.37509293680297395,4.0662311623859
0.3751548946716233,-2.188077828660356
0.3752168525402726,-5.216340654326287
0.3752788104089219,-0.4234567532468676
0.37534076827757124,4.399176178569409
0.37540272614622056,2.076215856351271
0.3754646840148699,-3.1585270799214484
0.3755266418835192,-3.4211558553382853
0.3755885997521685,0.9505626219723599
0.37565055762081784,3.3860472375740396
0.37571251548946716,1.1062748020598576
0.3757744733581165,-2.25344832078584
0.3758364312267658,-2.549615588691827
0.3758983890954151,0.11740802562710417
0.37596034696406444,2.3481898014872598
0.37602230483271376,1.3528466655038764
0.3760842627013631,-1.886843216172884
0.3761462205700124,-3.2019340301733124
0.3762081784386617,-0.28031172741734345
0.37627013630731104,3.327631108088392
0.37633209417596036,2.2027892263395032
0.3763940520446097,-2.669624764515827
0.376456009913259,-4.052663991988542
0.3765179677819083,0.852172789630623
0.37657992565055765,4.896677041606642
0.37664188351920697,1.2413480912981063
0.37670384138785623,-5.136641806739886
0.37676579925650555,-4.147546607472378
0.37682775712515487,3.212583281318631
0.3768897149938042,5.455767802210823
0.3769516728624535,-1.2671640038021321
0.37701363073110283,-6.454734623363361
0.37707558859975215,-1.7809688219803808
0.3771375464684015,5.520599095322085
0.3771995043370508,4.197713911454917
0.3772614622057001,-3.419721562878112
0.37732342007434944,-5.714306827753834
0.37738537794299876,0.18820325789913284
0.3774473358116481,5.131124749324136
0.3775092936802974,2.2824079329556297
0.3775712515489467,-3.8340661652075267
0.37763320941759604,-4.805054931332233
0.37769516728624536,0.4532752579312249
0.3777571251548947,4.894209907830258
0.377819083023544,2.4400627062038263
0.3778810408921933,-3.85203091903267
0.37794299876084264,-4.973377760719218
0.37800495662949196,1.4101116672837581
0.3780669144981413,6.050730745794896
0.3781288723667906,1.2549795542726843
0.3781908302354399,-6.06172203419956
0.37825278810408924,-4.18525447300146
0.37831474597273856,4.100685755276158
0.37837670384138783,5.297317524385793
0.37843866171003715,-2.450580328075426
0.37850061957868647,-6.151297314905551
0.3785625774473358,0.056961049558759136
0.3786245353159851,5.476766256437903
0.37868649318463443,1.6090337145355926
0.37874845105328375,-4.209742084096948
0.3788104089219331,-2.6395365160294686
0.3788723667905824,2.468843820174471
0.3789343246592317,2.616848141072608
0.37899628252788103,-1.18436935051087
0.37905824039653035,-2.4940967816011996
0.3791201982651797,-0.5560489236728525
0.379182156133829,0.9618828634310508
0.3792441140024783,0.910266254037081
0.37930607187112764,0.16939514774045272
0.37936802973977696,-1.0315416358640248
0.3794299876084263,-1.4496649799118015
0.3794919454770756,0.4542903297187788
0.3795539033457249,2.30916041969983
0.37961586121437424,0.48468464382975185
0.37967781908302356,-2.6392810950972883
0.3797397769516729,-1.6516923735051061
0.3798017348203222,1.9355636238694511
0.3798636926889715,1.7679906478444167
0.37992565055762084,-1.725763829585241
0.37998760842627016,-2.0634973698128323
0.3800495662949194,1.0798069270766795
0.38011152416356875,1.5524844324519889
0.38017348203221807,-1.1216444081546957
0.3802354399008674,-1.0718393149550351
0.3802973977695167,1.758972914806293
0.38035935563816603,1.1494051152965974
0.38042131350681535,-2.5355053924423396
0.38048327137546467,-1.9790877538242222
0.380545229244114,2.7056033001927844
0.3806071871127633,2.7998359341103116
0.38066914498141263,-2.822858154357344
0.38073110285006195,-4.33673440891126
0.3807930607187113,1.5993425153465577
0.3808550185873606,5.036634511556944
0.3809169764560099,-0.04633673097243409
0.38097893432465924,-4.961205509963786
0.38104089219330856,-1.4038300438587843
0.3811028500619579,4.318706129037459
0.3811648079306072,2.607493648357001
0.3812267657992565,-3.174070141944214
0.38128872366790584,-3.361451035691594
0.38135068153655516,1.5497008668749368
0.3814126394052045,2.976584777874627
0.3814745972738538,-0.752861025203955
0.3815365551425031,-2.7639542013985032
0.38159851301115244,-0.09507732496749755
0.38166047087980176,2.2063454624420906
0.381722428748451,0.618056944085688
0.38178438661710035,-1.5102278081007745
0.38184634448574967,-0.6917679404451325
0.381908302354399,1.0764797613647454
0.3819702602230483,0.6983969588927103
0.38203221809169763,-0.7940491181608271
0.38209417596034695,-0.8597317740257167
0.38215613382899627,0.11104180129897667
0.3822180916976456,0.27311021644897115
0.3822800495662949,-0.19060707406544075
0.38234200743494423,-0.061098306928274865
0.38240396530359355,0.26808965574336
0.38246592317224287,-0.13741382197465013
0.3825278810408922,-0.5043934615593433
0.3825898389095415,0.23632360673504815
0.38265179677819083,1.0091908485767234
0.38271375464684015,0.17069049061857033
0.3827757125154895,-1.3490753807694138
0.3828376703841388,-1.1498296112419717
0.3828996282527881,0.7144449291362739
0.38296158612143744,1.4874208212791662
0.38302354399008676,-0.1782498590319863
0.3830855018587361,-1.9772300575197874
0.3831474597273854,-1.0827955272067642
0.3832094175960347,1.6059764223021227
0.38327137546468404,2.2487594308913113
0.38333333333333336,-0.4906924842071564
0.3833952912019826,-2.811534997946968
0.38345724907063194,-0.9195018253679414
0.38351920693928127,2.6181379346626192
0.3835811648079306,1.9942079901819691
0.3836431226765799,-2.348439515010951
0.3837050805452292,-3.4083113361926403
0.38376703841387855,0.9904872612924762
0.38382899628252787,3.6754913421720543
0.3838909541511772,-0.12051452285972353
0.3839529120198265,-3.950222654798544
0.38401486988847583,-0.8637449451542651
0.38407682775712515,3.957526471320297
0.38413878562577447,1.7973298676452587
0.3842007434944238,-3.835238371951159
0.3842627013630731,-2.8913500602364124
0.38432465923172243,3.1407095540729975
0.38438661710037175,3.397000838560297
0.3844485749690211,-2.902830924842858
0.3845105328376704,-4.644593968101146
0.3845724907063197,1.4439156785117868
0.38463444857496903,4.790393499721093
0.38469640644361836,-0.32658681813983126
0.3847583643122677,-4.801194119922048
0.384820322180917,-0.9871320143154443
0.3848822800495663,4.147608196436836
0.38494423791821564,1.8282802314393038
0.38500619578686496,-3.431700908470869
0.3850681536555142,-2.638492661862143
0.38513011152416354,2.0322254040443086
0.38519206939281286,2.1568570444970216
0.3852540272614622,-1.8888099245191836
0.3853159851301115,-2.5498483871759268
0.3853779429987608,1.0952818146770027
0.38543990086741015,2.283595244431305
0.38550185873605947,-1.0201752365370873
0.3855638166047088,-2.719243751348163
0.3856257744733581,0.4374260312504925
0.3856877323420074,3.026819928006635
0.38574969021065675,0.21756770222029567
0.38581164807930607,-3.7043031431407796
0.3858736059479554,-2.0839072249271777
0.3859355638166047,2.8611839538506763
0.38599752168525403,3.004913744114769
0.38605947955390335,-2.4322779831039503
0.38612143742255267,-4.790741486115599
0.386183395291202,0.30708688645241855
0.3862453531598513,5.073609216581051
0.38630731102850063,1.5624120872662073
0.38636926889714995,-4.908844466352461
0.3864312267657993,-3.737611045755516
0.3864931846344486,3.4078668033901724
0.3865551425030979,4.761879014042908
0.38661710037174724,-2.13892112637486
0.38667905824039656,-6.0372704205184835
0.3867410161090459,-0.5440658295069319
0.38680297397769514,5.201472367156855
0.38686493184634446,1.8147305294186604
0.3869268897149938,-4.821431296538668
0.3869888475836431,-3.675583636380476
0.3870508054522924,3.148688187080758
0.38711276332094174,4.391453748979615
0.38717472118959106,-1.6741753450473917
0.3872366790582404,-5.007402668365204
0.3872986369268897,-0.5557181555559951
0.387360594795539,4.1063736795508055
0.38742255266418835,1.6029705226514177
0.38748451053283767,-3.7697318411463585
0.387546468401487,-3.573172920458951
0.3876084262701363,1.5573447997800298
0.38767038413878563,3.606195859916034
0.38773234200743495,-0.20096737200583337
0.38779429987608427,-3.704283960389655
0.3878562577447336,-1.680775454692583
0.3879182156133829,2.4919427289797462
0.38798017348203223,2.472898828137657
0.38804213135068155,-1.4572158545791618
0.38810408921933087,-3.2891701749363778
0.3881660470879802,-0.5861766480036006
0.3882280049566295,2.2017647650540697
0.38828996282527883,0.9393906012275084
0.38835192069392815,-2.0275435812676874
0.3884138785625775,-2.0004580270798487
0.38847583643122674,0.682201194427495
0.38853779429987606,1.6340168612529224
0.3885997521685254,-0.3248939393596375
0.3886617100371747,-1.5913980265207335
0.388723667905824,-0.13990180549896658
0.38878562577447334,1.113162217578323
0.38884758364312266,-0.31539061717020234
0.388909541511772,-1.8104139481043495
0.3889714993804213,-0.32273345127487785
0.3890334572490706,1.6153352259335183
0.38909541511771994,0.013998302013071395
0.38915737298636927,-2.7453719292777756
0.3892193308550186,-1.2376425192127272
0.3892812887236679,2.797942089115333
0.3893432465923172,2.176206347842693
0.38940520446096655,-2.8828059874178265
0.38946716232961587,-3.638827062631365
0.3895291201982652,2.042109821007417
0.3895910780669145,4.495420509800056
0.38965303593556383,-1.3642481584755792
0.38971499380421315,-5.861565675366945
0.38977695167286247,-0.6686155438403556
0.3898389095415118,5.673497637298045
0.3899008674101611,1.8069557508805678
0.38996282527881043,-5.9279605412280185
0.39002478314745975,-3.7451812980719987
0.3900867410161091,5.085974158294671
0.39014869888475834,5.218589838062632
0.39021065675340766,-3.861690004647279
0.390272614622057,-6.504382290292908
0.3903345724907063,1.8702592609445179
0.3903965303593556,6.785721639134166
0.39045848822800494,-0.10666735018251128
0.39052044609665426,-6.945025330342231
0.3905824039653036,-2.471106268321603
0.3906443618339529,5.316345131608171
0.3907063197026022,3.776512222161414
0.39076827757125154,-3.5516302598671015
0.39083023543990086,-4.535109210823484
0.3908921933085502,1.3955349976832343
0.3909541511771995,4.277568301204623
0.3910161090458488,0.5403495035906289
0.39107806691449815,-3.1246836254825148
0.39114002478314747,-1.7695811464639064
0.3912019826517968,1.4024567835634847
0.3912639405204461,1.705089025423577
0.39132589838909543,-0.4329810438276642
0.39138785625774475,-1.5849901998911538
0.39144981412639407,-0.49364133973653834
0.3915117719950434,0.930249873425129
0.3915737298636927,0.725320110841134
0.39163568773234203,-0.4156724112728165
0.39169764560099135,-0.4155663739587978
0.39175960346964067,0.6715827425087824
0.39182156133828994,0.6302170937237683
0.39188351920693926,-0.8288219566632695
0.3919454770755886,-1.0603985538181395
0.3920074349442379,0.7687130226466363
0.3920693928128872,1.5405656188708206
0.39213135068153654,-0.5164295186469416
0.39219330855018586,-2.141879080478968
0.3922552664188352,-0.3005307263621799
0.3923172242874845,2.343195124441282
0.3923791821561338,1.607710426071065
0.39244114002478314,-1.3137142912910547
0.39250309789343246,-1.9040023211394386
0.3925650557620818,0.5012662062264467
0.3926270136307311,2.162262975735556
0.3926889714993804,0.8657600420896635
0.39275092936802974,-1.3645051154284744
0.39281288723667906,-1.6372657208164796
0.3928748451053284,0.18997898703974922
0.3929368029739777,1.753153963235362
0.392998760842627,1.0989188640394396
0.39306071871127635,-0.8745262149366018
0.39312267657992567,-1.3540029920460845
0.393184634448575,0.4841410526635138
0.3932465923172243,1.9603381357229026
0.39330855018587363,0.8366086113863416
0.39337050805452295,-1.1075114791616323
0.39343246592317227,-0.9490003962528056
0.39349442379182153,0.7289853075232906
0.39355638166047086,1.1621899614558746
0.3936183395291202,-0.025858790067428306
0.3936802973977695,-0.7707629388381889
0.3937422552664188,-0.13668184611335643
0.39380421313506814,0.8024497800962072
0.39386617100371746,0.9629207778559363
0.3939281288723668,0.2673893579253621
0.3939900867410161,-0.5168528011982327
0.3940520446096654,-0.19334548701678855
0.39411400247831474,1.185738869663445
0.39417596034696406,1.4168606642455748
0.3942379182156134,-0.5811663503663386
0.3942998760842627,-1.865015372585063
0.394361833952912,0.22248097311483073
0.39442379182156134,2.6345825426041376
0.39448574969021066,1.0447402199678484
0.39454770755886,-2.1659192886136727
0.3946096654275093,-1.382997982228836
0.3946716232961586,2.269233265992152
0.39473358116480795,2.6526546359802023
0.39479553903345727,-0.5641441039741855
0.3948574969021066,-1.7411789659583516
0.3949194547707559,0.38417927268003216
0.3949814126394052,1.394426665659841
0.39504337050805455,0.19613586721606668
0.39510532837670387,0.053115580159567966
0.39516728624535313,0.8244586655628772
0.39522924411400245,-0.40204555931206765
0.3952912019826518,-1.6627777272841446
0.3953531598513011,0.9087567755825585
0.3954151177199504,3.817223198012993
0.39547707558859974,0.9825593198352482
0.39553903345724906,-3.83336833310611
0.3956009913258984,-1.8977622425896232
0.3956629491945477,4.384215855916968
0.395724907063197,4.205377498914433
0.39578686493184634,-2.7200932635005026
0.39584882280049566,-4.8910040811006485
0.395910780669145,1.282427457886795
0.3959727385377943,5.421735085996008
0.3960346964064436,1.0839340147997856
0.39609665427509294,-4.000139728952847
0.39615861214374226,-1.7905542362268765
0.3962205700123916,3.3934180419624433
0.3962825278810409,3.402397945929904
0.3963444857496902,-0.9206748743118549
0.39640644361833954,-2.7433630284171437
0.39646840148698886,-0.0014008552437601018
0.3965303593556382,2.8477934776709484
0.3965923172242875,1.7829697296533578
0.3966542750929368,-1.662140298060059
0.39671623296158615,-2.4799632820566413
0.39677819083023547,0.9896595182840495
0.39684014869888473,3.7915622061801653
0.39690210656753405,1.1020379380122556
0.3969640644361834,-3.2766412879495874
0.3970260223048327,-1.8227678369396565
0.397087980173482,3.74767114515411
0.39714993804213133,4.011079272909986
0.39721189591078065,-2.1144834866209563
0.39727385377943,-4.4564953672896
0.3973358116480793,1.1315290331651464
0.3973977695167286,5.098277975482936
0.39745972738537794,0.6724469877248307
0.39752168525402726,-4.299564101122856
0.3975836431226766,-1.3256362516716007
0.3976456009913259,4.035613709827816
0.3977075588599752,2.6379490296026824
0.39776951672862454,-2.3056913816860205
0.39783147459727386,-1.9833545428665442
0.3978934324659232,2.27218418385997
0.3979553903345725,2.4994781622993814
0.3980173482032218,-1.2808259219190272
0.39807930607187114,-2.024204154000661
0.39814126394052046,1.2445874970117417
0.3982032218091698,2.357714473815478
0.3982651796778191,-0.5308034483564916
0.3983271375464684,-2.1003774670153224
0.39838909541511774,0.41016797918268033
0.39845105328376706,2.6804316924246674
0.39851301115241633,1.0091136686423663
0.39857496902106565,-1.657308062995848
0.39863692688971497,-0.9901563024356843
0.3986988847583643,1.6480383798798939
0.3987608426270136,1.7935889486526349
0.39882280049566293,-0.6635584826319463
0.39888475836431225,-1.5323804358935564
0.3989467162329616,0.42735119731941684
0.3990086741016109,1.5105505272556596
0.3990706319702602,-0.12473403651065373
0.39913258983890954,-1.0406989343494584
0.39919454770755886,0.8624031950794124
0.3992565055762082,1.8729878290017408
0.3993184634448575,-0.5322213106047289
0.3993804213135068,-1.9734173598164955
0.39944237918215614,0.9991532555665736
0.39950433705080546,3.2854820440687758
0.3995662949194548,-0.13760641820062888
0.3996282527881041,-3.8733687742616203
0.3996902106567534,-0.8262212366365018
0.39975216852540274,4.221505712557667
0.39981412639405206,2.208965284132482
0.3998760842627014,-3.6097780174335456
0.3999380421313507,-2.899505881907875
0.4,3.1425974486999326
0.40006195786864934,3.8990033189907907
0.40012391573729866,-1.5174742449192586
0.40018587360594793,-3.294190892876088
0.40024783147459725,0.906536676468025
0.40030978934324657,2.7990616311896384
0.4003717472118959,-0.33210858415294003
0.4004337050805452,-1.785389148322612
0.40049566294919453,0.48335970810319284
0.40055762081784385,0.8665735185254914
0.40061957868649317,-1.174800318045159
0.4006815365551425,-0.12082607844135618
0.4007434944237918,2.74100485281541
0.40080545229244113,0.6608526322697907
0.40086741016109045,-3.7121536898590115
0.4009293680297398,-1.2653805870607573
0.4009913258983891,5.0947002037283
0.4010532837670384,3.203128085970659
0.40111524163568774,-5.3917509615195
0.40117719950433706,-5.519538435287564
0.4012391573729864,4.505059621591945
0.4013011152416357,7.635934863576317
0.401363073110285,-2.4993427591844446
0.40142503097893434,-8.995683350437563
0.40148698884758366,-0.26661479337058963
0.401548946716233,9.38646715670839
0.4016109045848823,3.844654850792374
0.4016728624535316,-7.561011105933652
0.40173482032218094,-6.238997347816142
0.40179677819083026,4.82241613099987
0.4018587360594795,7.473165420726787
0.40192069392812885,-1.4512558337156554
0.40198265179677817,-7.085950335051103
0.4020446096654275,-1.7958350862829306
0.4021065675340768,4.851149068738015
0.40216852540272613,3.5720519888124147
0.40223048327137545,-1.8090092622910046
0.40229244114002477,-3.4236330625055102
0.4023543990086741,-0.6682938243401795
0.4024163568773234,2.179366455540616
0.40247831474597273,2.5189883071516386
0.40254027261462205,0.29023391860847436
0.4026022304832714,-2.6430369617616036
0.4026641883519207,-2.699220113560088
0.40272614622057,1.1480014643148877
0.40278810408921933,3.8530885059075817
0.40285006195786865,0.7277497781424711
0.402912019826518,-4.044049197199996
0.4029739776951673,-2.7364157895744023
0.4030359355638166,3.097436513939792
0.40309789343246594,4.250930026596757
0.40315985130111526,-1.1436116567810886
0.4032218091697646,-4.343718845874786
0.4032837670384139,-0.4888043929776513
0.4033457249070632,3.6684668903510778
0.40340768277571254,1.5493787514875965
0.40346964064436186,-2.7035515014604092
0.4035315985130111,-2.2324602004462517
0.40359355638166045,1.2371362499654677
0.40365551425030977,1.7788446918270993
0.4037174721189591,-0.4375880471201822
0.4037794299876084,-1.0105583694361007
0.4038413878562577,0.3148031301243944
0.40390334572490705,0.4706867205405574
0.40396530359355637,-0.3983559807890241
0.4040272614622057,0.07106789665534985
0.404089219330855,0.9725566480937827
0.40415117719950433,-0.1536319815804249
0.40421313506815365,-1.792734252596434
0.40427509293680297,-0.662564850837908
0.4043370508054523,1.8164016039091164
0.4043990086741016,1.3131201680731273
0.40446096654275093,-1.712865732927304
0.40452292441140025,-2.2065020858546758
0.4045848822800496,1.0393107849943803
0.4046468401486989,2.987588139236625
0.4047087980173482,0.37284107765481134
0.40477075588599754,-2.898184577776078
0.40483271375464686,-1.7573800096696284
0.4048946716232962,2.0914350248319393
0.4049566294919455,2.699087692485567
0.4050185873605948,-1.0291831939864513
0.40508054522924414,-3.5296853174675316
0.40514250309789346,-0.9081047087152907
0.4052044609665427,3.0542563524596025
0.40526641883519204,2.435337578553405
0.40532837670384136,-1.843801328300915
0.4053903345724907,-3.2748445141844025
0.40545229244114,0.35535637749799615
0.4055142503097893,3.5132853129140287
0.40557620817843865,1.3652446430281286
0.40563816604708797,-2.829884436345785
0.4057001239157373,-2.792247573651106
0.4057620817843866,1.1885183659873282
0.40582403965303593,2.944004871584612
0.40588599752168525,0.016823908899246287
0.40594795539033457,-2.8333895534756826
0.4060099132589839,-1.2804161713128455
0.4060718711276332,2.019074687414398
0.40613382899628253,1.984440957890173
0.40619578686493185,-0.901187022991857
0.40625774473358117,-1.8688289589969784
0.4063197026022305,0.20850063583830258
0.4063816604708798,1.45604868112591
0.40644361833952913,-0.048760999717026854
0.40650557620817845,-1.318733839798428
0.4065675340768278,-0.258450602123348
0.4066294919454771,0.7320670086145631
0.4066914498141264,-0.22456851582791804
0.40675340768277574,-0.8392076377630843
0.40681536555142506,0.46117455763942217
0.4068773234200744,1.0303985810183875
0.40693928128872364,-0.5873464682194043
0.40700123915737296,-1.1377696978884473
0.4070631970260223,0.888797599689479
0.4071251548946716,1.4024677961542618
0.4071871127633209,-1.3629728426420367
0.40724907063197024,-2.2023143164856847
0.40731102850061957,1.3039759253166028
0.4073729863692689,2.664625568722094
0.4074349442379182,-1.725422253480271
0.4074969021065675,-4.037384057655386
0.40755885997521685,1.274562224312205
0.40762081784386617,5.335089333885598
0.4076827757125155,-0.21377643885883213
0.4077447335811648,-6.347382537568283
0.40780669144981413,-1.3848054239326186
0.40786864931846345,6.781597770474786
0.40793060718711277,3.212870099282889
0.4079925650557621,-6.721444518502691
0.4080545229244114,-5.5515173687999155
0.40811648079306073,5.08227765790349
0.40817843866171005,6.611070632316535
0.4082403965303594,-3.5634257405144494
0.4083023543990087,-7.458310672120938
0.408364312267658,1.4630198969204165
0.40842627013630733,7.270120298963592
0.40848822800495665,0.37334720603273264
0.408550185873606,-6.417476999742487
0.40861214374225524,-1.7982808656855869
0.40867410161090456,4.950803465041448
0.4087360594795539,2.2294524029664378
0.4087980173482032,-3.9690866579513306
0.4088599752168525,-2.891995866629742
0.40892193308550184,2.1488343942749673
0.40898389095415116,2.1387446344258887
0.4090458488228005,-1.3367038412522492
0.4091078066914498,-1.4980373468915449
0.4091697645600991,0.5857430942487369
0.40923172242874845,0.2884490835716049
0.40929368029739777,-0.6664281000360728
0.4093556381660471,0.7922665579392906
0.4094175960346964,1.2666983837136438
0.4094795539033457,-1.9697719875340958
0.40954151177199505,-3.318749083371472
0.40960346964064437,1.3396800519110899
0.4096654275092937,4.6645399811786525
0.409727385377943,-0.5304644677846099
0.40978934324659233,-6.620046772051602
0.40985130111524165,-2.2725476078414264
0.40991325898389097,6.86327544675413
0.4099752168525403,5.328644825950579
0.4100371747211896,-5.812755756109942
0.41009913258983893,-8.531352255100298
0.41016109045848825,2.680759500057589
0.4102230483271376,10.02362313977004
0.41028500619578684,0.8001384723740577
0.41034696406443616,-10.727500993939064
0.4104089219330855,-5.698323041161046
0.4104708798017348,8.203698698307338
0.4105328376703841,8.643747216983776
0.41059479553903344,-5.062713111660152
0.41065675340768276,-10.804621116924503
0.4107187112763321,0.43029873051015144
0.4107806691449814,10.427716179782632
0.4108426270136307,3.5897185341441045
0.41090458488228004,-8.664777157368789
0.41096654275092936,-7.265240640570602
0.4110285006195787,4.600479532194463
0.411090458488228,8.16289546920519
0.4111524163568773,-1.230408503115266
0.41121437422552665,-8.549654778771597
0.41127633209417597,-3.204054058688614
0.4113382899628253,6.00404443585672
0.4114002478314746,5.518258728390899
0.41146220570012393,-3.1571999927941348
0.41152416356877325,-6.929725059519539
0.41158612143742257,-0.6594475784461659
0.4116480793060719,5.956029888580663
0.4117100371747212,3.159161761696258
0.41177199504337053,-4.545035070815851
0.41183395291201985,-5.583559681216919
0.41189591078066917,1.0636117746511913
0.41195786864931844,4.9062797692954785
0.41201982651796776,0.6853443983305145
0.4120817843866171,-4.200836428645997
0.4121437422552664,-2.595023267496368
0.4122057001239157,1.718848983066343
0.41226765799256504,2.1560634163596797
0.41232961586121436,-0.1756969999193631
0.4123915737298637,-1.0975211194287593
0.412453531598513,-1.142107647457738
0.4125154894671623,-1.650180429696095
0.41257744733581164,-0.26417970811005387
0.41263940520446096,2.7169941428017346
0.4127013630731103,1.4963505298027804
0.4127633209417596,-4.23962759894445
0.4128252788104089,-4.969191638852178
0.41288723667905824,2.8112221356558167
0.41294919454770757,7.111034734900651
0.4130111524163569,-0.8058169721450716
0.4130731102850062,-9.04930099452621
0.4131350681536555,-2.985913282421351
0.41319702602230485,8.601809708102587
0.41325898389095417,6.036208571393906
0.4133209417596035,-7.672134490535148
0.4133828996282528,-9.930095760771167
0.41344485749690213,3.803686111943475
0.41350681536555145,11.071841557619697
0.41356877323420077,-0.5969948835836207
0.41363073110285004,-12.103805084779944
0.41369268897149936,-4.072520501584593
0.4137546468401487,10.512562985583312
0.413816604708798,7.493150495641869
0.4138785625774473,-8.212874685566254
0.41394052044609664,-10.663701774947615
0.41400247831474596,3.97439690657472
0.4140644361833953,11.279736731953623
0.4141263940520446,-0.59107909101601
0.4141883519206939,-11.660719084068006
0.41425030978934324,-3.9912841626317546
0.41431226765799256,9.017092597387542
0.4143742255266419,6.172523487797004
0.4144361833952912,-6.552725355850821
0.4144981412639405,-7.876048296407552
0.41456009913258984,3.0208294097059047
0.41462205700123916,7.418399148895192
0.4146840148698885,-0.5762729186469002
0.4147459727385378,-6.534368736899443
0.4148079306071871,-1.815879672841223
0.41486988847583645,3.999072558813994
0.41493184634448577,1.876261379861621
0.4149938042131351,-2.852250413583211
0.4150557620817844,-2.442756156612142
0.41511771995043373,0.8442110030402118
0.41517967781908305,1.437845285169539
0.41524163568773237,-0.21950159207133174
0.41530359355638163,-0.9754113750063773
0.41536555142503095,-0.5323307946786778
0.4154275092936803,0.13575481537057144
0.4154894671623296,0.6205620816727052
0.4155514250309789,0.012108033537521434
0.41561338289962824,-1.492531353912784
0.41567534076827756,-1.2153344348479627
0.4157372986369269,1.2053208871178462
0.4157992565055762,1.4311429655409496
0.4158612143742255,-1.8387194718751187
0.41592317224287484,-2.7358696053601594
0.41598513011152416,1.460848508527292
0.4160470879801735,3.6251950108901365
0.4161090458488228,-0.9696248255411282
0.4161710037174721,-4.585644477438734
0.41623296158612144,-0.12566013844362178
0.41629491945477076,4.925089590232826
0.4163568773234201,1.0463983348089134
0.4164188351920694,-5.47126943824861
0.4164807930607187,-2.9301655062415
0.41654275092936804,4.592309375303807
0.41660470879801736,3.9509469272921396
0.4166666666666667,-3.7905866714738097
0.416728624535316,-5.160501273222258
0.4167905824039653,2.1874522269813435
0.41685254027261465,5.784021265486318
0.41691449814126397,-0.08982963540966227
0.41697645600991323,-5.479907255032738
0.41703841387856255,-2.0298986113780266
0.4171003717472119,4.145423551698887
0.4171623296158612,3.4878464215710316
0.4172242874845105,-2.4318955718687807
0.41728624535315983,-4.654155800701831
0.41734820322180916,-0.25513318252724226
0.4174101610904585,4.318263323799034
0.4174721189591078,2.6427537815619835
0.4175340768277571,-2.8670558344875996
0.41759603469640644,-4.117510430356005
0.41765799256505576,1.076324534083202
0.4177199504337051,5.013024565518142
0.4177819083023544,1.3310082508277603
0.4178438661710037,-4.496205058731897
0.41790582403965304,-3.234128555158088
0.41796778190830236,3.0534780894735993
0.4180297397769517,4.159436972998131
0.418091697645601,-1.3900565733660153
0.4181536555142503,-4.230065679724935
0.41821561338289964,-0.10427378927624814
0.41827757125154896,3.7679267309838744
0.4183395291201983,1.6348320791522533
0.4184014869888476,-2.070465939758231
0.4184634448574969,-1.6592760575375305
0.41852540272614625,1.0118387687736359
0.41858736059479557,1.6382384159061774
0.41864931846344483,0.35240334285315766
0.41871127633209415,-0.7004869691517617
0.41877323420074347,-1.0538034649046084
0.4188351920693928,-0.4484158781404457
0.4188971499380421,1.3071941065091015
0.41895910780669143,1.9691599820489925
0.41902106567534075,-0.34853166544513076
0.4190830235439901,-2.4093856582192936
0.4191449814126394,-0.1634366813046093
0.4192069392812887,3.352158130132905
0.41926889714993804,2.0225805048520638
0.41933085501858736,-2.518814795196411
0.4193928128872367,-2.847881299791342
0.419454770755886,1.6704053546595747
0.4195167286245353,3.6193557884884093
0.41957868649318464,0.0019320262081570228
0.41964064436183396,-3.1276104703802705
0.4197026022304833,-1.0473515178284403
0.4197645600991326,2.5825529414316266
0.4198265179677819,2.5300446514097716
0.41988847583643124,-0.3472427502304346
0.41995043370508056,-1.8422781851937813
0.4200123915737299,-0.5364784810926659
0.4200743494423792,1.6029963726680159
0.4201363073110285,2.10165894852153
0.42019826517967784,0.18469573893184044
0.42026022304832716,-2.0767059924863798
0.42032218091697643,-1.4233174781253979
0.42038413878562575,1.844339430499167
0.42044609665427507,3.033160786745399
0.4205080545229244,-0.09136154835452145
0.4205700123915737,-2.8664400576160562
0.42063197026022303,-0.5995436182634236
0.42069392812887235,3.4022840755583235
0.4207558859975217,2.6857959305367416
0.420817843866171,-1.7738201188157336
0.4208798017348203,-2.942091864507902
0.42094175960346963,0.9184416872011749
0.42100371747211895,3.5622693188204875
0.4210656753407683,0.8839029185344689
0.4211276332094176,-2.764523194580038
0.4211895910780669,-1.7020526065761086
0.42125154894671624,2.3570400747264486
0.42131350681536556,3.257457617267905
0.4213754646840149,-0.21487946893543186
0.4214374225526642,-2.7154781102991405
0.4214993804213135,-0.44442243208296606
0.42156133828996284,3.144879681905762
0.42162329615861216,2.455292685797888
0.4216852540272615,-1.683349656511801
0.4217472118959108,-2.9547247270468846
0.4218091697645601,0.7493114054432218
0.42187112763320944,3.679042175716541
0.42193308550185876,1.1164770977285516
0.421995043370508,-2.839984721474395
0.42205700123915735,-1.6808923459951908
0.42211895910780667,2.7863062119882875
0.422180916976456,3.2833393490528664
0.4222428748451053,-0.870026394157098
0.42230483271375463,-2.7309879417615255
0.42236679058240395,0.5030651714018659
0.42242874845105327,3.0560287296768553
0.4224907063197026,0.7407615683066444
0.4225526641883519,-2.174578057681108
0.42261462205700123,-0.8449618052665095
0.42267657992565055,1.9934647001502017
0.4227385377942999,1.4811765758020436
0.4228004956629492,-0.9293126350510301
0.4228624535315985,-0.7945784638222859
0.42292441140024783,1.3299452245499017
0.42298636926889716,1.5483039417363784
0.4230483271375465,-0.24733192539282756
0.4231102850061958,-0.8186944411446733
0.4231722428748451,0.42752607061209724
0.42323420074349444,1.0762312219388996
0.42329615861214376,0.30567240052465494
0.4233581164807931,-0.41851693184474914
0.4234200743494424,-0.3438113780802444
0.4234820322180917,0.15978736121128068
0.42354399008674104,0.909392736577452
0.42360594795539036,1.2260453584646056
0.4236679058240396,0.08050458505901764
0.42372986369268895,-1.2641840265024054
0.42379182156133827,-0.14096508133094884
0.4238537794299876,2.308721750105433
0.4239157372986369,1.6711681636144515
0.42397769516728623,-1.857321397884241
0.42403965303593555,-2.42956660597394
0.42410161090458487,1.4474002174927691
0.4241635687732342,3.308732317309144
0.4242255266418835,-0.2609198594565211
0.42428748451053283,-3.1092937667734954
0.42434944237918215,-0.21813883797685274
0.42441140024783147,3.270299462781124
0.4244733581164808,1.4171041406554319
0.4245353159851301,-1.9697968491581268
0.42459727385377943,-0.9462424845029871
0.42465923172242875,1.729154613918515
0.4247211895910781,0.8175485192677971
0.4247831474597274,-1.2169300024422298
0.4248451053283767,-0.0103859201812051
0.42490706319702604,1.4726942020227007
0.42496902106567536,-0.5360373268745817
0.4250309789343247,-1.915585530395583
0.425092936802974,1.1977254732947789
0.4251548946716233,3.2539504527608694
0.42521685254027264,-0.6128271874707175
0.42527881040892196,-3.7182144487809183
0.4253407682775712,0.5070497091794963
0.42540272614622054,4.860188477289594
0.42546468401486986,0.6449922492775071
0.4255266418835192,-5.220510021872187
0.4255885997521685,-1.7870842617748903
0.4256505576208178,5.256934029132843
0.42571251548946715,3.0337447329142595
0.42577447335811647,-4.800322322004293
0.4258364312267658,-4.068356012124195
0.4258983890954151,4.199570610657914
0.42596034696406443,5.382866977211263
0.42602230483271375,-2.4875564412108613
0.42608426270136307,-5.497248618207481
0.4261462205700124,1.1855510583452005
0.4262081784386617,5.501831398065536
0.42627013630731103,0.4220546090519184
0.42633209417596035,-4.717460638796752
0.4263940520446097,-1.7230066917446374
0.426456009913259,3.2577978552651965
0.4265179677819083,2.1923754024434468
0.42657992565055763,-1.7407869724262577
0.42664188351920695,-1.8558982302817784
0.4267038413878563,0.7910441466178812
0.4267657992565056,1.4767100851268085
0.4268277571251549,0.16422304730421633
0.42688971499380424,-0.4413426141574024
0.42695167286245356,-0.15202671381172816
0.4270136307311028,-0.11041702322823133
0.42707558859975214,-0.12132342634504929
0.42713754646840146,0.08837391221081248
0.4271995043370508,0.009764282622437559
0.4272614622057001,-0.14152872363146907
0.4273234200743494,0.1625980639672826
0.42738537794299875,0.1758535669852297
0.42744733581164807,-0.5043204126777963
0.4275092936802974,-0.3119722064454973
0.4275712515489467,1.2108828523407307
0.427633209417596,1.344984223481418
0.42769516728624535,-1.1011791023895523
0.42775712515489467,-2.380218297036543
0.427819083023544,0.27619182510355866
0.4278810408921933,2.9186480134958965
0.42794299876084263,0.7944631263054265
0.42800495662949195,-3.1425249724795417
0.42806691449814127,-2.4137923883321184
0.4281288723667906,2.2303399355499365
0.4281908302354399,3.610539791683925
0.42825278810408923,-0.44534157455877543
0.42831474597273855,-3.6406418095263975
0.4283767038413879,-1.1411219806462545
0.4284386617100372,3.0643504236449792
0.4285006195786865,2.558261252592385
0.42856257744733584,-1.7664941102025886
0.42862453531598516,-3.3870688109723095
0.4286864931846345,-0.10783669274737373
0.42874845105328374,2.9307649166575223
0.42881040892193306,1.3162039181854155
0.4288723667905824,-2.1166405086880316
0.4289343246592317,-2.0567015804527595
0.428996282527881,1.1163437958100606
0.42905824039653034,2.4416855485827207
0.42912019826517966,0.2504091781745741
0.429182156133829,-1.8697796418952968
0.4292441140024783,-1.0797034023207661
0.4293060718711276,0.9784490472265566
0.42936802973977695,1.415018045485517
0.42942998760842627,-0.08538275416852875
0.4294919454770756,-1.6190783626539065
0.4295539033457249,-1.2850995236461384
0.42961586121437423,0.9365570843687068
0.42967781908302355,2.3773950073919394
0.42973977695167287,0.4492659751814222
0.4298017348203222,-2.6660943132247326
0.4298636926889715,-1.8137385338830052
0.42992565055762083,2.6221718479780938
0.42998760842627015,3.5820013004510236
0.43004956629491947,-1.4379940038337446
0.4301115241635688,-4.785618526523649
0.4301734820322181,-0.5676523380214291
0.43023543990086743,4.746163906190233
0.43029739776951675,2.4089937832736465
0.4303593556381661,-3.8359549879737154
0.43042131350681534,-3.821891357501883
0.43048327137546466,2.212863699872779
0.430545229244114,4.559196952798412
0.4306071871127633,0.15739240973697544
0.4306691449814126,-3.5788680466367837
0.43073110285006194,-1.5734565657078927
0.43079306071871126,2.1304655321710273
0.4308550185873606,2.2960602701277937
0.4309169764560099,-0.371216277405745
0.4309789343246592,-2.1569378253300266
0.43104089219330854,-1.311462290673157
0.43110285006195787,1.1053143522844122
0.4311648079306072,2.313915889385116
0.4312267657992565,0.42191644497078706
0.4312887236679058,-2.2268880938217603
0.43135068153655515,-1.3018576264206119
0.43141263940520447,2.26598751269547
0.4314745972738538,2.5440815271315933
0.4315365551425031,-1.4551970456732335
0.43159851301115243,-3.0997905816492333
0.43166047087980175,0.6638149172790301
0.43172242874845107,3.3878159226667526
0.4317843866171004,0.1421737644768578
0.4318463444857497,-3.505120249174639
0.43190830235439903,-1.0495713529635442
0.43197026022304835,3.4613259920514476
0.4320322180916977,2.400357041948438
0.43209417596034694,-2.352249435295983
0.43215613382899626,-2.8616407333106126
0.4322180916976456,1.5127470578490954
0.4322800495662949,3.5553317566495632
0.4323420074349442,0.15048812876939752
0.43240396530359354,-3.2965392911468867
0.43246592317224286,-1.7036568056834591
0.4325278810408922,2.334632144841039
0.4325898389095415,2.857033482178297
0.4326517967781908,-0.8285933366333049
0.43271375464684014,-3.217813369053612
0.43277571251548946,-0.5040071159355728
0.4328376703841388,3.4769015348373173
0.4328996282527881,2.4626883941386506
0.4329615861214374,-2.3453458323703025
0.43302354399008675,-3.340687434399576
0.43308550185873607,1.3686004827131109
0.4331474597273854,4.1184878577904716
0.4332094175960347,0.03137256339468286
0.433271375464684,-4.323656632776968
0.43333333333333335,-1.5472722417077112
0.43339529120198267,3.9263494308927527
0.433457249070632,3.0531946195037953
0.4335192069392813,-2.627904140623567
0.43358116480793063,-3.682607274373874
0.43364312267657995,1.486074770126589
0.43370508054522927,4.41741217400986
0.43376703841387854,0.6458076775132222
0.43382899628252786,-3.717945977374852
0.4338909541511772,-2.256464813825379
0.4339529120198265,2.3434722012114437
0.4340148698884758,3.2752370421562373
0.43407682775712514,-0.48502822512530275
0.43413878562577446,-3.4697193759800866
0.4342007434944238,-1.5022665032142182
0.4342627013630731,2.784873713172665
0.4343246592317224,3.382791561743608
0.43438661710037174,-0.7961759614353743
0.43444857496902106,-3.769446199768591
0.4345105328376704,-0.8755578690440682
0.4345724907063197,3.655104462450171
0.434634448574969,2.6202757980963036
0.43469640644361834,-2.614449383428632
0.43475836431226766,-3.80797960506873
0.434820322180917,0.904492939733969
0.4348822800495663,3.8918490593712622
0.4349442379182156,0.5581807610434584
0.43500619578686495,-3.3485899289667085
0.43506815365551427,-1.5779468060843842
0.4351301115241636,2.616429599615695
0.4351920693928129,2.5053734362048248
0.43525402726146223,-1.2553823241696471
0.43531598513011155,-2.595485376935339
0.43537794299876087,0.056699113396448064
0.43543990086741013,2.197916388455982
0.43550185873605946,0.7503029221916249
0.4355638166047088,-1.8707139411145906
0.4356257744733581,-1.871286722372285
0.4356877323420074,0.7128791684154483
0.43574969021065674,2.2746083434234334
0.43581164807930606,0.466978744911154
0.4358736059479554,-2.270051257190679
0.4359355638166047,-1.6328128074303516
0.435997521685254,1.8994910801396574
0.43605947955390334,2.7657846482338533
0.43612143742255266,-1.0931394644959458
0.436183395291202,-3.813001233846511
0.4362453531598513,-0.5543570128303514
0.4363073110285006,3.651948341787439
0.43636926889714994,1.488344588027007
0.43643122676579926,-3.7898504060132914
0.4364931846344486,-3.038427204448282
0.4365551425030979,2.9008561603613368
0.4366171003717472,3.888221879364274
0.43667905824039654,-1.989697763953655
0.43674101610904587,-4.563731291913627
0.4368029739776952,0.7480886648148802
0.4368649318463445,4.570091372561979
0.4369268897149938,-0.007347175841327491
0.43698884758364315,-5.027434434124901
0.43705080545229247,-1.6883079734210322
0.43711276332094173,4.034219159904123
0.43717472118959105,2.1047529401451435
0.4372366790582404,-3.826552310061517
0.4372986369268897,-3.2828125254479428
0.437360594795539,2.493009328399147
0.43742255266418834,3.420377961314093
0.43748451053283766,-1.504748398207715
0.437546468401487,-3.531356861656903
0.4376084262701363,-0.04696665060248861
0.4376703841387856,2.2416625518734
0.43773234200743494,0.17587478166599002
0.43779429987608426,-1.7757499846889508
0.4378562577447336,-1.0801123303340958
0.4379182156133829,-0.308911069378065
0.4379801734820322,-0.267964287081377
0.43804213135068154,0.6915992018844714
0.43810408921933086,1.0234472568835085
0.4381660470879802,-1.4002802271956776
0.4382280049566295,-2.8903875128651695
0.4382899628252788,0.41793576298268276
0.43835192069392814,3.581264986963537
0.43841387856257746,0.2041936354328424
0.4384758364312268,-4.8689005683436
0.4385377942998761,-2.647772813991324
0.4385997521685254,3.5881979492924247
0.43866171003717475,3.0923129939094673
0.43872366790582407,-3.365328620895112
0.43878562577447333,-4.629302281277602
0.43884758364312265,1.2133870986656903
0.438909541511772,3.990140053481251
0.4389714993804213,-0.3501195038440926
0.4390334572490706,-3.733912386807998
0.43909541511771993,-1.162210630852639
0.43915737298636925,1.7850471374628833
0.4392193308550186,0.5126993418816418
0.4392812887236679,-1.50330735240352
0.4393432465923172,-1.0850098401042372
0.43940520446096654,-0.45554668666351583
0.43946716232961586,-0.8258503619103897
0.4395291201982652,-0.09819281414236158
0.4395910780669145,1.0561823791520801
0.4396530359355638,-0.3846199330456941
0.43971499380421314,-2.55120508362377
0.43977695167286246,-0.912543624003241
0.4398389095415118,2.36532392240158
0.4399008674101611,1.0931607439716526
0.4399628252788104,-3.2331243738282334
0.44002478314745974,-3.072546556230956
0.44008674101610906,1.6171559475580128
0.4401486988847584,2.7404518507662115
0.4402106567534077,-1.7193146093428304
0.440272614622057,-4.098617479117351
0.44033457249070634,-0.4149601387962148
0.44039653035935566,3.113328447701602
0.44045848822800493,0.9991372409528657
0.44052044609665425,-2.8984107281128955
0.44058240396530357,-2.6114448319898242
0.4406443618339529,0.7642168509037005
0.4407063197026022,2.0685512401842256
0.44076827757125153,-0.11296546109033478
0.44083023543990085,-2.637231694177844
0.4408921933085502,-2.429218036903964
0.4409541511771995,0.2954979469952857
0.4410161090458488,2.246832378919034
0.44107806691449813,0.5380595886513315
0.44114002478314746,-2.9542772913425814
0.4412019826517968,-2.950378752891229
0.4412639405204461,1.3592707646593913
0.4413258983890954,3.624634572042622
0.44138785625774474,-0.34694544006847405
0.44144981412639406,-4.868022521672458
0.4415117719950434,-2.501564112216306
0.4415737298636927,3.4480282085428273
0.441635687732342,3.3102313415236804
0.44169764560099134,-3.1808378754454845
0.44175960346964066,-5.604134866113938
0.44182156133829,0.4449183632450431
0.4418835192069393,5.517163283809606
0.4419454770755886,1.1826749992477936
0.44200743494423794,-5.827113096152937
0.44206939281288726,-3.9348987537581452
0.44213135068153653,4.224558053418296
0.44219330855018585,5.324330228051139
0.44225526641883517,-3.012536126663062
0.4423172242874845,-7.51914813820135
0.4423791821561338,-0.4831797858568093
0.44244114002478313,7.04680526932124
0.44250309789343245,2.6343310647878577
0.44256505576208177,-6.930723867500451
0.4426270136307311,-6.023104753146461
0.4426889714993804,4.337024962104489
0.44275092936802973,7.626797447853013
0.44281288723667905,-1.5383071616789445
0.4428748451053284,-8.545062442709273
0.4429368029739777,-2.314127553017724
0.442998760842627,7.031140934391231
0.44306071871127634,4.714252198589298
0.44312267657992566,-5.265186577025762
0.443184634448575,-7.198697880526899
0.4432465923172243,1.3970073032761126
0.4433085501858736,6.868632333299335
0.44337050805452294,1.3802692168293995
0.44343246592317226,-5.860278599124127
0.4434944237918216,-3.9729386608157893
0.4435563816604709,3.409180675522607
0.4436183395291202,5.059842007822833
0.44368029739776954,-0.8014853621229405
0.44374225526641886,-5.117756230475663
0.4438042131350681,-2.0200849576471542
0.44386617100371745,3.4074826888712817
0.44392812887236677,3.3451361394501404
0.4439900867410161,-1.7736413585621376
0.4440520446096654,-4.453307390612415
0.44411400247831473,-0.7992501296489294
0.44417596034696405,4.061193319093203
0.44423791821561337,3.0676074504625364
0.4442998760842627,-2.578709342426928
0.444361833952912,-4.5464298831212115
0.44442379182156133,0.5566980053553323
0.44448574969021065,5.301564778978406
0.44454770755886,1.9967399699936599
0.4446096654275093,-4.901049509108205
0.4446716232961586,-4.622624425586782
0.44473358116480793,2.9803134328054286
0.44479553903345725,6.194027846141092
0.4448574969021066,-0.32952259114227767
0.4449194547707559,-6.438515607526863
0.4449814126394052,-2.2765734063304084
0.44504337050805454,5.7427775619750845
0.44510532837670386,5.037652206072096
0.4451672862453532,-3.0583632887868095
0.4452292441140025,-5.798452337262129
0.4452912019826518,0.5328818543422185
0.44535315985130114,5.578953674837309
0.44541511771995046,2.022597016967585
0.4454770755885997,-3.838279352380212
0.44553903345724905,-3.333948931246697
0.44560099132589837,1.7417363060962436
0.4456629491945477,3.7867860556343484
0.445724907063197,0.9593476657125712
0.4457868649318463,-2.0807922629547817
0.44584882280049565,-1.7464816078490415
0.44591078066914497,0.9399946446739624
0.4459727385377943,2.7504721229096134
0.4460346964064436,1.5057802938521032
0.44609665427509293,-1.6665076095474711
0.44615861214374225,-2.6545040363747274
0.44622057001239157,0.5699923905797759
0.4462825278810409,3.7454264480135824
0.4463444857496902,1.6090679632790978
0.44640644361833953,-3.1263537721894092
0.44646840148698885,-2.6794251166267604
0.4465303593556382,3.047203278225378
0.4465923172242875,4.939585580664166
0.4466542750929368,-0.6770036360964373
0.44671623296158613,-4.8958759610971025
0.44677819083023546,-0.41201701505522836
0.4468401486988848,5.602394386689915
0.4469021065675341,2.851084603834474
0.4469640644361834,-4.390106111618901
0.44702602230483274,-3.9052090231452103
0.44708798017348206,3.6374346696512787
0.4471499380421313,5.503421376910559
0.44721189591078064,-1.2673513710251139
0.44727385377942996,-4.785409392536993
0.4473358116480793,0.8440329403153757
0.4473977695167286,5.421180459227395
0.4474597273853779,1.1113779737601586
0.44752168525402725,-3.839624798697705
0.44758364312267657,-0.6595595815231159
0.4476456009913259,4.050922991133717
0.4477075588599752,1.2624263537498681
0.44776951672862453,-3.3594488578234944
0.44783147459727385,-0.545726440812695
0.44789343246592317,4.434674751349986
0.4479553903345725,1.6496668378789439
0.4480173482032218,-3.956852894262075
0.44807930607187113,-1.3117411919439232
0.44814126394052045,5.336582663939694
0.44820322180916977,3.4956349435857157
0.4482651796778191,-4.042838145352647
0.4483271375464684,-3.6668759931492585
0.44838909541511773,3.9900575166379735
0.44845105328376705,5.073110759838086
0.4485130111524164,-2.108236482871356
0.4485749690210657,-4.4676972964632
0.448636926889715,1.6299929738289498
0.44869888475836434,4.739849625388587
0.44876084262701366,0.1671947003462673
0.448822800495663,-2.7103334409103272
0.44888475836431224,0.6890451474005611
0.44894671623296156,2.7826106113680513
0.4490086741016109,0.04451143254713352
0.4490706319702602,-1.020531477343506
0.4491325898389095,1.5144852608521608
0.44919454770755884,1.3056979199507341
0.44925650557620816,-1.832205352621163
0.4493184634448575,-0.7033972062536994
0.4493804213135068,3.5003814659337262
0.4494423791821561,1.9290961422831165
0.44950433705080545,-3.5287584052613234
0.44956629491945477,-1.8473920995411184
0.4496282527881041,5.231370807385655
0.4496902106567534,4.191057754066257
0.44975216852540273,-4.476477242408777
0.44981412639405205,-4.885216329687087
0.44987608426270137,4.891119490584772
0.4499380421313507,7.2234862623231635
0.45,-3.2313638262377253
0.45006195786864933,-8.149620006109103
0.45012391573729865,1.9624454749074263
0.450185873605948,9.615153558389487
0.4502478314745973,1.0602585689243693
0.4503097893432466,-8.757639331778147
0.45037174721189593,-2.543304478144802
0.45043370508054525,8.709174155577056
0.4504956629491946,5.452610362025993
0.45055762081784384,-6.167504023262907
0.45061957868649316,-6.073009491599691
0.4506815365551425,4.571965305927591
0.4507434944237918,6.93384436067111
0.4508054522924411,-2.088972617653257
0.45086741016109044,-6.202645227897038
0.45092936802973976,0.793635859043409
0.4509913258983891,5.857083571140605
0.4510532837670384,1.0161538036875828
0.4511152416356877,-4.066880776168778
0.45117719950433705,-0.9084828040424502
0.45123915737298637,3.7753227074228306
0.4513011152416357,1.8217457333654345
0.451363073110285,-2.385664433044142
0.4514250309789343,-1.4592977833759115
0.45148698884758365,1.984097460731124
0.45154894671623297,1.5984817077754045
0.4516109045848823,-1.2209156712034885
0.4516728624535316,-1.2369006449054378
0.45173482032218093,0.9845386545648662
0.45179677819083025,1.3775619188189288
0.45185873605947957,0.012956608944827197
0.4519206939281289,-0.36401749794145344
0.4519826517967782,0.1644769824428738
0.45204460966542753,0.1753388914682766
0.45210656753407685,0.3319874377262524
0.4521685254027262,0.9061001710955291
0.45223048327137544,0.054961901058992346
0.45229244114002476,-1.7254847371854505
0.4523543990086741,-0.7965228104095866
0.4524163568773234,2.366312235799075
0.4524783147459727,2.0224084861611553
0.45254027261462204,-2.3916508811861825
0.45260223048327136,-3.168019825266607
0.4526641883519207,2.332008083783748
0.45272614622057,4.983571561958077
0.4527881040892193,-0.9136744496458623
0.45285006195786864,-5.932466561569353
0.45291201982651796,-0.7305264132169383
0.4529739776951673,6.478387813418602
0.4530359355638166,2.78282823524658
0.4530978934324659,-6.400129292060091
0.45315985130111525,-5.291651690443529
0.45322180916976457,4.99201670932324
0.4532837670384139,7.266983308495545
0.4533457249070632,-2.675653451525508
0.45340768277571253,-8.34680974551905
0.45346964064436185,-0.08713336773857816
0.45353159851301117,8.57894867821982
0.4535935563816605,3.3612258298885536
0.4536555142503098,-7.291205743381762
0.45371747211895913,-6.291524738032155
0.45377942998760845,4.434071903487714
0.45384138785625777,7.675611133316153
0.45390334572490704,-1.3705766776807102
0.45396530359355636,-8.199571434563033
0.4540272614622057,-2.3658381780041102
0.454089219330855,6.721502600482747
0.4541511771995043,5.1976905902643935
0.45421313506815364,-4.028052478840078
0.45427509293680296,-6.647973320800457
0.4543370508054523,0.815820888786805
0.4543990086741016,6.451877821810845
0.4544609665427509,1.8930488720580572
0.45452292441140024,-5.32346286839498
0.45458488228004956,-4.2955378406468405
0.4546468401486989,2.586324001657989
0.4547087980173482,4.528010492767263
0.4547707558859975,-0.5953565364306191
0.45483271375464684,-4.192956221254762
0.45489467162329617,-1.256626487443405
0.4549566294919455,2.835173105137607
0.4550185873605948,2.0657678842872134
0.4550805452292441,-1.3985969868305665
0.45514250309789345,-2.170127503601174
0.45520446096654277,-0.02659961246440956
0.4552664188351921,1.2349359785735499
0.4553283767038414,0.19434232366526738
0.45539033457249073,-1.0564916003536533
0.45545229244114005,-0.8285605307101294
0.45551425030978937,0.14939121882812573
0.45557620817843864,0.44182005475729946
0.45563816604708796,-0.09674715042770554
0.4557001239157373,-0.4303698565505698
0.4557620817843866,0.022005018112844832
0.4558240396530359,0.4339125645728177
0.45588599752168524,-0.11007579372015952
0.45594795539033456,-0.8375793690047675
0.4560099132589839,-0.3823247880186935
0.4560718711276332,0.601880290850896
0.4561338289962825,0.22325107821593448
0.45619578686493184,-1.1508669723247449
0.45625774473358116,-1.0771331206940689
0.4563197026022305,0.6803923403220473
0.4563816604708798,1.318732771766715
0.4564436183395291,-0.32508930449428086
0.45650557620817844,-1.5795108319149391
0.45656753407682776,-0.30685697993817085
0.4566294919454771,1.4953144086263832
0.4566914498141264,0.8962697967741766
0.4567534076827757,-1.3219716483095953
0.45681536555142505,-1.881691295461255
0.45687732342007437,0.10294275891944249
0.4569392812887237,1.8016812818669474
0.457001239157373,0.6120779409043884
0.4570631970260223,-1.9434806671272207
0.45712515489467165,-1.9078492657649935
0.45718711276332097,1.2403539999658308
0.45724907063197023,2.9019119860626303
0.45731102850061955,0.014666564371268898
0.4573729863692689,-3.265047687092044
0.4574349442379182,-1.419406954329538
0.4574969021065675,2.9207312373164176
0.45755885997521684,2.4662885191072683
0.45762081784386616,-2.383221265607913
0.4576827757125155,-3.5884419763647704
0.4577447335811648,0.9075268537285206
0.4578066914498141,3.5143263918735834
0.45786864931846344,0.17125896509742988
0.45793060718711276,-2.9352283969410236
0.4579925650557621,-0.7601413749040762
0.4580545229244114,2.2200211464266046
0.4581164807930607,1.0788621927824296
0.45817843866171004,-1.1384306302578227
0.45824039653035936,-0.5499564080872623
0.4583023543990087,0.44813636818756564
0.458364312267658,-0.49953324671655897
0.4584262701363073,-0.5664080145848387
0.45848822800495664,1.2851546615956468
0.45855018587360596,0.9281687233416875
0.4586121437422553,-2.0181186004774228
0.4586741016109046,-1.6567167536244103
0.4587360594795539,2.5941348760155316
0.45879801734820325,3.0123035370233175
0.45885997521685257,-2.108634400339693
0.45892193308550183,-3.6905163161243895
0.45898389095415115,1.7300144787837999
0.4590458488228005,4.476877938401845
0.4591078066914498,-0.8940522494860852
0.4591697645600991,-4.885174588803194
0.45923172242874843,-0.1368773900328579
0.45929368029739776,4.806460012576278
0.4593556381660471,1.1066185056271476
0.4594175960346964,-4.185011822066073
0.4594795539033457,-1.4251342952585713
0.45954151177199504,3.981249505803253
0.45960346964064436,2.206910794881468
0.4596654275092937,-2.9080324018647605
0.459727385377943,-1.9053319328091536
0.4597893432465923,2.599380323609651
0.45985130111524164,1.846700212753337
0.45991325898389096,-2.269992422459091
0.4599752168525403,-1.6328819537233072
0.4600371747211896,2.260238575552707
0.4600991325898389,1.710875774455039
0.46016109045848824,-2.0529934691169247
0.46022304832713756,-1.4797197281719392
0.4602850061957869,2.5391643423747974
0.4603469640644362,2.3348072412197056
0.4604089219330855,-1.870941630075496
0.46047087980173484,-2.3042006122620884
0.46053283767038417,1.8115458799910078
0.46059479553903343,2.833915549287568
0.46065675340768275,-1.1664260450215334
0.46071871127633207,-2.9382314007437924
0.4607806691449814,0.6742713031953753
0.4608426270136307,3.1254581244832758
0.46090458488228003,0.12664713492311286
0.46096654275092935,-2.706207447248533
0.4610285006195787,-0.13071027970818883
0.461090458488228,3.212405708011034
0.4611524163568773,1.162452319920893
0.46121437422552664,-2.718995187367626
0.46127633209417596,-1.3680816207812665
0.4613382899628253,2.903606808381504
0.4614002478314746,2.190722586952849
0.4614622057001239,-2.6309615889257545
0.46152416356877324,-2.8737896211933487
0.46158612143742256,2.3430162465069184
0.4616480793060719,3.81015824408476
0.4617100371747212,-1.3913802567536475
0.4617719950433705,-3.985297004277753
0.46183395291201984,1.0721403998224655
0.46189591078066916,4.903428546225513
0.4619578686493185,0.33517841531339143
0.4620198265179678,-4.715936220527643
0.4620817843866171,-1.1348791414343202
0.46214374225526644,4.708491141114583
0.46220570012391576,2.2076386352218274
0.46226765799256503,-4.249194767223604
0.46232961586121435,-3.1346048808874194
0.46239157372986367,3.5021219391780036
0.462453531598513,4.013530892525423
0.4625154894671623,-2.011326276923122
0.46257744733581163,-3.817810003546194
0.46263940520446095,1.0958528431456074
0.46270136307311027,3.758889324474626
0.4627633209417596,0.3477840508666975
0.4628252788104089,-2.5689120776563166
0.46288723667905823,-0.9665773927985073
0.46294919454770755,1.1111435780214596
0.4630111524163569,0.7396321612122233
0.4630731102850062,0.07938492021789045
0.4631350681536555,0.023237604104051846
0.46319702602230484,-0.862686134476218
0.46325898389095416,-1.1643094070213462
0.4633209417596035,1.1173001770959192
0.4633828996282528,2.6819343219500174
0.4634448574969021,-0.15011895121684815
0.46350681536555144,-3.321162676284467
0.46356877323420076,-1.0365952052011862
0.4636307311028501,3.2725742301940834
0.4636926889714994,2.0870784903932194
0.4637546468401487,-2.8858836935851944
0.46381660470879804,-3.323885127466923
0.46387856257744736,1.4216656612286973
0.4639405204460966,3.4753618621905247
0.46400247831474595,-0.1420246791449742
0.46406443618339527,-3.2072188226899314
0.4641263940520446,-1.0570061401192152
0.4641883519206939,2.5034738519504316
0.46425030978934323,2.0010636727485065
0.46431226765799255,-1.5604197532428712
0.46437422552664187,-2.865377714172867
0.4644361833952912,-0.09474648187607748
0.4644981412639405,2.5743514439225117
0.46456009913258983,0.8969075848444685
0.46462205700123915,-2.8468933136288537
0.4646840148698885,-2.6026538942772874
0.4647459727385378,1.819959630323123
0.4648079306071871,3.391070608287271
0.46486988847583643,-0.89220848757891
0.46493184634448576,-4.127430794809231
0.4649938042131351,-0.6675803864719123
0.4650557620817844,3.7684343797989714
0.4651177199504337,1.5242248319601075
0.46517967781908304,-3.671376835387236
0.46524163568773236,-3.146353840895453
0.4653035935563817,1.7876178017734894
0.465365551425031,2.7285326912957117
0.4654275092936803,-1.187412169140574
0.46548946716232964,-2.9673648173042264
0.46555142503097896,-0.3761128464739456
0.4656133828996282,1.6730285861033045
0.46567534076827755,0.6097601284358285
0.46573729863692687,-0.9286985278351636
0.4657992565055762,-1.15724010588514
0.4658612143742255,-0.81574556106902
0.46592317224287483,-0.03477114919174429
0.46598513011152415,0.8274686350053904
0.46604708798017347,-0.12830812026583577
0.4661090458488228,-2.294342291425596
0.4661710037174721,-1.7166179172399993
0.46623296158612143,1.5863849830616972
0.46629491945477075,1.9396895879715128
0.46635687732342007,-1.9293285048717692
0.4664188351920694,-3.302935343653706
0.4664807930607187,0.7263562618604189
0.46654275092936803,3.1594736431168102
0.46660470879801735,-0.6140140135853098
0.4666666666666667,-4.12960120658755
0.466728624535316,-1.3315728451768876
0.4667905824039653,2.637708149096954
0.46685254027261464,0.9802360254285563
0.46691449814126396,-2.8992963993778105
0.4669764560099133,-2.3476747619468963
0.4670384138785626,0.9564693856480349
0.4671003717472119,1.377802244878969
0.46716232961586124,-0.7100912910632767
0.46722428748451056,-1.4041152683362306
0.4672862453531598,-0.6415584177627276
0.46734820322180914,-0.4046543929192187
0.46741016109045846,-0.2441816313949896
0.4674721189591078,0.2625051164307024
0.4675340768277571,-0.523801043662075
0.4675960346964064,-2.129728776207302
0.46765799256505575,-1.3776523064701505
0.46771995043370507,1.223636794585118
0.4677819083023544,1.0983601312005815
0.4678438661710037,-1.947944636054488
0.46790582403965303,-2.474034650717284
0.46796778190830235,0.7633667442889037
0.46802973977695167,2.010835525680249
0.468091697645601,-1.1323031851958425
0.4681536555142503,-3.112127020947968
0.46821561338289963,-0.43883174787121043
0.46827757125154895,1.9538395875369248
0.4683395291201983,-0.3134362739289355
0.4684014869888476,-3.1571707778513303
0.4684634448574969,-1.405581560150925
0.46852540272614623,1.9817860615659935
0.46858736059479555,1.1400289074692824
0.4686493184634449,-2.483771745494457
0.4687112763320942,-2.62331253675876
0.4687732342007435,1.1116635733478977
0.46883519206939284,2.464682188031806
0.46889714993804216,-1.0691907511700451
0.4689591078066915,-3.85852079837984
0.46902106567534074,-1.2027854745512367
0.46908302354399006,2.6829743994049036
0.4691449814126394,1.24256022670738
0.4692069392812887,-3.3605306469195226
0.469268897149938,-3.3125870982976307
0.46933085501858735,1.681210467728755
0.46939281288723667,3.3068663532682057
0.469454770755886,-1.3360549447842438
0.4695167286245353,-4.314059011854225
0.4695786864931846,-0.39615347887493524
0.46964064436183395,3.5633854460932013
0.46970260223048327,0.5228107783929783
0.4697645600991326,-4.183183491471068
0.4698265179677819,-2.298885732037614
0.46988847583643123,2.6185179008737958
0.46995043370508055,1.8088956256249071
0.47001239157372987,-2.875029384705419
0.4700743494423792,-2.7663453391177466
0.4701363073110285,1.671639945570982
0.47019826517967783,2.2157400861402525
0.47026022304832715,-1.702328101594012
0.4703221809169765,-2.4967182085777218
0.4703841387856258,0.9990121165443593
0.4704460966542751,1.7406495316560546
0.47050805452292443,-1.7291792934688321
0.47057001239157376,-2.5639331586855176
0.4706319702602231,1.0367759658148175
0.47069392812887234,2.1396187748902538
0.47075588599752166,-1.7049431879286994
0.470817843866171,-3.3376975398588895
0.4708798017348203,0.8944535034480559
0.4709417596034696,3.7996706120839656
0.47100371747211894,-0.16499110365168423
0.47106567534076826,-4.546467933949399
0.4711276332094176,-1.5556166823793556
0.4711895910780669,4.233186340959201
0.4712515489467162,2.974335292860463
0.47131350681536555,-3.8818532375655894
0.47137546468401487,-5.256518817250938
0.4714374225526642,1.6252763089471063
0.4714993804213135,6.024815979561088
0.47156133828996283,0.5254294669196313
0.47162329615861215,-6.430969208619189
0.47168525402726147,-3.3107458714866924
0.4717472118959108,5.561860407109593
0.4718091697645601,5.898827531845159
0.47187112763320943,-3.4531116136004147
0.47193308550185875,-7.562667559579454
0.47199504337050807,0.6301949674124268
0.4720570012391574,7.943664237861271
0.4721189591078067,2.108334511526923
0.47218091697645603,-7.474493698414369
0.47224287484510535,-4.855457976020049
0.4723048327137547,5.726073668870978
0.47236679058240394,6.750957510790826
0.47242874845105326,-3.1552642725261126
0.4724907063197026,-7.1731767609854105
0.4725526641883519,1.090201010780413
0.4726146220570012,7.344618836332497
0.47267657992565054,1.4528451938747713
0.47273853779429986,-6.0174714668841665
0.4728004956629492,-2.8452301869490584
0.4728624535315985,4.580118931561699
0.4729244114002478,3.731961424509512
0.47298636926889714,-2.7804639139752614
0.47304832713754646,-3.528654931486452
0.4731102850061958,1.70600251655384
0.4731722428748451,3.436673708395502
0.4732342007434944,-0.16616309052825362
0.47329615861214375,-1.8085698826692618
0.47335811648079307,0.643481954013706
0.4734200743494424,1.5954165172998902
0.4734820322180917,-0.4595207131144514
0.47354399008674103,-0.6241175436541191
0.47360594795539035,1.7020255354882632
0.47366790582403967,1.2075799752762768
0.473729863692689,-2.156945526395446
0.4737918215613383,-1.6856498061748317
0.47385377942998763,3.1587348432716467
0.47391573729863695,3.8863298923531193
0.4739776951672863,-1.9296076603276018
0.47403965303593554,-4.505090293307364
0.47410161090458486,1.6462580525685755
0.4741635687732342,6.599719371813714
0.4742255266418835,1.1656668400268901
0.4742874845105328,-6.176891876439226
0.47434944237918214,-2.684298508448981
0.47441140024783146,6.215671982616884
0.4744733581164808,5.248872304671406
0.4745353159851301,-4.234143690444309
0.4745972738537794,-5.859272302928068
0.47465923172242874,3.429443343887744
0.47472118959107806,7.591630489030296
0.4747831474597274,-0.588426384253941
0.4748451053283767,-6.6128489326275535
0.474907063197026,0.19749972394340332
0.47496902106567535,7.597946174450462
0.47503097893432467,2.156255400939357
0.475092936802974,-6.515147415896067
0.4751548946716233,-2.7361921878688236
0.4752168525402726,6.913354697585271
0.47527881040892195,5.005085611534411
0.47534076827757127,-5.353968939576859
0.4754027261462206,-5.5663220236285955
0.4754646840148699,5.248964861944108
0.47552664188351923,8.16523549242979
0.47558859975216855,-2.1628297822827602
0.47565055762081787,-7.778037170889796
0.47571251548946714,1.1185761459762478
0.47577447335811646,8.992342581340356
0.4758364312267658,2.2104009205399047
0.4758983890954151,-7.383575270900805
0.4759603469640644,-3.4347212405988414
0.47602230483271374,6.815432538863003
0.47608426270136306,5.824904740138512
0.4761462205700124,-4.017995392083888
0.4762081784386617,-5.544318669686214
0.476270136307311,3.3377025625269336
0.47633209417596034,7.073718444767755
0.47639405204460966,-0.229142025410348
0.476456009913259,-5.596429748711982
0.4765179677819083,-0.2601583833611951
0.4765799256505576,5.996863189064729
0.47664188351920694,2.5614958785623037
0.47670384138785626,-4.222771165821697
0.4767657992565056,-2.850379725680579
0.4768277571251549,3.8447182942455953
0.4768897149938042,4.46298686339689
0.47695167286245355,-1.4412897037461374
0.47701363073110287,-3.522060347591207
0.4770755885997522,1.3412822042584005
0.4771375464684015,4.494654557979489
0.47719950433705083,0.8996831045631453
0.47726146220570015,-2.829646751322184
0.47732342007434947,-0.5855886708738274
0.47738537794299873,3.0366893477647747
0.47744733581164805,1.6258157919208158
0.4775092936802974,-1.8385890373433345
0.4775712515489467,-1.0090636335261505
0.477633209417596,2.3364901019146496
0.47769516728624534,1.9915017034912577
0.47775712515489466,-1.2107702259260573
0.477819083023544,-1.166350410484627
0.4778810408921933,2.1321970713844562
0.4779429987608426,2.584602366617374
0.47800495662949194,-0.8093370290620053
0.47806691449814126,-2.067662494478535
0.4781288723667906,0.9878173535051937
0.4781908302354399,2.8535895744423816
0.4782527881040892,0.2055645537253148
0.47831474597273854,-2.2830669245125352
0.47837670384138786,-0.28428251559268225
0.4784386617100372,2.706594083842241
0.4785006195786865,1.628621267473929
0.4785625774473358,-1.4912355983382122
0.47862453531598514,-1.260348724100369
0.47868649318463447,1.8841755368118847
0.4787484510532838,2.5654831900155632
0.4788104089219331,-0.511857053127153
0.4788723667905824,-2.430647402631077
0.47893432465923175,-0.03745718687424514
0.47899628252788107,2.905830790070563
0.47905824039653033,1.5729623659626801
0.47912019826517965,-2.1805895637727373
0.479182156133829,-2.4110417528634733
0.4792441140024783,1.601676582520436
0.4793060718711276,3.82710585615565
0.47936802973977694,0.6953590591894628
0.47942998760842626,-3.1284593488689065
0.4794919454770756,-1.833547984712075
0.4795539033457249,2.536129034552413
0.4796158612143742,3.3659583821899073
0.47967781908302354,-0.4315458751558951
0.47973977695167286,-3.2965551266806665
0.4798017348203222,-1.531420478648028
0.4798636926889715,2.118469046476111
0.4799256505576208,3.0341492548298916
0.47998760842627014,0.3229960185637442
0.48004956629491946,-2.7791773615566973
0.4801115241635688,-2.320026429745767
0.4801734820322181,1.8407296135396927
0.4802354399008674,4.424170764549987
0.48029739776951674,0.8522754771858986
0.48035935563816606,-4.683280771093832
0.4804213135068154,-3.493112723795619
0.4804832713754647,3.5901939812506374
0.480545229244114,5.444514028742811
0.48060718711276335,-1.692459550219379
0.48066914498141267,-6.546341247798697
0.48073110285006193,-0.7837749587302427
0.48079306071871125,6.346765665979055
0.48085501858736057,3.0875523889526812
0.4809169764560099,-4.859871350788152
0.4809789343246592,-4.244896434862576
0.48104089219330853,3.1612549027353736
0.48110285006195785,4.582588486216046
0.4811648079306072,-1.5031953070265112
0.4812267657992565,-4.271181310250767
0.4812887236679058,-0.18558692193509585
0.48135068153655514,2.6762271133189133
0.48141263940520446,0.43256162284406974
0.4814745972738538,-1.4449569848988084
0.4815365551425031,-0.2572296871753096
0.4815985130111524,0.13378013303886904
0.48166047087980174,-0.8703435462599285
0.48172242874845106,0.4582348119545854
0.4817843866171004,2.4700335026044336
0.4818463444857497,-0.11818161118771234
0.481908302354399,-4.287121207578769
0.48197026022304834,-1.8686882108896867
0.48203221809169766,4.585279887056698
0.482094175960347,3.733456597231297
0.4821561338289963,-4.512107653074773
0.4822180916976456,-6.590652120789393
0.48228004956629494,2.1019222785840213
0.48234200743494426,7.960563108276331
0.48240396530359353,1.027754488621184
0.48246592317224285,-8.002407162246682
0.48252788104089217,-4.689469054302035
0.4825898389095415,5.837273818784578
0.4826517967781908,7.085525566182978
0.48271375464684013,-2.8164779828907722
0.48277571251548945,-8.65186413952091
0.4828376703841388,-1.839933936263928
0.4828996282527881,7.017523926246157
0.4829615861214374,4.805855011151921
0.48302354399008673,-4.664641459848093
0.48308550185873605,-7.0985726224461185
0.4831474597273854,0.8227978052531894
0.4832094175960347,7.03195578510689
0.483271375464684,2.4648326869871764
0.48333333333333334,-5.654059249462275
0.48339529120198266,-5.192215563117671
0.483457249070632,2.586910249828591
0.4835192069392813,5.570789098826691
0.4835811648079306,-0.3945208178238269
0.48364312267657994,-5.716560087347371
0.48370508054522926,-2.4650807700494095
0.4837670384138786,3.790618085226534
0.4838289962825279,3.5157781913379056
0.4838909541511772,-2.1038428569411565
0.48395291201982654,-4.068600203631492
0.48401486988847586,0.10182421209416342
0.4840768277571251,3.443854127192099
0.48413878562577445,1.0801947673026808
0.48420074349442377,-2.8156826573805853
0.4842627013630731,-2.399308090184166
0.4843246592317224,1.0133988596346608
0.48438661710037173,1.971869129290436
0.48444857496902105,-0.4257822637508064
0.48451053283767037,-1.9905564931898931
0.4845724907063197,-0.602530850938496
0.484634448574969,1.049212913208917
0.48469640644361833,0.6146703926777547
0.48475836431226765,-0.42525189685326725
0.484820322180917,-0.27158160103074036
0.4848822800495663,-0.0015089744863147625
0.4849442379182156,-0.6848335170647646
0.48500619578686494,-0.7356313656176331
0.48506815365551426,0.7282398413397495
0.4851301115241636,1.1474723998705483
0.4851920693928129,-1.0679790911562308
0.4852540272614622,-2.554299886767436
0.48531598513011154,-0.11110633578917539
0.48537794299876086,3.0014840645762315
0.4854399008674102,1.589536888977669
0.4855018587360595,-2.604024886605277
0.4855638166047088,-3.046749000854656
0.48562577447335814,1.166769637430824
0.48568773234200746,3.6921746921453993
0.4857496902106567,0.7185444696060042
0.48581164807930605,-3.4876792770555354
0.48587360594795537,-3.111211642873947
0.4859355638166047,1.2657294523343539
0.485997521685254,3.9115557840556203
0.48605947955390333,1.2949771108332975
0.48612143742255265,-3.488866808792751
0.48618339529120197,-3.9165726989396874
0.4862453531598513,1.5747619448990338
0.4863073110285006,5.8008995206987874
0.48636926889714993,1.705057606702025
0.48643122676579925,-5.828990103620627
0.48649318463444857,-5.065450591001497
0.4865551425030979,4.028757084164937
0.4866171003717472,7.353245355674168
0.48667905824039653,-1.3658589666533947
0.48674101610904585,-8.609300420592831
0.4868029739776952,-2.0484244975418733
0.4868649318463445,8.160259766879042
0.4869268897149938,5.1756722353672835
0.48698884758364314,-6.147303292161551
0.48705080545229246,-6.886696080758675
0.4871127633209418,4.009298031598876
0.4871747211895911,7.9850657961846085
0.4872366790582404,-1.4089059336174488
0.48729863692688974,-7.918827308849002
0.48736059479553906,-0.8726635636451401
0.4874225526641883,7.060253426915885
0.48748451053283764,2.513936946753108
0.48754646840148697,-5.94237557939373
0.4876084262701363,-3.670103808971498
0.4876703841387856,4.866992462028181
0.4877323420074349,4.897245052698462
0.48779429987608425,-3.0310758248509315
0.48785625774473357,-5.027133137794185
0.4879182156133829,1.8519118373035353
0.4879801734820322,5.405246513283569
0.48804213135068153,-0.23995204336780396
0.48810408921933085,-5.174515032295146
0.48816604708798017,-1.1878842682446444
0.4882280049566295,4.618478328661141
0.4882899628252788,2.4397455401025154
0.48835192069392813,-3.707414943605567
0.48841387856257745,-3.1739774150084754
0.4884758364312268,3.171637648158839
0.4885377942998761,4.459935297155818
0.4885997521685254,-1.6505568395501506
0.48866171003717473,-4.750661498138598
0.48872366790582406,0.6756083984157921
0.4887856257744734,5.415617141345447
0.4888475836431227,0.9515960218796697
0.488909541511772,-5.487272385611044
0.48897149938042134,-2.7085759578020845
0.48903345724907066,4.990517455661795
0.4890954151177199,4.544777236985009
0.48915737298636924,-3.4775044233933388
0.48921933085501856,-5.450613195807355
0.4892812887236679,2.0470583828878763
0.4893432465923172,6.354998026438558
0.4894052044609665,0.4449153003045767
0.48946716232961585,-5.487896439002515
0.48952912019826517,-1.9791155479158284
0.4895910780669145,4.21561391292507
0.4896530359355638,2.927283637174542
0.48971499380421313,-2.5366313129152305
0.48977695167286245,-2.92765196724244
0.48983890954151177,1.0943190571906056
0.4899008674101611,2.3093370664196997
0.4899628252788104,0.035486949456558836
0.49002478314745973,-0.8655143702559521
0.49008674101610905,0.25334910470693073
0.49014869888475837,0.3556825247918899
0.4902106567534077,-0.3615742933015862
0.490272614622057,0.1960699670778452
0.49033457249070633,0.8819078000644984
0.49039653035935565,-0.16978863633202446
0.490458488228005,-1.1991543355213778
0.4905204460966543,-0.22655836124309037
0.4905824039653036,0.9200569345981322
0.49064436183395294,0.34927031766214744
0.49070631970260226,-0.33193911135663434
0.4907682775712516,0.16830654880787965
0.49083023543990084,0.22126012825689445
0.49089219330855016,-0.5549765971240173
0.4909541511771995,0.008653920754513544
0.4910161090458488,1.4092144588711142
0.4910780669144981,0.348693234894221
0.49114002478314744,-2.19653768685024
0.49120198265179676,-1.3616861285565773
0.4912639405204461,2.1770743057304913
0.4913258983890954,2.0233223933094697
0.4913878562577447,-2.1900288019610827
0.49144981412639405,-2.9326873208571502
0.49151177199504337,1.737591637218701
0.4915737298636927,3.7227527398903995
0.491635687732342,-0.8672165244499088
0.49169764560099133,-4.134435029328022
0.49175960346964065,-0.17607728398963512
0.49182156133828997,4.11134185704779
0.4918835192069393,1.0298306062904896
0.4919454770755886,-4.267821754962447
0.49200743494423793,-2.7177386229350917
0.49206939281288725,3.025095068801474
0.4921313506815366,3.385240259889965
0.4921933085501859,-1.9481802003644277
0.4922552664188352,-4.091118571605477
0.49231722428748453,0.13605511757707112
0.49237918215613385,3.765935701978096
0.4924411400247832,1.409688793939711
0.49250309789343244,-2.9229904606524024
0.49256505576208176,-2.9075884712987596
0.4926270136307311,0.8381225794342695
0.4926889714993804,2.645409104302833
0.4927509293680297,0.20407196866434063
0.49281288723667904,-2.75771398230865
0.49287484510532836,-2.0865939555066015
0.4929368029739777,1.1273945473082208
0.492998760842627,2.270623825029338
0.4930607187112763,-0.18158599999182679
0.49312267657992565,-2.4560891386297103
0.49318463444857497,-1.1376954920954203
0.4932465923172243,1.5645719794078592
0.4933085501858736,1.2622041682091734
0.4933705080545229,-1.5689929876165534
0.49343246592317225,-2.3096797674426126
0.49349442379182157,0.1978322461943246
0.4935563816604709,1.6454986296532614
0.4936183395291202,-0.5161275795896137
0.49368029739776953,-2.569487947320419
0.49374225526641885,-0.694687638782139
0.49380421313506817,2.22172189170131
0.4938661710037175,1.0578759984692854
0.4939281288723668,-2.631074810813025
0.49399008674101613,-2.6005955201538034
0.49405204460966545,1.5142827830063208
0.4941140024783148,2.842006919302955
0.49417596034696404,-1.3873235326830229
0.49423791821561336,-4.46859038966292
0.4942998760842627,-0.9917767956998267
0.494361833952912,3.586068785298921
0.4944237918215613,1.5432861352997216
0.49448574969021064,-3.8808905834234513
0.49454770755885996,-3.467897237032166
0.4946096654275093,2.31325671591454
0.4946716232961586,3.718210906483753
0.4947335811648079,-1.747979096242943
0.49479553903345724,-4.850126755436812
0.49485749690210656,-0.3396920178261505
0.4949194547707559,3.95523820044501
0.4949814126394052,0.5407668960481762
0.4950433705080545,-4.792037319521465
0.49510532837670385,-2.8647409182536356
0.49516728624535317,3.129370304599256
0.4952292441140025,3.074178176414952
0.4952912019826518,-2.855335958963293
0.49535315985130113,-4.611565933912352
0.49541511771995045,0.705106257224186
0.49547707558859977,4.201308512807385
0.4955390334572491,0.23372360067321707
0.4956009913258984,-4.557890968838274
0.49566294919454773,-2.6746995801235367
0.49572490706319705,2.2876996616186887
0.49578686493184637,2.3918111269357434
0.49584882280049564,-1.8329482951744123
0.49591078066914496,-3.438106727796189
0.4959727385377943,-0.607876841279989
0.4960346964064436,1.7478180077048922
0.4960966542750929,0.7426284664715508
0.49615861214374224,-1.1290962391931025
0.49622057001239156,-1.4323680438181792
0.4962825278810409,-0.7948364451134354
0.4963444857496902,-0.08129726999237374
0.4964064436183395,0.6199242665101713
0.49646840148698884,0.21740645536515824
0.49653035935563816,-1.732345760510713
0.4965923172242875,-2.4505345064139092
0.4966542750929368,0.10453718291153669
0.4967162329615861,2.3201101335282313
0.49677819083023544,0.0326455778756527
0.49684014869888476,-3.3739122007015725
0.4969021065675341,-1.7054003646421205
0.4969640644361834,2.733268963068225
0.4970260223048327,2.111368756394723
0.49708798017348205,-2.986475797305068
0.49714993804213137,-3.707541658502161
0.4972118959107807,1.4642540592308038
0.49727385377943,3.397294742101158
0.49733581164807933,-1.5763712772262526
0.49739776951672865,-4.7052956985608
0.49745972738537797,-0.2684772999010212
0.49752168525402723,4.020860058564429
0.49758364312267656,0.7039789762800477
0.4976456009913259,-4.150971282976453
0.4977075588599752,-1.9772876288637653
0.4977695167286245,3.0818709946111813
0.49783147459727384,2.045161794738084
0.49789343246592316,-2.8477308353953408
0.4979553903345725,-2.836145587412246
0.4980173482032218,1.4444652902734243
0.4980793060718711,1.9138219340610907
0.49814126394052044,-1.832415283048507
0.49820322180916976,-2.3976168976697894
0.4982651796778191,1.2258579082346164
0.4983271375464684,2.00454617664531
0.4983890954151177,-1.5985082772859476
0.49845105328376704,-2.5759705691721275
0.49851301115241636,1.36585498242711
0.4985749690210657,3.018041046914487
0.498636926889715,-1.2186606053869493
0.4986988847583643,-4.108900062565165
0.49876084262701365,-0.1536393219179855
0.49882280049566297,4.058445424685896
0.4988847583643123,0.9015671608625085
0.4989467162329616,-4.531571597713183
0.4990086741016109,-2.64634566449485
0.49907063197026025,3.827204112597611
0.49913258983890957,3.8874705310565463
0.49919454770755883,-2.810573860995683
0.49925650557620815,-4.815413444680033
0.4993184634448575,1.5664620670656224
0.4993804213135068,5.457465412006916
0.4994423791821561,-0.11070962604243127
0.49950433705080544,-5.821077567460648
0.49956629491945476,-1.7661535049623516
0.4996282527881041,5.2818513780770555
0.4996902106567534,3.19938037463974
0.4997521685254027,-4.548385459878646
0.49981412639405204,-4.60795334093128
0.49987608426270136,3.355249401549647
0.4999380421313507,5.948115787084464
0.5,-1.1556218248136192
0.5000619578686493,-5.970540144644738
0.5001239157372986,-0.5848009856718429
0.5001858736059479,5.796597924923893
0.5002478314745973,2.676578137803556
0.5003097893432465,-4.518518245007416
0.5003717472118959,-4.110651016964916
0.5004337050805452,2.7638382273539044
0.5004956629491946,4.969509558209452
0.5005576208178438,-0.3940462934550213
0.5006195786864932,-4.370731565916594
0.5006815365551425,-1.022811644512551
0.5007434944237918,4.011089611947938
0.5008054522924411,3.166842320675753
0.5008674101610905,-1.812669451133292
0.5009293680297398,-3.4069941754225685
0.5009913258983891,0.39486398392806404
0.5010532837670384,3.729708470364725
0.5011152416356878,1.7101742926283499
0.501177199504337,-2.6090868457590792
0.5012391573729864,-2.7512661013754194
0.5013011152416357,1.6777744945671609
0.501363073110285,4.168273953232241
0.5014250309789343,0.8698695829746179
0.5014869888475837,-3.2922852602163286
0.501548946716233,-1.7706856757666298
0.5016109045848823,3.325382194857711
0.5016728624535316,4.012954371401705
0.5017348203221809,-1.105475669109038
0.5017967781908302,-4.168657585579325
0.5018587360594795,-0.23364641132146313
0.5019206939281289,4.603275192734981
0.5019826517967781,2.6361437024665393
0.5020446096654275,-3.0267959190763634
0.5021065675340768,-3.238316009682525
0.5021685254027262,2.4534021229305063
0.5022304832713754,4.96594604854063
0.5022924411400248,0.3601517970440218
0.5023543990086741,-3.825395038178972
0.5024163568773234,-0.9479597058742805
0.5024783147459727,4.026112856205632
0.5025402726146221,2.9445712076068142
0.5026022304832714,-2.1986749608168608
0.5026641883519207,-2.9395257557157812
0.50272614622057,1.648377797584094
0.5027881040892194,3.897147383819809
0.5028500619578686,0.44217437782623337
0.502912019826518,-2.6633286323062686
0.5029739776951673,-0.35359640456504526
0.5030359355638166,3.3574041391706366
0.5030978934324659,2.4015612637915242
0.5031598513011153,-1.4984029028429477
0.5032218091697646,-1.998830216258768
0.5032837670384139,1.534621788917304
0.5033457249070632,3.228355512634243
0.5034076827757125,0.26998599433642334
0.5034696406443618,-2.5589457202868915
0.5035315985130111,-0.5466276623916153
0.5035935563816605,3.2209904934992846
0.5036555142503097,2.6161498925790982
0.5037174721189591,-1.4646129602783642
0.5037794299876084,-2.2084754179880925
0.5038413878562578,1.8369818151213517
0.503903345724907,3.8984086514787886
0.5039653035935564,0.25231063844866486
0.5040272614622057,-3.047116743230982
0.504089219330855,-0.31691889466134315
0.5041511771995043,3.6724909478517365
0.5042131350681537,1.8439793185137991
0.504275092936803,-2.5406773755385244
0.5043370508054523,-1.5339238775700323
0.5043990086741016,3.1284326787992063
0.504460966542751,3.0284425929520116
0.5045229244114002,-1.5757764522389963
0.5045848822800496,-2.143618998165201
0.5046468401486989,2.388341929959966
0.5047087980173482,3.534051478950752
0.5047707558859975,-1.0170256314933934
0.5048327137546469,-2.975861903722423
0.5048946716232962,1.2517859822994657
0.5049566294919455,3.8665477504964314
0.5050185873605948,0.06753252755407235
0.5050805452292441,-3.134406321764957
0.5051425030978934,0.11272161336857467
0.5052044609665427,3.889497756314997
0.5052664188351921,1.5542252453775718
0.5053283767038413,-2.3592179610603132
0.5053903345724907,-0.9019801036299777
0.50545229244114,2.804560888284382
0.5055142503097894,1.9665751122332504
0.5055762081784386,-1.511192995045266
0.505638166047088,-1.2875515928033723
0.5057001239157373,1.682910372706134
0.5057620817843866,1.6896022775721709
0.5058240396530359,-0.8985309837013018
0.5058859975216853,-0.9088217329310124
0.5059479553903345,1.6410391714735713
0.5060099132589839,1.8413523416402944
0.5060718711276332,-0.7059899913917036
0.5061338289962826,-1.177014605135631
0.5061957868649318,1.4491177382558593
0.5062577447335812,2.3571279562939025
0.5063197026022305,-0.4565653991377401
0.5063816604708798,-2.3281855475840985
0.5064436183395291,0.16498909257112704
0.5065055762081785,3.0315263950925586
0.5065675340768278,1.2366480418826293
0.5066294919454771,-2.600566717327345
0.5066914498141264,-1.9260582523368428
0.5067534076827757,2.8036776157382644
0.506815365551425,3.9487109359746224
0.5068773234200743,-1.0149733256528914
0.5069392812887237,-4.331343604797138
0.5070012391573729,-0.03724515872134185
0.5070631970260223,5.319034012367256
0.5071251548946716,2.434976511774619
0.507187112763321,-4.777604024584321
0.5072490706319702,-4.398341558938903
0.5073110285006196,3.6398769223202487
0.5073729863692689,6.311354481938047
0.5074349442379182,-1.15309288481208
0.5074969021065675,-6.644605412275073
0.5075588599752169,-0.9531540870666504
0.5076208178438661,6.701467519015523
0.5076827757125155,3.870033149151501
0.5077447335811648,-4.627118875804526
0.5078066914498142,-5.145606431735771
0.5078686493184634,2.391756857250706
0.5079306071871128,5.508366894213777
0.5079925650557621,0.02442606639329381
0.5080545229244114,-4.607025110436014
0.5081164807930607,-1.813933698546754
0.5081784386617101,2.8886247222327723
0.5082403965303594,2.673458580365817
0.5083023543990087,-0.6215136932086328
0.508364312267658,-1.848716057481883
0.5084262701363073,-0.5498359394648766
0.5084882280049566,0.7968046783820619
0.5085501858736059,1.2579865696788806
0.5086121437422553,0.7508924520418623
0.5086741016109045,-0.9343535817564628
0.5087360594795539,-2.1344866521474195
0.5087980173482032,-0.47255194745832574
0.5088599752168526,2.377433762654136
0.5089219330855018,1.8182633425082604
0.5089838909541512,-1.9950358278203293
0.5090458488228005,-3.054750307249172
0.5091078066914498,1.010526140365568
0.5091697645600991,4.040424050816794
0.5092317224287485,0.7184102901857616
0.5092936802973977,-4.147868104925509
0.5093556381660471,-2.61419788103909
0.5094175960346964,3.2636218851851857
0.5094795539033458,3.9313369574382793
0.509541511771995,-2.2295500980228526
0.5096034696406444,-5.466278320241939
0.5096654275092937,-0.09192991074190726
0.509727385377943,5.6471288874530705
0.5097893432465923,2.338998257052034
0.5098513011152417,-4.994744431832441
0.509913258983891,-4.459869443218062
0.5099752168525403,3.3295082174211448
0.5100371747211896,5.842849831896785
0.5100991325898389,-1.0955372962366727
0.5101610904584882,-6.454528340397248
0.5102230483271375,-1.8971162998800493
0.5102850061957869,5.013303040933845
0.5103469640644361,3.494478394558574
0.5104089219330855,-3.4388463571955574
0.5104708798017348,-4.820878694697049
0.5105328376703842,0.8028804445600812
0.5105947955390334,4.453770103669209
0.5106567534076828,1.3416022783772208
0.5107187112763321,-3.141403740196183
0.5107806691449814,-2.831601739432931
0.5108426270136307,0.9702860948262018
0.5109045848822801,2.8381245302426867
0.5109665427509293,0.5838952283217504
0.5110285006195787,-2.7206796786610554
0.511090458488228,-2.670534481588957
0.5111524163568774,0.9567158967386775
0.5112143742255266,3.1680438167645706
0.511276332094176,0.3328234593882934
0.5113382899628253,-3.5182005947177135
0.5114002478314746,-1.953697932333045
0.5114622057001239,3.043607838134985
0.5115241635687733,3.1611152414143966
0.5115861214374225,-2.348011482602959
0.5116480793060719,-4.4058825084461395
0.5117100371747212,0.7138196583964442
0.5117719950433705,4.3728782058018965
0.5118339529120198,0.14153637870857483
0.5118959107806691,-4.784584577664919
0.5119578686493185,-1.8869032570590165
0.5120198265179677,3.845650329954175
0.5120817843866171,2.7212724158566832
0.5121437422552664,-2.8836558366012692
0.5122057001239158,-3.255878560072178
0.512267657992565,1.6376814432951043
0.5123296158612144,3.0326075642765074
0.5123915737298637,-0.868370025492484
0.512453531598513,-2.8367314631176166
0.5125154894671623,-0.167481674199917
0.5125774473358117,1.6112588631566644
0.5126394052044609,-0.19101572423653268
0.5127013630731103,-1.374418416491248
0.5127633209417596,0.13560923659178847
0.512825278810409,0.8308775682057983
0.5128872366790582,-0.5856700974740734
0.5129491945477076,-0.7375839143942908
0.5130111524163569,0.9614131114396326
0.5130731102850062,0.7890090387601801
0.5131350681536555,-1.4013501025934083
0.5131970260223049,-1.249293598685906
0.5132589838909541,1.2929971370037443
0.5133209417596035,1.1225530326297393
0.5133828996282528,-1.953862389022496
0.513444857496902,-1.939130701328931
0.5135068153655514,1.8585687847204575
0.5135687732342007,2.457890942489737
0.5136307311028501,-1.8391802252466374
0.5136926889714993,-3.218128913670348
0.5137546468401487,1.512420380933048
0.513816604708798,4.049793044660257
0.5138785625774474,-0.7439849399087194
0.5139405204460966,-4.720288004963615
0.514002478314746,-0.5991976781472653
0.5140644361833953,4.466749167640123
0.5141263940520446,1.3451568725923002
0.5141883519206939,-4.445348477659264
0.5142503097893433,-2.4646994105121354
0.5143122676579925,3.7510130114011733
0.5143742255266419,3.0694357602393367
0.5144361833952912,-3.0378324078800794
0.5144981412639406,-3.3163374180369654
0.5145600991325898,2.6477345593964703
0.5146220570012392,3.7595078164938647
0.5146840148698885,-2.1852764850677033
0.5147459727385378,-4.4122516412015536
0.5148079306071871,1.2108626977726171
0.5148698884758365,4.610412460067197
0.5149318463444857,-0.3895937200401669
0.5149938042131351,-5.021972866595479
0.5150557620817844,-1.1257568396113025
0.5151177199504337,4.667353183734495
0.515179677819083,2.700327933833319
0.5152416356877323,-3.363770332114191
0.5153035935563817,-3.4975940758998756
0.5153655514250309,1.867836218864692
0.5154275092936803,3.705960246638203
0.5154894671623296,-0.285023088156632
0.515551425030979,-3.2049950106193483
0.5156133828996282,-1.129470423040007
0.5156753407682776,1.717890840849412
0.5157372986369269,1.2642206404484913
0.5157992565055762,-0.5735039168141172
0.5158612143742255,-0.7647238977256882
0.5159231722428749,-0.017959234729326923
0.5159851301115241,0.07399458007608506
0.5160470879801735,0.21920579596805156
0.5161090458488228,0.9105395916771549
0.5161710037174722,0.5120698407299329
0.5162329615861214,-1.2683246279921325
0.5162949194547708,-1.5656929323750624
0.5163568773234201,0.7635544852107605
0.5164188351920694,2.068153424419135
0.5164807930607187,-0.26931220560491265
0.5165427509293681,-2.555780015336091
0.5166047087980173,-0.587210727672598
0.5166666666666667,2.6027505047688986
0.516728624535316,1.4829862361063055
0.5167905824039652,-2.085441720621287
0.5168525402726146,-1.7896013426892559
0.5169144981412639,1.7932741086564952
0.5169764560099133,2.0533311591454515
0.5170384138785625,-1.5710775151928686
0.5171003717472119,-2.4515086755020867
0.5171623296158612,0.9591620929488306
0.5172242874845105,2.2502841484687424
0.5172862453531598,-0.8649103342129038
0.5173482032218092,-2.309181783034406
0.5174101610904585,0.6650678650434755
0.5174721189591078,2.2820372660276873
0.5175340768277571,-0.45605780050881106
0.5175960346964065,-1.9938720060689326
0.5176579925650557,0.6847413342868585
0.5177199504337051,1.9600903415755426
0.5177819083023544,-1.1571803930894216
0.5178438661710038,-2.5728862207872405
0.517905824039653,1.0219673760458297
0.5179677819083024,2.8847028654287117
0.5180297397769517,-1.157618612190513
0.518091697645601,-3.8817713747052105
0.5181536555142503,0.3382263022934835
0.5182156133828997,4.417211843788781
0.5182775712515489,0.9189430104116338
0.5183395291201983,-4.2702979017839295
0.5184014869888476,-2.233147355657781
0.5184634448574968,3.3200456709032196
0.5185254027261462,2.9576890644690543
0.5185873605947955,-2.246161930557588
0.5186493184634449,-3.60461400569801
0.5187112763320941,0.2450613359820114
0.5187732342007435,2.584112556626203
0.5188351920693928,0.5592729962086107
0.5188971499380421,-1.708888968887695
0.5189591078066914,-1.1556831512174712
0.5190210656753408,0.4918171716745765
0.51908302354399,0.9275844259348409
0.5191449814126394,0.18078828617143822
0.5192069392812887,-0.6378243978346091
0.5192688971499381,-0.702900241954268
0.5193308550185873,-0.1058270913570798
0.5193928128872367,0.0370685752040294
0.519454770755886,-0.6071195690403488
0.5195167286245354,-0.528307740982034
0.5195786864931846,0.6483845547414856
0.519640644361834,0.5001698059832795
0.5197026022304833,-1.5404764139660232
0.5197645600991326,-1.6459874241528472
0.5198265179677819,1.583608610036172
0.5198884758364313,2.7616069805588865
0.5199504337050805,-1.3499858576167942
0.5200123915737299,-4.378019054318452
0.5200743494423792,-0.4157333109209609
0.5201363073110284,4.420603230034011
0.5201982651796778,1.4248513491888697
0.5202602230483271,-4.9413630806280215
0.5203221809169765,-3.762187959028457
0.5203841387856257,3.3600593364442233
0.5204460966542751,4.55352098367168
0.5205080545229244,-2.0725780095885833
0.5205700123915737,-5.3363460660967785
0.520631970260223,-0.08108097735017328
0.5206939281288724,4.665906716892927
0.5207558859975217,1.3375833286398426
0.520817843866171,-4.2442987296479115
0.5208798017348203,-3.3558175281559315
0.5209417596034697,1.9369078856981607
0.5210037174721189,3.269065965474966
0.5210656753407683,-0.9088333842961025
0.5211276332094176,-3.9883471400715784
0.521189591078067,-1.494468011660568
0.5212515489467162,2.8224738263548885
0.5213135068153656,2.6581661294145715
0.5213754646840149,-1.840207976004232
0.5214374225526642,-4.059328416511699
0.5214993804213135,-0.4840901762163963
0.5215613382899629,3.559042250626602
0.5216232961586121,1.5920958021201854
0.5216852540272615,-3.620910434499261
0.5217472118959108,-3.917708512954592
0.5218091697645602,1.240491094133899
0.5218711276332094,3.733943774483998
0.5219330855018587,-0.11824887099943737
0.5219950433705081,-3.897375870099874
0.5220570012391573,-1.8641773339393688
0.5221189591078067,2.2446862089828548
0.522180916976456,2.1565792171966263
0.5222428748451053,-1.2170841950833666
0.5223048327137546,-2.6170962734550782
0.522366790582404,-0.8629999295796638
0.5224287484510532,0.8519825100445089
0.5224907063197026,0.5977080276839866
0.5225526641883519,-0.6077478839550592
0.5226146220570013,-1.3159277418887645
0.5226765799256505,-0.9985713228668414
0.5227385377942999,0.07254546472746848
0.5228004956629492,0.7766839291173468
0.5228624535315985,0.1660887407145234
0.5229244114002478,-0.9456488664876177
0.5229863692688972,-0.9985628847994474
0.5230483271375465,-0.17555093107123598
0.5231102850061958,0.1053650595589779
0.5231722428748451,-0.28816209255571185
0.5232342007434945,-0.4566737656376574
0.5232961586121437,-0.5102381210096993
0.5233581164807931,-0.9055477422006699
0.5234200743494424,-0.7642462973826312
0.5234820322180918,0.46732171797549615
0.523543990086741,1.0049706343806457
0.5236059479553903,-0.5458559184766825
0.5236679058240397,-1.9664355356154406
0.5237298636926889,-0.6113258986817491
0.5237918215613383,1.6103461200023332
0.5238537794299876,0.8505125655424195
0.5239157372986369,-1.999641786980499
0.5239776951672862,-2.317205454052544
0.5240396530359356,0.5248238161901565
0.5241016109045848,1.8698096118902192
0.5241635687732342,-0.45177989867173296
0.5242255266418835,-2.416827700937749
0.5242874845105329,-0.6408422608954969
0.5243494423791821,1.8572602747810023
0.5244114002478315,0.8569705625489857
0.5244733581164808,-1.8306212948211282
0.5245353159851301,-1.5760490813273609
0.5245972738537794,1.0133153544298859
0.5246592317224288,1.2593130981838827
0.524721189591078,-1.2771535043657405
0.5247831474597274,-2.070608557913376
0.5248451053283767,0.22899756373500316
0.5249070631970261,1.4572691976919558
0.5249690210656753,-0.386639388471006
0.5250309789343247,-1.5929539666941954
0.525092936802974,0.11017344188987832
0.5251548946716234,1.2565313340485484
0.5252168525402726,-0.47301017775291543
0.5252788104089219,-1.4712194673667893
0.5253407682775713,0.6360310561166109
0.5254027261462205,1.6031375968998063
0.5254646840148699,-1.3986445622326833
0.5255266418835192,-3.0987694986807828
0.5255885997521685,0.6797181322654102
0.5256505576208178,3.8717783154183207
0.5257125154894672,0.018778452351390973
0.5257744733581164,-4.950223627162671
0.5258364312267658,-1.8044496082870651
0.5258983890954151,5.050524344501533
0.5259603469640645,3.8623735356311255
0.5260223048327137,-3.985957812538597
0.5260842627013631,-5.473220235137895
0.5261462205700124,1.917783332919272
0.5262081784386617,5.801568634042434
0.526270136307311,0.01617947268374026
0.5263320941759604,-5.455273027019841
0.5263940520446097,-2.047534914203304
0.526456009913259,3.740222285274913
0.5265179677819083,2.806468328258127
0.5265799256505577,-1.8024951719211186
0.5266418835192069,-2.249503736671205
0.5267038413878563,0.7178727637984978
0.5267657992565056,1.441969311936851
0.526827757125155,-0.058747597277876984
0.5268897149938042,-0.17541167750875314
0.5269516728624535,0.48959847382432004
0.5270136307311029,-0.5519315605386428
0.5270755885997521,-1.4923122444855212
0.5271375464684015,0.3556093130484877
0.5271995043370508,2.3512696495567207
0.5272614622057001,0.6348194154016681
0.5273234200743494,-2.366280147625527
0.5273853779429988,-1.4071235260687145
0.527447335811648,2.437183823504338
0.5275092936802974,2.991241921950609
0.5275712515489467,-0.9605982082026792
0.5276332094175961,-3.349794921257631
0.5276951672862453,-0.2677134266186545
0.5277571251548947,3.635326704360345
0.527819083023544,2.038491442872289
0.5278810408921933,-2.990003798320281
0.5279429987608426,-3.459530250618204
0.528004956629492,2.1012024700478396
0.5280669144981412,5.227864241937092
0.5281288723667906,0.32725842948264594
0.5281908302354399,-5.280709873371151
0.5282527881040893,-1.9929306116982675
0.5283147459727385,5.699486977099594
0.5283767038413879,5.0100597617716405
0.5284386617100372,-3.903907632844585
0.5285006195786865,-6.657715696408412
0.5285625774473358,1.8763633004568918
0.5286245353159851,7.957689751010392
0.5286864931846345,1.3145122307052384
0.5287484510532837,-7.201918445062953
0.5288104089219331,-3.414229186926642
0.5288723667905824,6.369308847702571
0.5289343246592317,6.066530780676503
0.528996282527881,-3.2634496398399038
0.5290582403965304,-5.959094845090876
0.5291201982651796,1.6720312703165325
0.529182156133829,6.269109760287722
0.5292441140024783,0.7235672036391625
0.5293060718711277,-4.879713361328557
0.5293680297397769,-1.4978543790733112
0.5294299876084263,4.283411262931263
0.5294919454770756,2.7493614581334325
0.5295539033457249,-2.720354275010668
0.5296158612143742,-2.5234751959681248
0.5296778190830236,2.78503401982001
0.5297397769516728,4.089329713169311
0.5298017348203222,-0.8184278244058988
0.5298636926889715,-3.8032129821497023
0.5299256505576209,0.13520692472376838
0.5299876084262701,4.661926858427532
0.5300495662949195,2.247745191290382
0.5301115241635688,-3.5601236145502733
0.5301734820322181,-3.475698514418978
0.5302354399008674,2.6518367558616642
0.5302973977695167,5.261917209381375
0.530359355638166,0.27584715975365026
0.5304213135068153,-4.316699531286088
0.5304832713754647,-1.3650633441191837
0.530545229244114,4.1488525868619375
0.5306071871127633,3.6725279668655606
0.5306691449814126,-1.3901803970917836
0.530731102850062,-3.119928884364656
0.5307930607187112,0.09483310827701508
0.5308550185873606,2.7149738587628254
0.5309169764560099,1.7203021843929733
0.5309789343246593,-0.4520906320881286
0.5310408921933085,-1.2851269853001832
0.5311028500619579,-0.5006597029791657
0.5311648079306072,1.4470373451028968
0.5312267657992565,2.74929902101884
0.5312887236679058,0.941941697753296
0.5313506815365552,-2.2594490495817325
0.5314126394052044,-1.597083801033223
0.5314745972738538,2.7288581443537465
0.5315365551425031,3.5434987795247554
0.5315985130111525,-1.291423665023098
0.5316604708798017,-3.8442160176299063
0.5317224287484511,0.6303494704192456
0.5317843866171004,4.7046048094943504
0.5318463444857497,1.3668525721031672
0.531908302354399,-3.5292332323824316
0.5319702602230483,-1.553921680313278
0.5320322180916977,3.6261523945128284
0.5320941759603469,3.2111701384835816
0.5321561338289963,-1.5192536648344743
0.5322180916976456,-2.5794643205712764
0.5322800495662949,0.7893105309072566
0.5323420074349442,2.5053190098977938
0.5324039653035936,0.746549389638578
0.5324659231722428,-0.8580753894057219
0.5325278810408922,-0.6747380796988957
0.5325898389095415,0.019353462371012098
0.5326517967781909,1.0096758814308329
0.5327137546468401,2.0114987713137737
0.5327757125154895,0.9661478654225844
0.5328376703841388,-1.6692656085478537
0.5328996282527881,-1.583302798228266
0.5329615861214374,1.9770648363917296
0.5330235439900868,3.313172340215592
0.533085501858736,-0.3916771543371307
0.5331474597273854,-3.398783496674019
0.5332094175960347,-0.7199781883901522
0.5332713754646841,3.3351785203258166
0.5333333333333333,2.4087104170149214
0.5333952912019827,-1.5859314023767168
0.533457249070632,-2.2917445693513914
0.5335192069392813,0.8622567731647389
0.5335811648079306,2.818209737509725
0.5336431226765799,1.1243198555918037
0.5337050805452292,-1.3664997752270978
0.5337670384138785,-1.3999594383692213
0.5338289962825279,0.6219790306737241
0.5338909541511772,1.8052071648932653
0.5339529120198265,0.5810641221559342
0.5340148698884758,-1.2384034217279374
0.5340768277571252,-0.895643029757659
0.5341387856257744,1.1100072995465045
0.5342007434944238,1.6256104736437618
0.5342627013630731,0.006463439327313747
0.5343246592317225,-0.8649886101086945
0.5343866171003717,0.2600303213369668
0.5344485749690211,1.042359416484667
0.5345105328376704,0.21551057561757947
0.5345724907063197,-0.3753820868397244
0.534634448574969,0.09865301217312972
0.5346964064436184,0.09739983182021006
0.5347583643122676,-0.3753684045425594
0.534820322180917,0.31774381213777647
0.5348822800495663,1.168014879462012
0.5349442379182157,-0.03285644055104031
0.5350061957868649,-1.3509252127429925
0.5350681536555143,0.3733339379212208
0.5351301115241636,2.4648256663706665
0.5351920693928129,0.44309411466217874
0.5352540272614622,-2.6686375652324017
0.5353159851301115,-0.8602555084837693
0.5353779429987608,3.0306189575670075
0.5354399008674101,1.5387848170458311
0.5355018587360595,-3.124398522465157
0.5355638166047088,-2.222875223926627
0.5356257744733581,3.0669797209621597
0.5356877323420074,3.0640392506511263
0.5357496902106568,-2.4191411721230462
0.535811648079306,-3.2296108923762654
0.5358736059479554,2.3094836620420653
0.5359355638166047,4.000865039082738
0.535997521685254,-1.4151682188712678
0.5360594795539033,-4.188583297345042
0.5361214374225527,0.5507038804420872
0.536183395291202,4.138035266698953
0.5362453531598513,0.3233620259822936
0.5363073110285006,-3.9189036683338068
0.53636926889715,-1.3918818452652852
0.5364312267657992,3.1906755419584885
0.5364931846344486,2.415830964834369
0.5365551425030979,-1.6543587377777371
0.5366171003717473,-2.4806729834148156
0.5366790582403965,0.3783996853626128
0.5367410161090459,2.3481032092502288
0.5368029739776952,1.1648847807751628
0.5368649318463445,-1.394731699941182
0.5369268897149938,-2.360634572864247
0.5369888475836431,-0.33028035977417813
0.5370508054522924,2.461746697833184
0.5371127633209417,1.8366160321405944
0.5371747211895911,-1.9652974071115974
0.5372366790582404,-3.065713078372049
0.5372986369268897,0.9684843707549153
0.537360594795539,3.9389223610859716
0.5374225526641884,0.7156946989116176
0.5374845105328376,-3.613110378557496
0.537546468401487,-1.9735006057870854
0.5376084262701363,2.659050816967051
0.5376703841387857,2.5546500256503224
0.5377323420074349,-1.6511171412038297
0.5377942998760843,-2.8594597060882694
0.5378562577447336,0.2177022494060743
0.5379182156133829,2.137769050413664
0.5379801734820322,0.634446764653499
0.5380421313506816,-0.9892596408562337
0.5381040892193308,-0.6955707678227139
0.5381660470879802,0.08622956692146744
0.5382280049566295,0.4866351932596138
0.5382899628252789,0.7959210766206564
0.5383519206939281,0.22243934034559928
0.5384138785625775,-1.3295037626279211
0.5384758364312268,-1.4056706755533583
0.5385377942998761,0.858145783756527
0.5385997521685254,1.926050763786858
0.5386617100371747,-0.40003957511823485
0.538723667905824,-2.3555283796532036
0.5387856257744733,-0.35422517236420537
0.5388475836431227,2.410665149024955
0.538909541511772,1.2958672882969493
0.5389714993804213,-1.7203454061565981
0.5390334572490706,-1.6665006667838664
0.53909541511772,0.8849807726581499
0.5391573729863692,1.4803457149315757
0.5392193308550186,-0.35570964138488376
0.5392812887236679,-1.2663990160132912
0.5393432465923172,-0.392341506995969
0.5394052044609665,0.244764514928559
0.5394671623296159,0.27106230992386937
0.5395291201982652,0.6506216973160421
0.5395910780669145,0.47064301863321506
0.5396530359355638,-1.0241373012770736
0.5397149938042132,-1.345059420418138
0.5397769516728624,1.0936415914200244
0.5398389095415118,2.501379875735414
0.5399008674101611,-0.49290710396691084
0.5399628252788105,-3.606945682443874
0.5400247831474597,-1.0751906902906117
0.5400867410161091,3.593613280480761
0.5401486988847584,2.3681869653586602
0.5402106567534077,-3.223920269888374
0.540272614622057,-3.683446796698738
0.5403345724907063,2.2022171315898404
0.5403965303593556,4.622564077264164
0.5404584882280049,-0.5728127722670833
0.5405204460966543,-4.556709112087125
0.5405824039653035,-0.7616293239260308
0.5406443618339529,3.92971819457428
0.5407063197026022,1.5386590199336725
0.5407682775712516,-3.3269429434440823
0.5408302354399008,-2.2872348210766527
0.5408921933085502,2.188409274400165
0.5409541511771995,2.1648821623301275
0.5410161090458488,-1.5242035738803992
0.5410780669144981,-1.8908311662923283
0.5411400247831475,1.2107741291207308
0.5412019826517968,1.8142581850448651
0.5412639405204461,-0.7518755175759358
0.5413258983890954,-1.5056236111551144
0.5413878562577448,0.433772215807504
0.541449814126394,1.0378826013044575
0.5415117719950434,-0.4719987583428734
0.5415737298636927,-0.9248859338858667
0.541635687732342,0.09381291961811256
0.5416976456009913,0.183387897680505
0.5417596034696407,-0.3530056171739668
0.54182156133829,0.3703821123655746
0.5418835192069393,0.967609019454243
0.5419454770755886,-0.5140198216362157
0.5420074349442379,-1.5756993601819453
0.5420693928128872,0.44714324900645885
0.5421313506815365,2.27222631143535
0.5421933085501859,-0.0036717801727976784
0.5422552664188351,-2.97529387117811
0.5423172242874845,-1.265176115901378
0.5423791821561338,2.5361038010910475
0.5424411400247832,1.9477439609393197
0.5425030978934324,-2.01292982221836
0.5425650557620818,-2.614187511102579
0.5426270136307311,0.9695152540654067
0.5426889714993804,2.754961465228044
0.5427509293680297,0.30188181291198196
0.5428128872366791,-2.11990527751112
0.5428748451053284,-1.2637631728774434
0.5429368029739777,0.8574410528585337
0.542998760842627,1.3426524844010266
0.5430607187112764,0.06246802052699074
0.5431226765799256,-1.4789673622107418
0.543184634448575,-1.6143813052404186
0.5432465923172243,0.3570525373461777
0.5433085501858737,2.273111236471248
0.5433705080545229,0.8908531592799713
0.5434324659231723,-2.443530137209172
0.5434944237918216,-2.3142066818208606
0.5435563816604709,1.8863060274715622
0.5436183395291202,3.488341258652713
0.5436802973977695,-0.8376854900255821
0.5437422552664188,-4.528989336130494
0.5438042131350681,-1.357447909398938
0.5438661710037175,3.8493132691741527
0.5439281288723667,2.701276486423035
0.5439900867410161,-3.0217542745826855
0.5440520446096654,-4.252746992789513
0.5441140024783148,0.8548562629838469
0.544175960346964,4.421188384904505
0.5442379182156134,1.3430513874492531
0.5442998760842627,-3.5156696371996317
0.544361833952912,-3.2830253182405373
0.5444237918215613,1.2290559901407818
0.5444857496902107,3.5466331632644352
0.54454770755886,0.6603424124818621
0.5446096654275093,-3.40458559231093
0.5446716232961586,-3.205299795188643
0.544733581164808,1.0180009331412108
0.5447955390334572,3.629303716765122
0.5448574969021066,1.0450896934561364
0.5449194547707559,-3.238773784958281
0.5449814126394052,-3.2094629555156935
0.5450433705080545,1.2455828327947067
0.5451053283767039,3.8903776483840473
0.5451672862453532,0.7934906063341228
0.5452292441140025,-3.8993467277055913
0.5452912019826518,-3.529705943062208
0.5453531598513011,1.5525983149519997
0.5454151177199504,4.059679424602061
0.5454770755885997,0.11727239697335323
0.5455390334572491,-4.597906001840871
0.5456009913258983,-2.809977579250175
0.5456629491945477,3.09436035908831
0.545724907063197,4.090363294792188
0.5457868649318464,-1.5012003093316948
0.5458488228004956,-4.95859326270937
0.545910780669145,-0.9261821435333893
0.5459727385377943,3.91939855542441
0.5460346964064436,1.8569820769150178
0.5460966542750929,-3.409570579941432
0.5461586121437423,-3.4696241751225716
0.5462205700123915,1.0195875300952932
0.5462825278810409,2.6500859777615777
0.5463444857496902,-0.13729522510053505
0.5464064436183396,-2.1568432845891667
0.5464684014869888,-1.1351963982016406
0.5465303593556382,0.2893663070854293
0.5465923172242875,0.7219027505478821
0.5466542750929368,0.7616611431939257
0.5467162329615861,-0.39380697334726933
0.5467781908302355,-2.5438571031066872
0.5468401486988848,-2.0300009997515236
0.5469021065675341,1.8350921097049921
0.5469640644361834,2.9114059018472833
0.5470260223048327,-1.8227707931896902
0.547087980173482,-4.9502771083493196
0.5471499380421313,-0.35567555335388423
0.5472118959107807,4.901519825819569
0.5472738537794299,1.741103366187916
0.5473358116480793,-4.776992513233495
0.5473977695167286,-3.7431356174610246
0.547459727385378,2.743159343759433
0.5475216852540272,3.6284684757131758
0.5475836431226766,-1.8996673419506336
0.5476456009913259,-4.215975984052408
0.5477075588599752,-0.4765017423311768
0.5477695167286245,2.193253507221252
0.5478314745972739,0.40214040315275457
0.5478934324659231,-1.402009881128829
0.5479553903345725,-0.8194195219097488
0.5480173482032218,-0.37942180649786594
0.5480793060718712,-0.5315699418361084
0.5481412639405204,0.5460887085399728
0.5482032218091698,1.106779102508136
0.5482651796778191,-1.2574041790171437
0.5483271375464684,-3.08350359872739
0.5483890954151177,-0.36737573258321243
0.5484510532837671,2.802680285773968
0.5485130111524164,0.5190193669567589
0.5485749690210657,-3.6915311081360924
0.548636926889715,-2.3555066266788542
0.5486988847583643,2.5176505286529327
0.5487608426270136,2.6818818706730743
0.5488228004956629,-1.9503991872995763
0.5488847583643123,-3.5033117948060943
0.5489467162329615,0.13446730579084631
0.5490086741016109,2.519873124688332
0.5490706319702602,0.15907407124884498
0.5491325898389096,-2.590348874797655
0.5491945477075588,-1.7560907215375348
0.5492565055762082,0.5950690745208134
0.5493184634448575,1.0305145641907605
0.5493804213135068,-0.2885152075409505
0.5494423791821561,-1.2144971894642609
0.5495043370508055,-0.8221524314027371
0.5495662949194547,0.16948276436843301
0.5496282527881041,0.514672536223042
0.5496902106567534,-0.18263794591200844
0.5497521685254028,-0.838868572604922
0.549814126394052,-0.5484146902693401
0.5498760842627014,-0.23583740524544305
0.5499380421313507,-0.7253566871251611
0.55,-0.6785889356767776
0.5500619578686493,0.6069083998362048
0.5501239157372987,0.7123902491393368
0.550185873605948,-1.5224880352150538
0.5502478314745973,-2.307535134025638
0.5503097893432466,0.9106827521805501
0.5503717472118959,3.2832162989744367
0.5504337050805452,-0.12452784489638158
0.5504956629491945,-4.522417733695735
0.5505576208178439,-2.1785409556791864
0.5506195786864931,3.768826971974607
0.5506815365551425,3.3564922739067593
0.5507434944237918,-3.3008880148236512
0.5508054522924412,-5.3690568773567335
0.5508674101610904,0.7968664102497036
0.5509293680297398,5.346548885372695
0.5509913258983891,1.1106559098749846
0.5510532837670384,-4.851237786022738
0.5511152416356877,-3.100121417813039
0.5511771995043371,3.156913600658486
0.5512391573729863,3.9269363171577503
0.5513011152416357,-1.5962841264666734
0.551363073110285,-4.539790272033137
0.5514250309789344,-0.7062915549970863
0.5514869888475836,3.444461269314321
0.551548946716233,1.5559643089198019
0.5516109045848823,-2.8637347270328064
0.5516728624535316,-2.6107254984596873
0.5517348203221809,1.6305855076096094
0.5517967781908303,2.8399662247013246
0.5518587360594795,-0.6357340734516456
0.5519206939281289,-2.692535637762378
0.5519826517967782,-0.09450514997892245
0.5520446096654275,2.25714422893138
0.5521065675340768,0.2955618528669177
0.5521685254027261,-2.1751030635801825
0.5522304832713755,-0.7711008447628003
0.5522924411400247,1.5609281171295892
0.5523543990086741,0.4767462446065287
0.5524163568773234,-1.5561566705887766
0.5524783147459728,-0.32854167389933053
0.552540272614622,1.791968115890302
0.5526022304832714,0.5175295889027387
0.5526641883519207,-1.7814450301877995
0.55272614622057,-0.49429608548172643
0.5527881040892193,2.11876834431373
0.5528500619578687,0.9455852902226933
0.5529120198265179,-2.1686356132111992
0.5529739776951673,-1.6058006576723662
0.5530359355638166,1.6719924655781875
0.553097893432466,1.9580318984685574
0.5531598513011152,-0.9100053163472064
0.5532218091697646,-1.8007450302959456
0.5532837670384139,0.3958079321418445
0.5533457249070632,1.7350027497804608
0.5534076827757125,0.6889883352604549
0.5534696406443619,-0.4012832639730341
0.5535315985130111,-0.48128914308451887
0.5535935563816605,-0.39415974884259214
0.5536555142503098,0.19486606834986497
0.553717472118959,1.33642053920189
0.5537794299876084,0.8165055111270401
0.5538413878562577,-1.5801441444723283
0.5539033457249071,-1.7528024658136552
0.5539653035935563,1.675986436944135
0.5540272614622057,3.2414675227394074
0.554089219330855,-0.35110247947301265
0.5541511771995044,-3.240399484309495
0.5542131350681536,-0.03955334673709471
0.554275092936803,3.955140031613003
0.5543370508054523,1.543236315878584
0.5543990086741016,-3.2959387627288868
0.5544609665427509,-2.1059305801945505
0.5545229244114003,2.948984689934737
0.5545848822800495,2.9372778143249354
0.5546468401486989,-1.862394042866367
0.5547087980173482,-2.7443962432792004
0.5547707558859976,1.6802888034988865
0.5548327137546468,3.440918894149796
0.5548946716232962,-0.19144779868877193
0.5549566294919455,-2.3969746720549554
0.5550185873605948,0.36888590619378525
0.5550805452292441,2.5962322246565317
0.5551425030978935,0.4980234369142289
0.5552044609665427,-1.6056738853290742
0.5552664188351921,-0.14358867638443973
0.5553283767038414,1.4875380035087677
0.5553903345724907,0.3238439073917956
0.55545229244114,-0.6549614577047219
0.5555142503097893,0.7854896703086607
0.5555762081784387,1.4784566985675083
0.5556381660470879,-0.3476813550084803
0.5557001239157373,-0.9464968740188127
0.5557620817843866,1.4316663373029077
0.555824039653036,2.2911640660675023
0.5558859975216852,-0.6494900598668953
0.5559479553903346,-2.293148315074076
0.5560099132589839,0.6809783553943796
0.5560718711276332,3.0921641319475555
0.5561338289962825,0.45159741382566254
0.5561957868649319,-2.527364029501931
0.5562577447335811,-0.38261306633008463
0.5563197026022305,3.046147095309556
0.5563816604708798,1.7142102937534298
0.5564436183395292,-1.6311964992140484
0.5565055762081784,-0.9233377045474223
0.5565675340768278,2.0235351285409227
0.5566294919454771,1.5400193527244124
0.5566914498141264,-1.0953297909479498
0.5567534076827757,-0.7398004923030836
0.5568153655514251,1.4846363974286585
0.5568773234200743,0.9402871324140015
0.5569392812887237,-1.023097718749701
0.557001239157373,-0.0409140536309357
0.5570631970260222,2.0522590161821794
0.5571251548946716,0.7941934959691286
0.5571871127633209,-1.4609337191670035
0.5572490706319703,0.15686360487420142
0.5573110285006195,2.779160592176089
0.5573729863692689,0.7489954715529787
0.5574349442379182,-2.6831446309347933
0.5574969021065675,-0.618649695980313
0.5575588599752168,3.714642465199086
0.5576208178438662,1.8389503280610515
0.5576827757125155,-3.6312799433350946
0.5577447335811648,-2.4197637056908903
0.5578066914498141,4.343730775025152
0.5578686493184635,4.699674623862425
0.5579306071871127,-2.7973001051293984
0.5579925650557621,-5.26759502313896
0.5580545229244114,2.170081505785283
0.5581164807930608,7.011347152818245
0.55817843866171,0.577501051229822
0.5582403965303594,-6.653859833596876
0.5583023543990087,-2.583828501819634
0.558364312267658,6.058617789283158
0.5584262701363073,5.110048068038215
0.5584882280049567,-3.5836689503675347
0.5585501858736059,-5.8010804401348395
0.5586121437422553,1.6659593756514222
0.5586741016109046,6.666167871462365
0.5587360594795538,1.7563534902444655
0.5587980173482032,-4.804701570953535
0.5588599752168525,-3.108023040503768
0.5589219330855019,3.4024409543920466
0.5589838909541511,4.552691913755528
0.5590458488228005,-0.8124822483119936
0.5591078066914498,-4.200346065848607
0.5591697645600991,-0.9272579502503748
0.5592317224287484,3.5667247008788654
0.5592936802973978,2.73349888113907
0.559355638166047,-1.5404880265227043
0.5594175960346964,-2.639711758400126
0.5594795539033457,0.6732723722687277
0.5595415117719951,3.082165248894749
0.5596034696406443,1.182216763425034
0.5596654275092937,-1.831917433080127
0.559727385377943,-1.6134540695507837
0.5597893432465924,0.988911260342114
0.5598513011152416,1.9568988835660954
0.559913258983891,0.23825277305289116
0.5599752168525403,-1.3850556772282145
0.5600371747211896,-0.7791743327360954
0.5600991325898389,0.9628904233708818
0.5601610904584883,1.608900146033846
0.5602230483271375,0.5861998699897863
0.5602850061957869,-0.7942327247711529
0.5603469640644362,-0.9474740808078299
0.5604089219330854,0.3561457853620138
0.5604708798017348,1.5540866452996474
0.5605328376703841,0.8876185413037005
0.5605947955390335,-1.135096860650533
0.5606567534076827,-1.8285570267518094
0.5607187112763321,0.13078781086339353
0.5607806691449814,2.3160960389300547
0.5608426270136307,1.5082584074198286
0.56090458488228,-1.4617605986872961
0.5609665427509294,-2.308709389229702
0.5610285006195787,0.5815713775761091
0.561090458488228,3.2167701279976404
0.5611524163568773,1.4364920105660262
0.5612143742255267,-2.5709732401379783
0.5612763320941759,-2.895948352526073
0.5613382899628253,1.204756153154052
0.5614002478314746,3.6124332465074196
0.561462205700124,0.47131384470804827
0.5615241635687732,-3.4824563199263023
0.5615861214374226,-1.979050225142232
0.5616480793060719,2.7677448638116964
0.5617100371747212,3.3144201944969414
0.5617719950433705,-1.111280046137228
0.5618339529120199,-3.324546995211115
0.5618959107806691,0.0829978318365896
0.5619578686493185,3.242664930845028
0.5620198265179678,0.9040612085629693
0.562081784386617,-2.8645486884900713
0.5621437422552664,-1.7367850970779712
0.5622057001239157,2.1792518833951204
0.5622676579925651,2.1434934553272695
0.5623296158612143,-1.6440910124402954
0.5623915737298637,-2.5129464700735675
0.562453531598513,1.1688328358330426
0.5625154894671623,3.188795443900872
0.5625774473358116,0.045451736902688666
0.562639405204461,-3.1164067049267
0.5627013630731103,-1.0918856230859575
0.5627633209417596,2.768714639505524
0.5628252788104089,2.114725067308867
0.5628872366790583,-2.0572798458273756
0.5629491945477075,-3.110463613825854
0.5630111524163569,0.5747132064079581
0.5630731102850062,3.1997133957555075
0.5631350681536555,0.8415475412160096
0.5631970260223048,-2.570341813734624
0.5632589838909542,-1.7023088964876565
0.5633209417596035,1.8900817817717535
0.5633828996282528,2.508123868143886
0.5634448574969021,-0.683824399102646
0.5635068153655515,-2.59780350686568
0.5635687732342007,-0.39443643175411824
0.5636307311028501,2.1889957629178696
0.5636926889714994,0.9755309763725661
0.5637546468401488,-1.9864001336240014
0.563816604708798,-1.7751415447846348
0.5638785625774473,1.437828524529291
0.5639405204460967,2.5216772431413528
0.5640024783147459,-0.4236037818870662
0.5640644361833953,-2.7543332594104273
0.5641263940520446,-0.4789866011216326
0.5641883519206939,3.051238176226012
0.5642503097893432,1.9701411654434375
0.5643122676579926,-2.5812467926584826
0.5643742255266418,-3.506974991384073
0.5644361833952912,1.1177398543088617
0.5644981412639405,4.235318597515965
0.5645600991325899,0.6012384386979636
0.5646220570012391,-4.288692835330894
0.5646840148698885,-2.416282224268704
0.5647459727385378,3.590245422212707
0.5648079306071871,4.16869042436944
0.5648698884758364,-1.667057245577054
0.5649318463444858,-4.5227238952683315
0.564993804213135,-0.010091161198888754
0.5650557620817844,4.210205538037898
0.5651177199504337,1.4151489913898132
0.5651796778190831,-3.338277228075775
0.5652416356877323,-2.3726324891916994
0.5653035935563817,2.0073263109981716
0.565365551425031,2.5100134444621642
0.5654275092936804,-0.7953139444248669
0.5654894671623296,-1.9365844472434117
0.5655514250309789,0.3595680410734965
0.5656133828996283,1.7675065816463447
0.5656753407682775,0.4420660279168753
0.5657372986369269,-0.9719639146353414
0.5657992565055762,-0.6580204548502938
0.5658612143742255,0.35791157390543127
0.5659231722428748,0.8269213531350919
0.5659851301115242,0.32494503848130885
0.5660470879801734,-0.9280989595230484
0.5661090458488228,-1.2460218636668394
0.5661710037174721,0.7338833532941416
0.5662329615861215,2.473438141292344
0.5662949194547707,0.460713282163256
0.5663568773234201,-2.7504119032456034
0.5664188351920694,-1.3224945821576006
0.5664807930607187,3.1756863792126593
0.566542750929368,2.8924911498697154
0.5666047087980174,-2.5127007885528503
0.5666666666666667,-3.972923419325936
0.566728624535316,1.3627407882302895
0.5667905824039653,4.429305862233701
0.5668525402726147,-0.034168228148550917
0.5669144981412639,-4.0923415691003715
0.5669764560099133,-0.7749577547053157
0.5670384138785626,3.778878649726906
0.567100371747212,1.8269593762489886
0.5671623296158612,-2.4725874467592233
0.5672242874845105,-1.573375484064072
0.5672862453531599,1.9966637986864955
0.5673482032218091,1.5214121435308279
0.5674101610904585,-1.4730925406562951
0.5674721189591078,-1.23033218055408
0.5675340768277571,1.2474005701788924
0.5675960346964064,1.0536494522279471
0.5676579925650558,-1.0438049895948927
0.567719950433705,-0.7550998290067921
0.5677819083023544,1.3215653941137013
0.5678438661710037,1.2672024718064818
0.5679058240396531,-0.6916669896644896
0.5679677819083023,-0.9998969285494439
0.5680297397769517,0.6888059169008627
0.568091697645601,1.3190538112374726
0.5681536555142503,-0.1664561084897569
0.5682156133828996,-1.4003221313236454
0.568277571251549,-0.4583299258410143
0.5683395291201983,1.3565636322190655
0.5684014869888476,1.2712497835912946
0.5684634448574969,-0.9169202543498118
0.5685254027261463,-1.8064428724861834
0.5685873605947955,0.7224828414178486
0.5686493184634449,3.0239568149581393
0.5687112763320942,0.6420149281787513
0.5687732342007435,-3.268816357696613
0.5688351920693928,-1.788528555967702
0.5688971499380421,3.379339365472223
0.5689591078066915,3.2208982745325816
0.5690210656753407,-2.87716357601035
0.5690830235439901,-4.590088973381763
0.5691449814126394,1.6570834661781915
0.5692069392812887,5.444011085475838
0.569268897149938,0.12160979570770847
0.5693308550185874,-5.1906067914668546
0.5693928128872366,-1.3877189125543095
0.569454770755886,4.792718054547466
0.5695167286245353,2.873659117315598
0.5695786864931847,-3.394506844045072
0.5696406443618339,-3.505874221464466
0.5697026022304833,1.7834696314749432
0.5697645600991326,3.2813411908979395
0.5698265179677819,-0.5883423041168476
0.5698884758364312,-2.837161730720097
0.5699504337050806,-0.519843957510711
0.5700123915737298,1.9563036119088535
0.5700743494423792,1.2585651181945026
0.5701363073110285,-0.7518060617902647
0.5701982651796779,-1.2488153475195887
0.5702602230483271,-0.007129753361630353
0.5703221809169765,1.1818506150389054
0.5703841387856258,0.5999447392230763
0.5704460966542751,-1.1622428058936245
0.5705080545229244,-1.3868538982730092
0.5705700123915737,0.5436283172440293
0.570631970260223,1.3603616734591366
0.5706939281288723,-0.5705055513469532
0.5707558859975217,-1.6983143904989955
0.570817843866171,0.3706450838519286
0.5708798017348203,1.8661214562069346
0.5709417596034696,-0.23759287247302763
0.571003717472119,-2.0185471733422826
0.5710656753407682,0.0607199267019749
0.5711276332094176,1.9507006665243067
0.5711895910780669,-0.32435236486944524
0.5712515489467163,-2.584576146722317
0.5713135068153655,-0.36666749233476725
0.5713754646840149,2.178606581405916
0.5714374225526642,0.14545770108789113
0.5714993804213135,-2.54321109247993
0.5715613382899628,-0.6892392214601757
0.5716232961586122,2.1783992529476754
0.5716852540272614,0.7695159942277805
0.5717472118959108,-1.9785493771196034
0.5718091697645601,-1.0934715515045048
0.5718711276332095,1.0751593249967204
0.5719330855018587,0.3565844790100101
0.5719950433705081,-1.1881870504127199
0.5720570012391574,-0.5215416191968145
0.5721189591078067,0.12621837563022653
0.572180916976456,-0.9728694013027952
0.5722428748451053,-0.7591913372242991
0.5723048327137547,1.3753788843782697
0.5723667905824039,0.8701297656602929
0.5724287484510533,-2.434025951704297
0.5724907063197026,-2.1700981430193194
0.5725526641883519,2.2540644138396004
0.5726146220570012,2.7862197879252992
0.5726765799256506,-2.5378726675211944
0.5727385377942998,-4.6173282269160865
0.5728004956629492,0.6361701249230289
0.5728624535315985,4.256375299603471
0.5729244114002479,-0.09458330576210494
0.5729863692688971,-4.89528491016433
0.5730483271375465,-2.098918717801988
0.5731102850061958,3.3144364067737437
0.5731722428748451,2.676577656178357
0.5732342007434944,-2.2371051287632047
0.5732961586121438,-3.67625779699651
0.573358116480793,-0.34663449442684946
0.5734200743494424,2.4292311679324765
0.5734820322180917,1.2005753302973465
0.5735439900867411,-2.1918790253919016
0.5736059479553903,-3.5378702372808233
0.5736679058240397,-0.7322814715200632
0.573729863692689,2.973780775312285
0.5737918215613383,1.9094078696821961
0.5738537794299876,-3.2423943227607346
0.5739157372986369,-4.463146325891167
0.5739776951672863,1.1557245820690936
0.5740396530359355,4.948493416306531
0.5741016109045849,0.11102346951756853
0.5741635687732342,-6.007462642317838
0.5742255266418835,-3.3425598023963348
0.5742874845105328,3.873553176399487
0.5743494423791822,3.951239203399207
0.5744114002478314,-3.0067659990836044
0.5744733581164808,-5.881766911927844
0.5745353159851301,-0.6807663227022541
0.5745972738537795,4.36227562085223
0.5746592317224287,2.392670585549009
0.5747211895910781,-3.0926260862756223
0.5747831474597274,-4.762635766582794
0.5748451053283767,-0.7756504724141288
0.574907063197026,3.8889391962340665
0.5749690210656754,2.9733159180463993
0.5750309789343246,-3.346702219884423
0.575092936802974,-6.673179968173051
0.5751548946716233,-0.9905316179173524
0.5752168525402727,6.368177962710451
0.5752788104089219,3.539889778636888
0.5753407682775713,-6.3294542390517305
0.5754027261462206,-7.5861783464058545
0.5754646840148699,2.8482948018839855
0.5755266418835192,8.621764442274626
0.5755885997521685,-0.05659829147929074
0.5756505576208178,-9.504110528356751
0.5757125154894671,-4.475746006477388
0.5757744733581165,6.68485290890225
0.5758364312267658,5.884465885558333
0.5758983890954151,-5.072162257973892
0.5759603469640644,-8.249302648007045
0.5760223048327138,0.7984693587893402
0.576084262701363,6.981708495249084
0.5761462205700124,1.1380446464683378
0.5762081784386617,-6.296278134583529
0.576270136307311,-3.7571072222838406
0.5763320941759603,3.4971069174405054
0.5763940520446097,3.8106313251848345
0.576456009913259,-2.1875414079759574
0.5765179677819083,-4.604214548743517
0.5765799256505576,-0.7332167516950713
0.576641883519207,2.48131623529032
0.5767038413878562,0.7977757666508782
0.5767657992565056,-2.0199578637261766
0.5768277571251549,-1.966016678691783
0.5768897149938043,-0.25309590073143373
0.5769516728624535,0.6941759496614155
0.5770136307311029,0.7603450039151166
0.5770755885997522,0.054189784159496934
0.5771375464684015,-1.6257879195410716
0.5771995043370508,-2.2888658407132625
0.5772614622057001,0.10269081517270429
0.5773234200743494,2.601194863246567
0.5773853779429987,0.5226419455558892
0.5774473358116481,-3.843046377157
0.5775092936802974,-3.269265835349792
0.5775712515489467,2.280634613206092
0.577633209417596,4.198703384187598
0.5776951672862454,-0.9534992200121271
0.5777571251548946,-5.139603480561055
0.577819083023544,-1.6323349704175667
0.5778810408921933,4.050463396369822
0.5779429987608427,3.130555383253764
0.5780049566294919,-2.7253000854820493
0.5780669144981413,-4.728113196101233
0.5781288723667906,-0.42303310576769304
0.5781908302354399,3.7017411812113687
0.5782527881040892,2.1268309473576563
0.5783147459727386,-2.682391401910319
0.5783767038413878,-4.105022921756051
0.5784386617100372,0.08599710300708918
0.5785006195786865,4.408938933632381
0.5785625774473359,2.356381991836522
0.5786245353159851,-3.7786452321528974
0.5786864931846345,-4.655515158179986
0.5787484510532838,1.8967253862292646
0.5788104089219331,5.714014596842135
0.5788723667905824,-0.10030021786574905
0.5789343246592317,-6.549685182368821
0.578996282527881,-2.577960201236481
0.5790582403965303,5.7091223034590515
0.5791201982651797,4.4153855903158
0.579182156133829,-4.348802707289245
0.5792441140024783,-5.641224437633479
0.5793060718711276,2.653630634144918
0.579368029739777,6.316587437615707
0.5794299876084262,-0.4904574004413551
0.5794919454770756,-5.77893327483954
0.5795539033457249,-1.1564869915375642
0.5796158612143743,4.543300057507045
0.5796778190830235,1.975080595740833
0.5797397769516729,-3.1981185774478496
0.5798017348203222,-2.1099440422870948
0.5798636926889715,2.0511087747827834
0.5799256505576208,1.8127677716017199
0.5799876084262702,-1.0185241122758115
0.5800495662949194,-0.5863736433853822
0.5801115241635688,1.5522926745398637
0.5801734820322181,0.5848525134447582
0.5802354399008675,-1.617779245971434
0.5802973977695167,-0.3865096434435751
0.5803593556381661,2.2980945557790657
0.5804213135068154,1.2681864653553738
0.5804832713754647,-2.0895756331515694
0.580545229244114,-1.9964464925081313
0.5806071871127633,1.6636606464451416
0.5806691449814126,3.1490587069429443
0.5807311028500619,0.2982461626364663
0.5807930607187113,-2.390419393718471
0.5808550185873605,-1.0241399504466226
0.5809169764560099,2.236674573244411
0.5809789343246592,2.806573870741066
0.5810408921933086,-0.05786581420276393
0.5811028500619578,-2.553243631967466
0.5811648079306072,-1.2669263174734609
0.5812267657992565,2.2701435430389623
0.5812887236679058,3.128167720649098
0.5813506815365551,-0.29145151693895377
0.5814126394052045,-3.1493897448287775
0.5814745972738538,-0.695848172956474
0.5815365551425031,3.8890101849587717
0.5815985130111524,3.3823523820014163
0.5816604708798018,-1.9699522745166498
0.581722428748451,-3.755942704593537
0.5817843866171004,1.3485077653617132
0.5818463444857497,5.235694129657727
0.581908302354399,1.0421186501659545
0.5819702602230483,-4.770988929227409
0.5820322180916977,-2.2453666674284913
0.582094175960347,4.996936719239507
0.5821561338289963,4.765054586690726
0.5822180916976456,-3.0488688830531006
0.5822800495662949,-5.195630763282413
0.5823420074349442,2.628648610744122
0.5824039653035935,7.386143457695702
0.5824659231722429,0.42828308541491666
0.5825278810408921,-6.836829623314054
0.5825898389095415,-1.735933183323132
0.5826517967781908,7.370794417433124
0.5827137546468402,4.670092886801681
0.5827757125154894,-5.637644789639112
0.5828376703841388,-5.846707970541014
0.5828996282527881,4.778895749756993
0.5829615861214374,8.23088732615124
0.5830235439900867,-1.4412121970382192
0.5830855018587361,-7.733996107148626
0.5831474597273854,0.10542052146292491
0.5832094175960347,8.740175348508515
0.583271375464684,3.561882172344788
0.5833333333333334,-6.682171607609256
0.5833952912019826,-4.987070328578542
0.583457249070632,5.524597450997893
0.5835192069392813,7.417694596495641
0.5835811648079307,-2.124922181197472
0.5836431226765799,-7.366547232423655
0.5837050805452293,0.024001110353104593
0.5837670384138786,8.082698962980295
0.5838289962825279,4.159308094409664
0.5838909541511772,-5.343773571153184
0.5839529120198265,-5.496399509433884
0.5840148698884758,3.8546494712934987
0.5840768277571251,8.006328691915535
0.5841387856257745,0.262492674452375
0.5842007434944237,-7.450543559924906
0.5842627013630731,-2.922233048198584
0.5843246592317224,6.9451331540743215
0.5843866171003718,6.503005170991845
0.584448574969021,-3.721512686065698
0.5845105328376704,-7.330390002101332
0.5845724907063197,1.6730900259092472
0.584634448574969,8.837078005940334
0.5846964064436183,2.6086325959173604
0.5847583643122677,-6.812947229884308
0.584820322180917,-4.327592699256874
0.5848822800495663,5.491894832905343
0.5849442379182156,6.602725148887258
0.585006195786865,-2.1732154333349274
0.5850681536555142,-6.361734050378504
0.5851301115241636,0.028509857259295363
0.5851920693928129,6.124043405626969
0.5852540272614623,2.9325184544181324
0.5853159851301115,-3.4214690852309726
0.5853779429987609,-3.2290264401711104
0.5854399008674102,2.124094895960181
0.5855018587360595,4.289739346465429
0.5855638166047088,0.8188291148494313
0.5856257744733581,-2.8341915496315213
0.5856877323420074,-1.8912099448528186
0.5857496902106567,1.8644750079686065
0.5858116480793061,3.1158340445659807
0.5858736059479553,0.13868761111096584
0.5859355638166047,-2.7078548650204084
0.585997521685254,-0.9975137826909338
0.5860594795539034,2.8195501795914293
0.5861214374225526,2.707010194116422
0.586183395291202,-1.195285700777758
0.5862453531598513,-2.4256963652812593
0.5863073110285006,0.9523598684377318
0.5863692688971499,2.9278798520029037
0.5864312267657993,0.09153625993548853
0.5864931846344485,-2.3959208673431966
0.5865551425030979,-0.26399832188304884
0.5866171003717472,2.2575341996538882
0.5866790582403966,0.5837610309116963
0.5867410161090458,-1.7505831861225176
0.5868029739776952,-0.11849370787840496
0.5868649318463445,2.2797795555959715
0.5869268897149938,0.6706910037867929
0.5869888475836431,-1.9384918912590217
0.5870508054522925,-0.4166423338709737
0.5871127633209418,2.4875381240150656
0.5871747211895911,1.075098777794109
0.5872366790582404,-2.44239012006882
0.5872986369268897,-1.7042067694508656
0.587360594795539,2.1184822809310346
0.5874225526641883,2.302789414024579
0.5874845105328377,-1.3922931759958648
0.5875464684014869,-2.459461238408548
0.5876084262701363,0.801848803341967
0.5876703841387856,2.7199741434492393
0.587732342007435,0.38424779806068
0.5877942998760842,-1.940917275488308
0.5878562577447336,-0.7646112407156151
0.5879182156133829,1.2592397366538752
0.5879801734820322,0.8206491448432828
0.5880421313506815,-0.744661943653507
0.5881040892193309,-0.7965033402679228
0.5881660470879801,0.14165999890501046
0.5882280049566295,0.2688869566594141
0.5882899628252788,-0.1423123758370649
0.5883519206939282,0.0715149961494208
0.5884138785625774,0.5124774253703919
0.5884758364312268,0.16158845844971936
0.5885377942998761,-0.5663428151330101
0.5885997521685254,-0.4727896663121498
0.5886617100371747,0.4055144484755311
0.5887236679058241,0.7329861546959678
0.5887856257744734,-0.21668502289544245
0.5888475836431227,-1.3303290792240003
0.588909541511772,-0.9063787466857627
0.5889714993804213,0.8215842868700435
0.5890334572490706,1.4541799049332536
0.5890954151177199,-0.22178717731908804
0.5891573729863693,-1.8480465845376515
0.5892193308550185,-0.6783826899252766
0.5892812887236679,1.7634617938511215
0.5893432465923172,1.544713875646031
0.5894052044609666,-1.2876463223239216
0.5894671623296158,-2.341402541681501
0.5895291201982652,0.06158409400936893
0.5895910780669145,1.965634632396231
0.5896530359355638,0.28915125813615405
0.5897149938042131,-2.046242724712938
0.5897769516728625,-1.1310312661036583
0.5898389095415117,1.3658702931837374
0.5899008674101611,1.2717775730417966
0.5899628252788104,-0.9414242811648604
0.5900247831474598,-1.3013001268069044
0.590086741016109,0.6076799223756284
0.5901486988847584,1.153070249220043
0.5902106567534077,-0.7121332440623955
0.590272614622057,-1.61273573154367
0.5903345724907063,0.115568459816497
0.5903965303593557,1.3333790147103501
0.590458488228005,-0.3111680209604607
0.5905204460966543,-1.9393398632741414
0.5905824039653036,-0.3398812360469601
0.5906443618339529,2.0334351214078024
0.5907063197026022,0.8997874481981489
0.5907682775712515,-2.1191711598389236
0.5908302354399009,-1.6632228484322644
0.5908921933085501,1.9268964082694524
0.5909541511771995,2.3354215328541645
0.5910161090458488,-1.8710208809919828
0.5910780669144982,-3.6899463339619865
0.5911400247831474,0.6802515296804663
0.5912019826517968,4.179403287829331
0.5912639405204461,0.20172088119798365
0.5913258983890954,-5.048144347003712
0.5913878562577447,-1.9979389707978112
0.5914498141263941,5.143742754813781
0.5915117719950433,4.066267010313155
0.5915737298636927,-4.3565094372118685
0.591635687732342,-6.016939608408919
0.5916976456009914,2.629862009618524
0.5917596034696406,7.259047044673731
0.59182156133829,-0.5394423372977497
0.5918835192069393,-8.120435971345831
0.5919454770755886,-2.5340158417429803
0.5920074349442379,7.206348380074524
0.5920693928128873,4.895579068061828
0.5921313506815366,-5.531725888234741
0.5921933085501859,-6.629642293963355
0.5922552664188352,3.249854895837249
0.5923172242874845,7.5925030526854345
0.5923791821561338,-0.43782345565329805
0.5924411400247831,-7.245167468201633
0.5925030978934325,-2.0367153805637046
0.5925650557620817,5.9134404414624555
0.5926270136307311,3.6456701543743026
0.5926889714993804,-4.405852699072623
0.5927509293680298,-4.9051805449230415
0.592812887236679,2.378787340739616
0.5928748451053284,5.300745605175023
0.5929368029739777,-0.32846439354794343
0.592998760842627,-4.760204903222486
0.5930607187112763,-0.9705365342336671
0.5931226765799257,4.316014315805873
0.5931846344485749,2.4100368383734847
0.5932465923172243,-3.178086331008541
0.5933085501858736,-3.186612448182874
0.593370508054523,1.9541967961417344
0.5934324659231722,3.4254143214971204
0.5934944237918216,-0.8998935975816176
0.5935563816604709,-3.34651499718861
0.5936183395291202,0.08073647432984554
0.5936802973977695,3.243785607205543
0.5937422552664189,0.9931938337079791
0.5938042131350681,-2.251407193538376
0.5938661710037175,-0.9653335451961191
0.5939281288723668,1.9924506326449787
0.593990086741016,1.3449380867852878
0.5940520446096654,-1.2435670969350374
0.5941140024783147,-1.1358763208946894
0.5941759603469641,0.7972351015327153
0.5942379182156133,0.842064429322384
0.5942998760842627,-0.4037840049642104
0.594361833952912,-0.19181611933572507
0.5944237918215614,0.6575868287498858
0.5944857496902106,0.17671917015172744
0.59454770755886,-0.26154250791626055
0.5946096654275093,0.7657068779312133
0.5946716232961586,1.0597677548770177
0.5947335811648079,-0.6327830905518403
0.5947955390334573,-1.1928494780733208
0.5948574969021065,0.8935562536587027
0.5949194547707559,1.743422734766412
0.5949814126394052,-0.6901309896377414
0.5950433705080546,-1.9656223212921797
0.5951053283767038,0.7033281590287808
0.5951672862453532,2.597248236027724
0.5952292441140025,0.08165167836951426
0.5952912019826518,-2.1910067311507033
0.5953531598513011,0.18139723269489805
0.5954151177199505,2.829522784528958
0.5954770755885997,0.651718299334257
0.5955390334572491,-2.4723936364387895
0.5956009913258984,-0.8102826910774916
0.5956629491945477,2.5243739905842517
0.595724907063197,1.3793015465126974
0.5957868649318463,-2.0932814600813523
0.5958488228004957,-1.5706818282977748
0.5959107806691449,1.9355808088878257
0.5959727385377943,2.2936799576918827
0.5960346964064436,-0.7236044905624646
0.596096654275093,-1.707367156066675
0.5961586121437422,0.5828246788110647
0.5962205700123916,1.874179237172422
0.5962825278810409,0.34563093066356787
0.5963444857496902,-1.061389594645484
0.5964064436183395,-0.457157651871685
0.5964684014869889,0.5241069784859932
0.5965303593556381,0.47822180367075673
0.5965923172242875,0.10981200886196518
0.5966542750929368,0.047903379111272404
0.5967162329615862,0.008781844451046794
0.5967781908302354,0.0877309026824612
0.5968401486988848,0.5022513860099518
0.5969021065675341,0.6026890481013671
0.5969640644361834,0.00841085617812437
0.5970260223048327,-0.33041961481936283
0.5970879801734821,0.15860278024596283
0.5971499380421313,0.39791228195589023
0.5972118959107807,-0.2643593451121577
0.59727385377943,-0.5353272091489425
0.5973358116480793,0.3956264894994329
0.5973977695167286,0.9199869265907984
0.5974597273853779,-0.1960529293143662
0.5975216852540273,-1.0827403830460884
0.5975836431226765,0.2359925666938113
0.5976456009913259,1.851531558238635
0.5977075588599752,0.7015497218384554
0.5977695167286246,-1.8076181995269183
0.5978314745972738,-1.4661579421514204
0.5978934324659232,1.49532508048291
0.5979553903345725,2.0911783669462056
0.5980173482032218,-1.0739067989548747
0.5980793060718711,-2.8163561254670166
0.5981412639405205,0.08005848043122143
0.5982032218091697,2.9353123533321837
0.5982651796778191,0.8620210162817008
0.5983271375464684,-2.613973116122542
0.5983890954151178,-1.4450594179626486
0.598451053283767,2.3133807999405045
0.5985130111524164,2.0056511100996666
0.5985749690210657,-1.8810981134043006
0.598636926889715,-2.6020472610464083
0.5986988847583643,0.9030433795725394
0.5987608426270137,2.3481472430127255
0.5988228004956629,-0.6468841456528698
0.5988847583643123,-2.693630060065655
0.5989467162329616,-0.402125374890407
0.5990086741016108,2.139836471188331
0.5990706319702602,0.9694122988107425
0.5991325898389095,-1.5127682668463636
0.5991945477075589,-1.5150358404887565
0.5992565055762081,0.3083267867751826
0.5993184634448575,1.1793917907629952
0.5993804213135068,0.34362030978252484
0.5994423791821561,-1.1735786332199278
0.5995043370508054,-1.89814186323857
0.5995662949194548,-0.5890005397201359
0.599628252788104,1.6286154346365307
0.5996902106567534,1.3007210968079406
0.5997521685254027,-1.8804838859080308
0.5998141263940521,-2.8930528688454666
0.5998760842627013,0.7295240014324065
0.5999380421313507,3.348297703355912
0.6,0.01632767404314639
0.6000619578686494,-4.14683623941565
0.6001239157372986,-1.9310290594925816
0.600185873605948,3.097203739735293
0.6002478314745973,2.1655314886196804
0.6003097893432466,-3.352897381227388
0.6003717472118959,-3.97300959795895
0.6004337050805453,1.4803687362503182
0.6004956629491945,3.767479786704086
0.6005576208178439,-0.8913383615296001
0.6006195786864932,-4.52934143980886
0.6006815365551424,-1.1027730254762105
0.6007434944237918,3.580045066092753
0.6008054522924411,1.8097250394912812
0.6008674101610905,-3.5335791310406415
0.6009293680297397,-3.998519230239089
0.6009913258983891,0.9920569804267181
0.6010532837670384,3.544253566853506
0.6011152416356877,-0.3236305348884041
0.601177199504337,-4.603145558903949
0.6012391573729864,-2.538497598509313
0.6013011152416357,2.8641100839642886
0.601363073110285,3.22066324708983
0.6014250309789343,-2.153525193671233
0.6014869888475837,-4.820525455208967
0.6015489467162329,-0.5016054685117064
0.6016109045848823,3.8177720162133477
0.6016728624535316,1.0635569823874862
0.601734820322181,-4.3031134911137645
0.6017967781908302,-3.6091424048636425
0.6018587360594796,1.7664055190537997
0.6019206939281289,2.976664101064742
0.6019826517967782,-1.5619049289114675
0.6020446096654275,-4.08884663732565
0.6021065675340769,-0.704851382724423
0.6021685254027261,2.7446145867708167
0.6022304832713755,0.86625617749765
0.6022924411400248,-2.91878397197679
0.602354399008674,-2.677193250039153
0.6024163568773234,0.7337139999688669
0.6024783147459727,1.7957598663800307
0.6025402726146221,-0.9629963853952513
0.6026022304832713,-3.2095288893155933
0.6026641883519207,-1.5612253354021026
0.60272614622057,1.512457922820924
0.6027881040892193,1.4126846454997932
0.6028500619578686,-1.7137166705918516
0.602912019826518,-3.025241112160783
0.6029739776951673,-0.3515417238262585
0.6030359355638166,2.1832468587703078
0.6030978934324659,0.49450749982475695
0.6031598513011153,-2.8488165138641284
0.6032218091697645,-2.665143809045128
0.6032837670384139,0.5405632129517974
0.6033457249070632,1.6549135100966297
0.6034076827757126,-0.7368893739220951
0.6034696406443618,-2.6461061642196633
0.6035315985130112,-1.4181359913095346
0.6035935563816605,0.7634174461902768
0.6036555142503098,1.0058186563369595
0.6037174721189591,-0.49318546853646716
0.6037794299876085,-1.748819292103555
0.6038413878562577,-1.490704032536334
0.6039033457249071,0.008160038130020641
0.6039653035935564,0.9886670719330478
0.6040272614622056,-0.17502565407169945
0.604089219330855,-2.262881619153139
0.6041511771995043,-2.1093060033888817
0.6042131350681537,0.47889042463257214
0.6042750929368029,1.7051018787178522
0.6043370508054523,-0.39495820903851114
0.6043990086741016,-2.560668261021278
0.6044609665427509,-1.4130510260689495
0.6045229244114002,1.2554570124676963
0.6045848822800496,1.480843593485762
0.6046468401486988,-0.948301377110877
0.6047087980173482,-2.6317213907167143
0.6047707558859975,-1.396449802798609
0.6048327137546469,1.12898648528805
0.6048946716232961,1.5560543467655998
0.6049566294919455,-1.0450911515198147
0.6050185873605948,-3.200660936456291
0.6050805452292441,-1.184832286684731
0.6051425030978934,2.7004625428262403
0.6052044609665428,2.2699678091150233
0.605266418835192,-2.5368168699533538
0.6053283767038414,-4.071099627325206
0.6053903345724907,0.7833590895640687
0.6054522924411401,4.2543198026338995
0.6055142503097893,0.11288195769014697
0.6055762081784387,-5.096935931140006
0.605638166047088,-2.536903077593071
0.6057001239157374,3.691583662252521
0.6057620817843866,3.257273273470983
0.6058240396530359,-2.884517574487967
0.6058859975216853,-4.364988753500227
0.6059479553903345,1.0170748367248055
0.6060099132589839,4.248046040370203
0.6060718711276332,0.5078872661035481
0.6061338289962825,-3.737148814493977
0.6061957868649318,-2.124709748878966
0.6062577447335812,2.1298552346678923
0.6063197026022304,2.514227177764722
0.6063816604708798,-1.024240507179989
0.6064436183395291,-3.102177325545055
0.6065055762081785,-0.8676866029768748
0.6065675340768277,2.480008315995866
0.6066294919454771,2.1657029459848016
0.6066914498141264,-1.4839651452188014
0.6067534076827757,-2.9381866159693315
0.606815365551425,0.48532487540404884
0.6068773234200744,3.6108203460204593
0.6069392812887237,0.9881629179113227
0.607001239157373,-3.561550279206024
0.6070631970260223,-2.3821945990950177
0.6071251548946717,2.924386722032013
0.6071871127633209,3.4539769971292453
0.6072490706319703,-1.885314825907951
0.6073110285006196,-4.080512700781267
0.607372986369269,0.7187598019839565
0.6074349442379182,4.607903671471379
0.6074969021065675,1.3725928252449378
0.6075588599752169,-3.397443305999477
0.6076208178438661,-2.176136192607681
0.6076827757125155,2.5069641293821103
0.6077447335811648,3.2967340031744543
0.6078066914498141,-0.35925739623508157
0.6078686493184634,-2.8180978816871125
0.6079306071871128,-1.1779479909604722
0.607992565055762,1.9263393179886945
0.6080545229244114,2.774156777880198
0.6081164807930607,0.5027463242056378
0.6081784386617101,-2.2365310128095266
0.6082403965303593,-1.6810288002374731
0.6083023543990087,2.146256253253869
0.608364312267658,4.019302266442407
0.6084262701363073,0.4915495355214694
0.6084882280049566,-3.7158892181666956
0.608550185873606,-1.924290253487266
0.6086121437422553,3.5552766811362346
0.6086741016109046,4.16797679332371
0.6087360594795539,-1.2924842180828113
0.6087980173482033,-4.309143496588039
0.6088599752168525,-0.06241468787399729
0.6089219330855019,4.924031851235131
0.6089838909541512,3.1264298513469466
0.6090458488228006,-2.4505193899650743
0.6091078066914498,-3.344639982493287
0.6091697645600991,1.515508815418786
0.6092317224287485,4.749073513685163
0.6092936802973977,1.666413654676683
0.6093556381660471,-3.21281929385186
0.6094175960346964,-2.8690560944338728
0.6094795539033457,2.295643437844277
0.609541511771995,4.933664196278603
0.6096034696406444,1.0410274120055378
0.6096654275092936,-3.93045310585712
0.609727385377943,-2.3847177384425056
0.6097893432465923,4.011182938121864
0.6098513011152417,5.800178440693194
0.6099132589838909,-0.3346049444896224
0.6099752168525403,-5.563673745744783
0.6100371747211896,-1.601796984200162
0.6100991325898389,5.998124686684083
0.6101610904584882,5.436156984921846
0.6102230483271376,-2.9634233139630384
0.6102850061957868,-6.3848209569829475
0.6103469640644362,0.8111299926019582
0.6104089219330855,7.791895697916158
0.6104708798017349,3.814583754750628
0.6105328376703841,-4.906637237737826
0.6105947955390335,-4.903503504220037
0.6106567534076828,3.501871397339995
0.6107187112763321,7.139684859905948
0.6107806691449814,0.8390253713806342
0.6108426270136307,-5.248033175930622
0.61090458488228,-2.316115313146824
0.6109665427509293,4.124740167488337
0.6110285006195787,4.367872828811607
0.611090458488228,-0.6571417383451322
0.6111524163568773,-2.830890596972517
0.6112143742255266,0.006114703993839066
0.611276332094176,2.705604518901778
0.6113382899628252,2.1393006197251525
0.6114002478314746,0.4265637596951015
0.6114622057001239,-0.35113251286479163
0.6115241635687733,-0.48871152173888843
0.6115861214374225,0.09982968628506184
0.6116480793060719,1.7437275600318332
0.6117100371747212,2.3451682598158263
0.6117719950433705,-0.09458090419467302
0.6118339529120198,-2.5824039136665133
0.6118959107806692,-0.47640795168453387
0.6119578686493184,4.041213406098629
0.6120198265179678,3.654554526273401
0.6120817843866171,-2.088230460503239
0.6121437422552665,-4.219580770694494
0.6122057001239157,1.651068182440758
0.6122676579925651,6.603431786731233
0.6123296158612144,1.7624115626233654
0.6123915737298637,-6.049730155738289
0.612453531598513,-3.819293875990449
0.6125154894671623,5.844194078540893
0.6125774473358117,7.234392228686481
0.6126394052044609,-2.8111028871143824
0.6127013630731103,-8.19150967814254
0.6127633209417596,0.5981510155415006
0.6128252788104089,9.777963155053015
0.6128872366790582,4.136329779796886
0.6129491945477076,-7.541441797231846
0.6130111524163568,-6.380973851155656
0.6130731102850062,5.631353667141957
0.6131350681536555,9.013304561530884
0.6131970260223049,-1.3693455591920614
0.6132589838909541,-8.672804070655143
0.6133209417596035,-1.849649262474256
0.6133828996282528,7.633679190529561
0.6134448574969021,5.387996325500396
0.6135068153655514,-3.967460003453074
0.6135687732342008,-5.9690199044087215
0.61363073110285,1.4118074629741335
0.6136926889714994,6.607680352395031
0.6137546468401487,2.4651152491320163
0.6138166047087981,-4.460158776533821
0.6138785625774473,-4.254296852830205
0.6139405204460967,2.4800864959660593
0.614002478314746,5.699939011986561
0.6140644361833953,0.3752584000008726
0.6141263940520446,-5.517154719693725
0.6141883519206939,-2.448600151943136
0.6142503097893433,5.214711436932207
0.6143122676579925,5.018152880938965
0.6143742255266419,-3.1787216707756976
0.6144361833952912,-5.835828212191016
0.6144981412639405,1.816743264118781
0.6145600991325898,6.8965627273501084
0.6146220570012392,0.5045977789854635
0.6146840148698884,-6.605813922437578
0.6147459727385378,-2.3884311213661533
0.6148079306071871,5.660301091763923
0.6148698884758365,3.825068186724004
0.6149318463444857,-4.095364602843171
0.6149938042131351,-4.322499430878327
0.6150557620817844,2.73278597665377
0.6151177199504337,4.54943060007676
0.615179677819083,-1.019562914162298
0.6152416356877324,-3.5792577366618774
0.6153035935563816,0.38500472100808114
0.615365551425031,2.768574976855616
0.6154275092936803,-0.20907754919582455
0.6154894671623297,-2.2708736158756326
0.6155514250309789,0.0548849401627316
0.6156133828996283,1.7153670113774124
0.6156753407682776,-0.3365388110147177
0.6157372986369269,-1.7808033917361286
0.6157992565055762,0.2281587366693399
0.6158612143742255,1.9180541067284753
0.6159231722428749,0.2943730075845485
0.6159851301115241,-1.6707435502163714
0.6160470879801735,-0.7887282608239917
0.6161090458488228,1.1111809635788628
0.6161710037174721,0.9276489862812487
0.6162329615861214,-0.8053590241357519
0.6162949194547708,-1.46309115494801
0.61635687732342,-0.3182899299118924
0.6164188351920694,0.9176441444319999
0.6164807930607187,0.5672922854844268
0.616542750929368,-0.8177575762302223
0.6166047087980173,-1.0339841572330863
0.6166666666666667,0.49305733903192217
0.616728624535316,1.2770224440079874
0.6167905824039653,-0.3572300123284453
0.6168525402726146,-1.823924598480688
0.616914498141264,-0.3125520029588993
0.6169764560099132,1.72738646195891
0.6170384138785626,0.31092129040134386
0.6171003717472119,-2.556826849044104
0.6171623296158613,-1.6556331252507008
0.6172242874845105,2.0241651482991516
0.6172862453531599,2.2611704096707115
0.6173482032218092,-1.6304055404565876
0.6174101610904585,-3.1543144008430133
0.6174721189591078,0.3812025467701814
0.6175340768277571,3.185762095978226
0.6175960346964064,0.6922483535302986
0.6176579925650557,-3.0539708008320074
0.6177199504337051,-2.324152280441508
0.6177819083023544,1.331808837510231
0.6178438661710037,2.25309416524924
0.617905824039653,-0.5209430917743378
0.6179677819083024,-2.5926895445717077
0.6180297397769516,-1.1235783367582362
0.618091697645601,1.5404299545568125
0.6181536555142503,1.6727851747690061
0.6182156133828997,-0.6814356108986577
0.6182775712515489,-2.0009179359527165
0.6183395291201983,-0.4390560451943233
0.6184014869888476,1.4012513454800937
0.6184634448574969,0.5155763301676854
0.6185254027261462,-1.5736876572969347
0.6185873605947956,-1.3129412346054914
0.6186493184634448,0.7200803192672011
0.6187112763320942,0.8246884276273645
0.6187732342007435,-1.059972356578473
0.6188351920693929,-1.1814469864048347
0.6188971499380421,0.9216738833720939
0.6189591078066915,1.2996684710120296
0.6190210656753408,-0.9867535389297145
0.6190830235439901,-1.7823143530886765
0.6191449814126394,0.5079000879756395
0.6192069392812887,1.7076125128165915
0.619268897149938,-0.5328257930557437
0.6193308550185873,-2.2972415295718784
0.6193928128872367,-0.48211171462172875
0.619454770755886,1.6491837950813921
0.6195167286245353,0.5232440832681671
0.6195786864931846,-1.4880526162054672
0.619640644361834,-0.79758937024929
0.6197026022304832,1.035459538367887
0.6197645600991326,0.7436991252572447
0.6198265179677819,-0.7169507908283272
0.6198884758364313,-0.6244750363553515
0.6199504337050805,0.3434391089328469
0.6200123915737299,0.05876325200158672
0.6200743494423792,-0.7121027260779015
0.6201363073110285,-0.23127917320450075
0.6201982651796778,0.46714660409634656
0.6202602230483272,-0.19025122644631853
0.6203221809169764,-0.8032775101208032
0.6203841387856258,0.28104502302426315
0.6204460966542751,1.2178114091841297
0.6205080545229245,-0.1076551841602996
0.6205700123915737,-1.52252397451537
0.6206319702602231,-0.07643687325624071
0.6206939281288724,2.0006026955614336
0.6207558859975217,0.5591340960196025
0.620817843866171,-2.5981012599894213
0.6208798017348203,-1.8242942912391822
0.6209417596034696,2.3596556517176888
0.6210037174721189,2.9578482239246657
0.6210656753407683,-1.7309249618984488
0.6211276332094176,-4.061500234482404
0.6211895910780669,0.5853127237466009
0.6212515489467162,5.0580421211002395
0.6213135068153656,1.581223984423817
0.6213754646840148,-4.673392193718387
0.6214374225526642,-3.3624089795926926
0.6214993804213135,3.627100566662834
0.6215613382899629,4.763625444248124
0.6216232961586121,-1.929498298693516
0.6216852540272615,-5.420721972837541
0.6217472118959108,-0.12149939547371913
0.6218091697645601,5.045458986300392
0.6218711276332094,1.9850747066077044
0.6219330855018588,-3.511879492392599
0.621995043370508,-2.494856982144901
0.6220570012391574,2.426511128699732
0.6221189591078067,2.9502305373156403
0.622180916976456,-0.8056146376361211
0.6222428748451053,-2.1895617815044237
0.6223048327137547,0.08573006402414574
0.622366790582404,1.3864697122605696
0.6224287484510533,0.17674009723068565
0.6224907063197026,-0.6071316590101177
0.6225526641883519,0.07702357870889992
0.6226146220570012,0.38851225573497106
0.6226765799256505,0.04259763241198988
0.6227385377942999,0.3104145460113171
0.6228004956629491,0.7043458473316928
0.6228624535315985,0.08959714303080862
0.6229244114002478,-0.47035773163794836
0.6229863692688972,0.24142943519294735
0.6230483271375464,0.8103394297381966
0.6231102850061958,-0.11509595431203101
0.6231722428748451,-0.8918289060055489
0.6232342007434944,0.06230585942509653
0.6232961586121437,1.0994227878049312
0.6233581164807931,0.42437219644725555
0.6234200743494424,-0.5812830947422107
0.6234820322180917,-0.1472759649652995
0.623543990086741,0.7300471292893917
0.6236059479553904,0.6383842163354716
0.6236679058240396,0.23456933097257004
0.623729863692689,0.1379616313185026
0.6237918215613383,-0.36899701864859935
0.6238537794299877,-0.8272218002448566
0.6239157372986369,0.31867780019076064
0.6239776951672863,1.802801362225199
0.6240396530359356,0.5255074666366608
0.6241016109045849,-2.217776478109411
0.6241635687732342,-1.4609328670420048
0.6242255266418835,2.5596470410398067
0.6242874845105328,3.2907173919336667
0.6243494423791821,-1.1947560494831122
0.6244114002478315,-3.805171976614556
0.6244733581164807,0.05732567531420263
0.6245353159851301,4.162963893891876
0.6245972738537794,1.5753928156175219
0.6246592317224288,-3.5069236602238076
0.624721189591078,-2.754525269811095
0.6247831474597274,2.313013076028893
0.6248451053283767,3.2740665097191615
0.624907063197026,-0.8928579365403058
0.6249690210656753,-2.797501555164327
0.6250309789343247,0.3398116126312942
0.625092936802974,2.6438378872929538
0.6251548946716233,0.43042811998146946
0.6252168525402726,-1.9164518907268726
0.625278810408922,-0.45274204489926184
0.6253407682775712,1.6171935961841144
0.6254027261462206,0.40824271599379713
0.6254646840148699,-1.6884985043020055
0.6255266418835193,-0.8109010199630111
0.6255885997521685,1.4052520992793884
0.6256505576208179,1.130919720441228
0.6257125154894672,-0.8996327016067092
0.6257744733581165,-1.1926503423107673
0.6258364312267658,0.4212176872419713
0.6258983890954151,1.2220468982668196
0.6259603469640644,0.3682721181751223
0.6260223048327137,-0.6688004698116283
0.6260842627013631,-0.9714853809968733
0.6261462205700123,-0.5375430170427355
0.6262081784386617,0.5142554930180068
0.626270136307311,1.0554629006697676
0.6263320941759604,-0.2619976359766705
0.6263940520446096,-1.9012582769787787
0.626456009913259,-0.7891857920344498
0.6265179677819083,1.9453195933200835
0.6265799256505576,1.6515847093758202
0.6266418835192069,-1.6935188640330476
0.6267038413878563,-2.4311934950181158
0.6267657992565056,0.9630005591395969
0.6268277571251549,2.4730531621906313
0.6268897149938042,-0.9134879380631598
0.6269516728624536,-3.291582616029496
0.6270136307311028,-0.2460224516043702
0.6270755885997522,2.8452510491528717
0.6271375464684015,0.32743151558515926
0.6271995043370509,-3.3188528964257604
0.6272614622057001,-1.410646095323123
0.6273234200743495,2.8410900482729153
0.6273853779429988,1.9911566062942738
0.6274473358116481,-2.5276450853041124
0.6275092936802974,-3.134274458702773
0.6275712515489467,0.8595036054708595
0.627633209417596,2.7096381098045175
0.6276951672862453,-0.255589402646865
0.6277571251548947,-3.13751918903728
0.627819083023544,-1.912826319211772
0.6278810408921933,1.2113417624440923
0.6279429987608426,2.0407988783244178
0.628004956629492,-0.19481961017485738
0.6280669144981412,-2.586456833249281
0.6281288723667906,-1.9351839869712932
0.6281908302354399,1.2818720361626335
0.6282527881040892,2.557126126228315
0.6283147459727385,-0.6577544036430316
0.6283767038413879,-3.966276014169864
0.6284386617100371,-1.8935666394006692
0.6285006195786865,2.682051466190446
0.6285625774473358,2.217113611469611
0.6286245353159852,-2.827287150220013
0.6286864931846344,-4.070982681963185
0.6287484510532838,0.7335008900392208
0.6288104089219331,3.6612202363289104
0.6288723667905824,-0.003311029402439658
0.6289343246592317,-4.015423655793674
0.6289962825278811,-2.0328539315094942
0.6290582403965304,2.1905523614124784
0.6291201982651797,1.8949087688645725
0.629182156133829,-1.898417893075126
0.6292441140024783,-3.309925268502085
0.6293060718711276,-0.9257694275852102
0.6293680297397769,1.5322454719705951
0.6294299876084263,1.2071100800509478
0.6294919454770755,-1.175474831916238
0.6295539033457249,-2.832411493943037
0.6296158612143742,-1.4565376327343837
0.6296778190830236,1.8117742875095582
0.6297397769516728,2.3791201353414175
0.6298017348203222,-1.557173036175422
0.6298636926889715,-4.627265429337218
0.6299256505576208,-1.523226535337467
0.6299876084262701,3.5353943264982783
0.6300495662949195,2.2585446010718613
0.6301115241635687,-3.9153100429054586
0.6301734820322181,-5.065972034363073
0.6302354399008674,1.092657693499296
0.6302973977695168,4.828362732106045
0.630359355638166,0.09261862031958845
0.6304213135068154,-5.4178427427414535
0.6304832713754647,-2.841138644641365
0.630545229244114,3.4014292477807655
0.6306071871127633,3.103705052514673
0.6306691449814127,-3.0301249176561855
0.630731102850062,-4.958909311520495
0.6307930607187113,0.10898562769074271
0.6308550185873606,3.6179121584068756
0.6309169764560099,0.0927078963369577
0.6309789343246592,-4.19855688385401
0.6310408921933085,-2.139029595622714
0.6311028500619579,2.541906848248997
0.6311648079306071,2.019798109842011
0.6312267657992565,-2.4563148902080894
0.6312887236679058,-3.1922942845636926
0.6313506815365552,0.6697519461751164
0.6314126394052044,2.1590280992690762
0.6314745972738538,-1.1244183120927296
0.6315365551425031,-3.1736248623347416
0.6315985130111524,-0.5422864992019554
0.6316604708798017,1.785452035621718
0.6317224287484511,-0.23840213529543153
0.6317843866171003,-2.505759137567525
0.6318463444857497,-0.6413309091751841
0.631908302354399,1.8342567577439906
0.6319702602230484,0.1493603701257351
0.6320322180916976,-2.671159288970805
0.632094175960347,-1.2714625743753327
0.6321561338289963,1.971236024363159
0.6322180916976456,0.9772612445490367
0.6322800495662949,-2.8837956185344815
0.6323420074349443,-2.822057097253036
0.6324039653035936,1.3823068936758782
0.6324659231722429,2.6979790904583383
0.6325278810408922,-1.1082750439058606
0.6325898389095415,-3.6191563644604194
0.6326517967781908,-0.6437436076935216
0.6327137546468401,2.909342645276614
0.6327757125154895,1.4086413313347728
0.6328376703841387,-2.4926216302589292
0.6328996282527881,-2.733473841367875
0.6329615861214374,0.5320698183697998
0.6330235439900868,2.0624812055981216
0.633085501858736,0.009033930719609784
0.6331474597273854,-2.162348798855068
0.6332094175960347,-1.574556865089216
0.633271375464684,0.5566664345585909
0.6333333333333333,1.5481318460781073
0.6333952912019827,0.4875951229906812
0.633457249070632,-1.3448624995577103
0.6335192069392813,-1.7040311634576648
0.6335811648079306,0.270096567936122
0.63364312267658,2.1065813147383916
0.6337050805452292,0.625004185894722
0.6337670384138786,-2.602252860904043
0.6338289962825279,-2.366161080321751
0.6338909541511772,1.6821496438086894
0.6339529120198265,3.1134783251714273
0.6340148698884759,-0.937926758119525
0.6340768277571251,-3.879429996640077
0.6341387856257745,-0.2512132669388305
0.6342007434944238,4.207281834345423
0.6342627013630731,1.7552095846729983
0.6343246592317224,-3.646457368068629
0.6343866171003717,-2.7454491847160956
0.6344485749690211,2.8318735169745697
0.6345105328376703,3.3653294624638086
0.6345724907063197,-1.8613988511375854
0.634634448574969,-3.619871997182848
0.6346964064436184,0.7630839967962058
0.6347583643122676,3.3342250970872374
0.634820322180917,0.22378684268205196
0.6348822800495663,-2.2825805864470454
0.6349442379182156,-0.07692737351370127
0.6350061957868649,2.0427876137154786
0.6350681536555143,0.4651868699059851
0.6351301115241635,-0.9908164696223238
0.6351920693928129,0.3756939095748545
0.6352540272614622,1.0505477078673857
0.6353159851301116,-0.7123350983311085
0.6353779429987608,-1.0000107681696706
0.6354399008674102,1.4029338318601392
0.6355018587360595,1.8136602970983668
0.6355638166047088,-1.0588509783077824
0.6356257744733581,-1.7684066677209094
0.6356877323420075,1.6066411396546094
0.6357496902106567,3.122131075220954
0.6358116480793061,-0.24712587458826474
0.6358736059479554,-2.6359257363605035
0.6359355638166047,0.23189035614137476
0.635997521685254,3.237262778390142
0.6360594795539033,1.0773487246091786
0.6361214374225527,-2.3808884859478265
0.6361833952912019,-1.2170501662987658
0.6362453531598513,2.323230912189164
0.6363073110285006,2.329843225437559
0.63636926889715,-0.6356667718317577
0.6364312267657992,-1.3719503925468937
0.6364931846344486,0.8942016352612127
0.6365551425030979,2.1284664242920757
0.6366171003717472,0.7617524708013428
0.6366790582403965,-0.545592268693535
0.6367410161090459,-0.09595823964838232
0.6368029739776951,0.6825632713340499
0.6368649318463445,0.6160977352811048
0.6369268897149938,0.4936300083810319
0.6369888475836432,0.7030265006342045
0.6370508054522924,0.3563511378105604
0.6371127633209418,-0.31390893746183113
0.6371747211895911,0.33539315219695176
0.6372366790582404,1.9843356162579824
0.6372986369268897,1.8006561748782277
0.6373605947955391,-0.7058027408058063
0.6374225526641883,-1.6377774161919993
0.6374845105328377,1.1802971809453862
0.637546468401487,3.456984549722536
0.6376084262701363,0.8263391507836824
0.6376703841387856,-2.9772832931938065
0.6377323420074349,-1.3310104195258399
0.6377942998760843,3.6927492607814267
0.6378562577447335,3.7705787489755354
0.6379182156133829,-1.5702490742485917
0.6379801734820322,-3.401436186214204
0.6380421313506816,1.5860184959648906
0.6381040892193308,5.07861228701166
0.6381660470879802,1.1932604664661697
0.6382280049566295,-3.513027280967945
0.6382899628252788,-1.4035309717091373
0.6383519206939281,3.508235343464661
0.6384138785625775,3.0937013348244875
0.6384758364312267,-1.2801562727734335
0.6385377942998761,-2.2292254285048267
0.6385997521685254,1.0585560964483327
0.6386617100371748,2.9152905202815322
0.638723667905824,1.2406657055005197
0.6387856257744734,-0.571055333752483
0.6388475836431227,-0.3291700408322361
0.638909541511772,0.7270180625652087
0.6389714993804213,1.375927407986537
0.6390334572490707,1.3563660817137784
0.63909541511772,0.2655886857534264
0.6391573729863693,-1.0571651196408447
0.6392193308550186,-0.36863738700567955
0.6392812887236679,1.9878841145159982
0.6393432465923172,2.324942815997177
0.6394052044609665,-0.3509792659936741
0.6394671623296159,-1.7761981508850855
0.6395291201982651,0.6980029568163284
0.6395910780669145,3.2030024745662296
0.6396530359355638,1.5808067126036836
0.6397149938042132,-1.6243986630017906
0.6397769516728624,-1.404527596969971
0.6398389095415118,1.606091403929854
0.6399008674101611,2.5674031968189315
0.6399628252788104,0.24459461408593897
0.6400247831474597,-1.6085753772830993
0.6400867410161091,-0.39390453227722044
0.6401486988847583,1.8482093399383341
0.6402106567534077,1.985291047320041
0.640272614622057,0.1735027518385004
0.6403345724907064,-0.8695838560908109
0.6403965303593556,0.12831621984283081
0.640458488228005,1.4418755135667416
0.6405204460966543,1.1363173085848604
0.6405824039653036,-0.09600170445536615
0.6406443618339529,-0.3646822709958857
0.6407063197026023,0.2721395197608207
0.6407682775712515,0.40676327418895286
0.6408302354399009,0.22659146197344118
0.6408921933085502,0.8354666529249033
0.6409541511771994,1.249382413879263
0.6410161090458488,-0.10431576821709526
0.6410780669144981,-1.353498932902713
0.6411400247831475,0.4654427484100411
0.6412019826517967,3.1247594337889266
0.6412639405204461,1.5160179317969105
0.6413258983890954,-2.933410139688053
0.6413878562577447,-2.8106810261059807
0.641449814126394,2.7585719637146466
0.6415117719950434,4.846928261173641
0.6415737298636927,-0.8999023586662815
0.641635687732342,-5.54553115861834
0.6416976456009913,-0.7752051684555636
0.6417596034696407,6.331771500278818
0.6418215613382899,3.9025115535351427
0.6418835192069393,-4.684506626971059
0.6419454770755886,-5.4070487351708305
0.642007434944238,3.242489704750345
0.6420693928128872,7.1100847552968505
0.6421313506815366,-0.4310584128274677
0.6421933085501859,-7.213746978823872
0.6422552664188352,-2.1721709582184925
0.6423172242874845,6.41487719077649
0.6423791821561339,4.648165581914781
0.6424411400247831,-4.257267983791119
0.6425030978934325,-5.744299294507547
0.6425650557620818,2.1853798503443636
0.642627013630731,6.517367586459675
0.6426889714993804,0.8319771927550872
0.6427509293680297,-5.306521139223427
0.6428128872366791,-2.769296712180498
0.6428748451053283,3.456462923339042
0.6429368029739777,3.839140146157975
0.642998760842627,-1.1606935228648008
0.6430607187112763,-3.8258396124562637
0.6431226765799256,-1.1938327645477254
0.643184634448575,2.5018233110958703
0.6432465923172243,2.8131851508368784
0.6433085501858736,-0.1877100500642208
0.6433705080545229,-2.8790886220109053
0.6434324659231723,-1.7959759207148633
0.6434944237918215,2.124790935555526
0.6435563816604709,3.452891149409801
0.6436183395291202,-0.49674227178399843
0.6436802973977696,-4.300875424803788
0.6437422552664188,-1.76831497338568
0.6438042131350682,3.543317069491391
0.6438661710037175,3.0831760028531847
0.6439281288723668,-2.544486418135252
0.6439900867410161,-4.038067001195239
0.6440520446096655,1.0873974865673277
0.6441140024783147,4.220319081556165
0.6441759603469641,0.2996223491000346
0.6442379182156134,-3.7930457030779015
0.6442998760842626,-1.340224031365312
0.644361833952912,2.9497526901022013
0.6444237918215613,1.6165781489796829
0.6444857496902107,-2.7534329318178976
0.6445477075588599,-2.5180451510471444
0.6446096654275093,1.7476499471635158
0.6446716232961586,2.5874027709880694
0.644733581164808,-1.3720469029428817
0.6447955390334572,-3.1596575229252633
0.6448574969021066,0.5359804579971255
0.6449194547707559,3.5073419802015953
0.6449814126394052,0.38952211299473327
0.6450433705080545,-3.859691438388901
0.6451053283767039,-1.8242451275678782
0.6451672862453531,3.403058125166433
0.6452292441140025,2.595681474747601
0.6452912019826518,-3.5713877145320887
0.6453531598513012,-4.4020799268822515
0.6454151177199504,2.4339206374613696
0.6454770755885998,5.328146561894771
0.6455390334572491,-1.591221286510658
0.6456009913258984,-6.623796516351056
0.6456629491945477,-0.018868480904234708
0.6457249070631971,7.415837612185965
0.6457868649318463,1.8777351080843419
0.6458488228004957,-8.002649792709846
0.645910780669145,-4.634936552259027
0.6459727385377944,6.987872060985029
0.6460346964064436,6.466395088470039
0.6460966542750929,-6.026672715440034
0.6461586121437423,-8.84232052524171
0.6462205700123915,3.313668959321528
0.6462825278810409,9.530225505672531
0.6463444857496902,-0.7590417887667675
0.6464064436183395,-9.414910874259729
0.6464684014869888,-1.807494626548233
0.6465303593556382,8.097352049993294
0.6465923172242874,3.3882267699343864
0.6466542750929368,-6.65986357174072
0.6467162329615861,-4.705434109351886
0.6467781908302355,4.360008270805354
0.6468401486988847,4.309880087823194
0.6469021065675341,-3.372311657062185
0.6469640644361834,-4.396435743291697
0.6470260223048327,2.0830277269340924
0.647087980173482,3.9029924636406483
0.6471499380421314,-1.3479000106424
0.6472118959107807,-3.6240899378016866
0.64727385377943,0.5379313956049836
0.6473358116480793,3.1772439280644
0.6473977695167287,0.11033568025309859
0.6474597273853779,-2.9116619565198
0.6475216852540273,-1.3792036625336117
0.6475836431226766,1.4394496945493533
0.647645600991326,1.4948955453269346
0.6477075588599752,-0.39576621040165844
0.6477695167286245,-1.625972735256843
0.6478314745972739,-1.1112219122464564
0.6478934324659231,0.8268966372117581
0.6479553903345725,2.2153849640338845
0.6480173482032218,0.6130813475521897
0.6480793060718711,-2.536148191888232
0.6481412639405204,-2.288717827150064
0.6482032218091698,1.805058966915623
0.648265179677819,3.310070141071653
0.6483271375464684,-0.9407909226280551
0.6483890954151177,-4.391061647038857
0.6484510532837671,-0.9477906514043769
0.6485130111524163,4.209425227515727
0.6485749690210657,2.564447277483536
0.648636926889715,-3.364152373657949
0.6486988847583643,-3.782587994121801
0.6487608426270136,2.1400563830559403
0.648822800495663,4.719558178101545
0.6488847583643123,-0.3387636556304511
0.6489467162329616,-4.913643816339029
0.6490086741016109,-1.7388336608811654
0.6490706319702603,3.9563685913309063
0.6491325898389095,3.106652560912372
0.6491945477075589,-2.73217198574776
0.6492565055762082,-4.233995959234875
0.6493184634448576,0.8211734744728296
0.6493804213135068,4.472151900443196
0.6494423791821561,1.3519572572441998
0.6495043370508055,-3.381586779024378
0.6495662949194547,-2.639864718990883
0.6496282527881041,1.927781229453442
0.6496902106567534,3.293249706315623
0.6497521685254027,-0.17985493549599985
0.649814126394052,-3.1225727338858897
0.6498760842627014,-1.585345236068485
0.6499380421313506,1.8246432483604411
0.65,2.37415273382644
0.6500619578686493,-0.32984062987223717
0.6501239157372987,-2.3133281497770364
0.6501858736059479,-0.7801329720868125
0.6502478314745973,2.0715239995339414
0.6503097893432466,1.992488126946424
0.650371747211896,-1.057112333235643
0.6504337050805452,-2.392190748936409
0.6504956629491946,0.2114050807606192
0.6505576208178439,2.452150292353595
0.6506195786864932,0.3262734106255052
0.6506815365551425,-2.6624728481347857
0.6507434944237919,-1.0806462345167533
0.6508054522924411,2.63282832816246
0.6508674101610905,1.8951784328477492
0.6509293680297398,-2.208029251091257
0.6509913258983892,-2.327435836012408
0.6510532837670384,2.008819188609259
0.6511152416356877,3.1371779453068007
0.6511771995043371,-1.1064455906600934
0.6512391573729863,-3.364955058128694
0.6513011152416357,0.09397819952075592
0.651363073110285,2.918910941282834
0.6514250309789343,0.413326655552759
0.6514869888475836,-2.4100528915283634
0.651548946716233,-0.6921033424945516
0.6516109045848822,1.7302839254888402
0.6516728624535316,0.5143746434328792
0.6517348203221809,-1.0964896705045235
0.6517967781908303,0.4020914239834883
0.6518587360594795,1.4849702547457049
0.6519206939281289,-0.8798682653520818
0.6519826517967782,-2.259687385492925
0.6520446096654275,0.8004438484471799
0.6521065675340768,3.006355668838099
0.6521685254027262,-0.4211049372180353
0.6522304832713754,-3.9797673201237096
0.6522924411400248,-0.9806354428832622
0.6523543990086741,4.0008732638390185
0.6524163568773235,2.449030791624688
0.6524783147459727,-3.196874319431188
0.6525402726146221,-3.463602930557725
0.6526022304832714,2.038037512076185
0.6526641883519207,4.09205277285859
0.65272614622057,-0.5894338636239276
0.6527881040892193,-4.255801770213077
0.6528500619578687,-1.1908868868391496
0.6529120198265179,3.302498797569883
0.6529739776951673,2.0008061059912694
0.6530359355638166,-2.715976467519961
0.6530978934324659,-3.097530633006082
0.6531598513011152,1.4909597765860698
0.6532218091697646,3.64795494108776
0.6532837670384138,-0.19729937671397346
0.6533457249070632,-3.896229060963663
0.6534076827757125,-1.3051881661579603
0.6534696406443619,3.508322388809174
0.6535315985130111,2.4610593514078642
0.6535935563816605,-3.157093576391167
0.6536555142503098,-4.236451340363661
0.6537174721189591,1.2250295143914287
0.6537794299876084,4.430631834067172
0.6538413878562578,0.16259834690057495
0.653903345724907,-4.553262229933115
0.6539653035935564,-2.123614741344266
0.6540272614622057,3.3004558800101957
0.6540892193308551,3.1623609327847784
0.6541511771995043,-1.7458076357888086
0.6542131350681537,-3.687022565974495
0.654275092936803,-0.5712567531438189
0.6543370508054523,2.276741017712447
0.6543990086741016,1.2997699365508353
0.6544609665427509,-1.3500082873147152
0.6545229244114003,-2.431265068206028
0.6545848822800495,-1.117535594117328
0.6546468401486989,1.3396315949260638
0.6547087980173482,2.2356246954685717
0.6547707558859975,-0.2531314468588266
0.6548327137546468,-3.273580284513964
0.6548946716232962,-1.8613698348142864
0.6549566294919454,2.6493826097945163
0.6550185873605948,2.9405460966476933
0.6550805452292441,-2.357316307375791
0.6551425030978935,-4.8692067228089595
0.6552044609665427,0.03631523916342294
0.6552664188351921,4.480400119793265
0.6553283767038414,0.8036060408976449
0.6553903345724907,-4.943153103906495
0.65545229244114,-2.875009224877394
0.6555142503097894,3.6577815520762123
0.6555762081784386,3.590424773112069
0.655638166047088,-2.9078212829808914
0.6557001239157373,-4.832014624609085
0.6557620817843867,0.7832436068217832
0.6558240396530359,4.1836498920648
0.6558859975216853,-0.181568499442206
0.6559479553903346,-4.703294071843743
0.656009913258984,-2.0844811833209276
0.6560718711276332,2.8112012273962357
0.6561338289962825,2.069935008247625
0.6561957868649319,-2.2841207939594232
0.6562577447335811,-2.90998944130761
0.6563197026022305,0.48741667870911654
0.6563816604708798,1.974610016830274
0.6564436183395291,-0.21818940629341066
0.6565055762081784,-1.9604409011982695
0.6565675340768278,-0.9862984676940265
0.656629491945477,0.2517340229919629
0.6566914498141264,-0.16999510705274284
0.6567534076827757,-0.8575581165474802
0.6568153655514251,-0.5217097131588054
0.6568773234200743,-0.1366384610694955
0.6569392812887237,-0.5319385383645798
0.657001239157373,-0.808621444535419
0.6570631970260223,-0.22850446502782762
0.6571251548946716,0.3946011827618796
0.657187112763321,0.04660602140814851
0.6572490706319702,-0.9818841292201903
0.6573110285006196,-1.4383425591606414
0.6573729863692689,-0.5686602982357087
0.6574349442379183,0.6812259207161104
0.6574969021065675,0.3762115423732253
0.6575588599752169,-1.5283995175425509
0.6576208178438662,-2.2060359179051363
0.6576827757125155,-0.05094089899242546
0.6577447335811648,1.9012232020415791
0.6578066914498141,0.3160713934495879
0.6578686493184634,-2.4051845677652084
0.6579306071871127,-1.654493172976455
0.6579925650557621,1.2480008984499966
0.6580545229244114,1.1334123791707482
0.6581164807930607,-1.645224704390194
0.65817843866171,-1.8945899645847493
0.6582403965303594,0.502517506739392
0.6583023543990086,0.4673447611275141
0.658364312267658,-1.9124464289354586
0.6584262701363073,-1.1760264209494689
0.6584882280049567,2.061324063630446
0.6585501858736059,1.0532290010882492
0.6586121437422553,-3.465400142040969
0.6586741016109046,-2.744055789046715
0.6587360594795539,3.3187296567479327
0.6587980173482032,3.733281839474953
0.6588599752168526,-3.7048512867853427
0.6589219330855018,-6.242011773171363
0.6589838909541512,1.616977303641804
0.6590458488228005,6.584011867431512
0.6591078066914499,-0.6968178528397866
0.6591697645600991,-7.925544577505963
0.6592317224287485,-1.9899678884204854
0.6592936802973978,7.274353374249323
0.6593556381660471,3.6524029298161507
0.6594175960346964,-6.7814928487798065
0.6594795539033457,-5.899453850735929
0.659541511771995,4.83480675459452
0.6596034696406443,6.849131996054367
0.6596654275092937,-3.3965477919225013
0.659727385377943,-8.500642575493211
0.6597893432465923,0.05892883853844344
0.6598513011152416,7.881189275520127
0.659913258983891,2.193814100928448
0.6599752168525402,-7.331122258117342
0.6600371747211896,-5.181505687317713
0.6600991325898389,4.932808951479534
0.6601610904584883,6.880859081492947
0.6602230483271375,-2.053512975684514
0.6602850061957869,-7.666591902876754
0.6603469640644362,-1.542921034056461
0.6604089219330855,6.364742966885961
0.6604708798017348,3.845103522691106
0.6605328376703842,-4.77594667046675
0.6605947955390334,-5.991993057703427
0.6606567534076828,1.691175750839868
0.6607187112763321,6.00959234488461
0.6607806691449815,0.6834151340313532
0.6608426270136307,-5.172693314149855
0.6609045848822801,-2.4012809367712262
0.6609665427509294,3.784252727417289
0.6610285006195787,3.3179729996119627
0.661090458488228,-2.2679870835993023
0.6611524163568773,-3.545974557303518
0.6612143742255266,0.820443760527409
0.6612763320941759,2.981454522693875
0.6613382899628253,-0.2125292803943415
0.6614002478314746,-2.740938464567198
0.6614622057001239,-0.44898759440763203
0.6615241635687732,2.40551212754639
0.6615861214374226,1.1522639061616622
0.6616480793060718,-1.6527430075453788
0.6617100371747212,-1.2352584418455512
0.6617719950433705,1.4296846913139225
0.6618339529120199,1.7900500780653599
0.6618959107806691,-0.6173017441384505
0.6619578686493185,-1.764498996572397
0.6620198265179678,0.03697555483296777
0.6620817843866171,1.5779878101561384
0.6621437422552664,0.3832175652251124
0.6622057001239158,-1.1513407141246796
0.662267657992565,-0.16857585341689196
0.6623296158612144,1.45301665618977
0.6623915737298637,0.6009564116189212
0.6624535315985131,-1.0312101209969207
0.6625154894671623,0.03385922555316245
0.6625774473358117,2.0083415701958973
0.662639405204461,0.6639952822066513
0.6627013630731103,-2.1446505446626767
0.6627633209417596,-0.9930778699141929
0.6628252788104089,2.6462387597304073
0.6628872366790582,2.059563555625754
0.6629491945477075,-2.177917743783035
0.6630111524163569,-2.303298603015358
0.6630731102850062,2.371404706800269
0.6631350681536555,3.4786391443898297
0.6631970260223048,-1.0538458301855587
0.6632589838909542,-2.7878473810286577
0.6633209417596034,1.4740410628388914
0.6633828996282528,3.478108911776729
0.6634448574969021,-0.7511473834389242
0.6635068153655515,-3.072718632779439
0.6635687732342007,1.1613854359491356
0.6636307311028501,3.8313112624013503
0.6636926889714994,-0.4582888495683375
0.6637546468401487,-3.6134172069210093
0.663816604708798,0.7244273163802495
0.6638785625774474,4.755870551723655
0.6639405204460966,1.0097447210043402
0.664002478314746,-3.597960398085842
0.6640644361833953,-0.7962118925288653
0.6641263940520447,3.8553950846009757
0.6641883519206939,1.9765921083000935
0.6642503097893433,-2.2837569836282703
0.6643122676579926,-1.195270983955321
0.6643742255266419,2.1118440772592235
0.6644361833952912,1.1529771887400986
0.6644981412639405,-1.1091369725847693
0.6645600991325898,0.5471359812595797
0.6646220570012391,2.4311585099220263
0.6646840148698885,-0.061348476241220196
0.6647459727385377,-2.1078833538755415
0.6648079306071871,1.1654656474024794
0.6648698884758364,3.970637297601206
0.6649318463444858,0.35142792222060026
0.664993804213135,-3.6552075836200206
0.6650557620817844,-0.619104906639786
0.6651177199504337,4.2220664746613545
0.665179677819083,2.2944901788352876
0.6652416356877323,-2.7745083761301
0.6653035935563817,-2.067525212400112
0.665365551425031,2.7324825330067206
0.6654275092936803,3.3099043470903995
0.6654894671623296,-0.4643754996336307
0.665551425030979,-1.7946967364621687
0.6656133828996282,0.6083477258074963
0.6656753407682776,2.0122963579040367
0.6657372986369269,0.8665852370375542
0.6657992565055763,-0.2408724563749962
0.6658612143742255,-0.36578701887983733
0.6659231722428749,-0.1816067260675135
0.6659851301115242,0.8213950056180492
0.6660470879801735,2.0475490358085064
0.6661090458488228,0.9222091802295567
0.6661710037174721,-1.6902572205949622
0.6662329615861214,-1.0033941316623276
0.6662949194547707,2.9494864563862127
0.6663568773234201,3.476986823524384
0.6664188351920693,-1.3302618686330574
0.6664807930607187,-3.79566091240899
0.666542750929368,0.7073629630547946
0.6666047087980174,4.991722795558502
0.6666666666666666,1.7255715613174507
0.666728624535316,-3.919134437073158
0.6667905824039653,-2.7028475141489934
0.6668525402726146,3.415369273615539
0.6669144981412639,4.761165414260094
0.6669764560099133,-0.4038594668574076
0.6670384138785626,-3.81036876232157
0.6671003717472119,-0.6000984655883874
0.6671623296158612,3.845027817761488
0.6672242874845106,2.9119735762508077
0.6672862453531598,-1.5924241875145944
0.6673482032218092,-2.9498133225639847
0.6674101610904585,0.4222660393939828
0.6674721189591079,3.211094209855517
0.6675340768277571,1.4905091337922913
0.6675960346964065,-1.6278394613622214
0.6676579925650558,-1.2783824856495682
0.6677199504337051,1.5206603599675563
0.6677819083023544,2.103880593083257
0.6678438661710037,0.09070301987599061
0.667905824039653,-0.7001933780666398
0.6679677819083023,0.48749746328478794
0.6680297397769517,0.640562585123774
0.668091697645601,-0.4424023106070434
0.6681536555142503,0.12940142262427135
0.6682156133828996,1.6288447989125416
0.668277571251549,0.43335926106029665
0.6683395291201982,-1.965606335671284
0.6684014869888476,-0.4588322618129198
0.6684634448574969,3.3176852004573747
0.6685254027261462,2.310170782379051
0.6685873605947955,-2.6949079865245986
0.6686493184634449,-2.847515459328653
0.6687112763320942,2.8591233507905645
0.6687732342007435,4.447950952851827
0.6688351920693928,-1.5113119412578429
0.6688971499380422,-4.908475619464191
0.6689591078066914,0.34373709226533156
0.6690210656753408,5.248760967648321
0.6690830235439901,1.4855533488268247
0.6691449814126395,-4.164072601327115
0.6692069392812887,-2.1692362423658538
0.6692688971499381,3.497412920253417
0.6693308550185874,3.4041371861855407
0.6693928128872367,-1.3054917891645363
0.669454770755886,-2.718133046680402
0.6695167286245353,0.12175165391507425
0.6695786864931846,1.922853834440354
0.6696406443618339,1.011672059048949
0.6697026022304833,-0.28005360817962455
0.6697645600991325,-1.0976182783358341
0.6698265179677819,-1.248711692995045
0.6698884758364312,0.5929902784444474
0.6699504337050806,2.8894550769425154
0.6700123915737298,1.3350034557921138
0.6700743494423792,-2.8956521126356316
0.6701363073110285,-2.692212305462666
0.6701982651796778,2.745143364939138
0.6702602230483271,4.524469067835253
0.6703221809169765,-1.2262184936708427
0.6703841387856257,-5.422957469364681
0.6704460966542751,-0.777125817021683
0.6705080545229244,5.292835578271061
0.6705700123915738,2.7415972378449776
0.670631970260223,-4.177455947987546
0.6706939281288724,-4.074035908380555
0.6707558859975217,2.7132666090687954
0.670817843866171,5.142420025723535
0.6708798017348203,-0.34089642804087283
0.6709417596034697,-4.719086841285819
0.671003717472119,-1.384517636308483
0.6710656753407683,3.859145876830171
0.6711276332094176,2.7016347338497306
0.6711895910780669,-2.7014576649472937
0.6712515489467162,-3.677372790118678
0.6713135068153655,1.1445399360360242
0.6713754646840149,3.8764855314555913
0.6714374225526641,0.17201400352317964
0.6714993804213135,-3.6401409418191735
0.6715613382899628,-0.9887992554909405
0.6716232961586122,3.665989574587228
0.6716852540272614,2.09349980409323
0.6717472118959108,-3.291416110080473
0.6718091697645601,-3.01205959104945
0.6718711276332094,2.781897829369258
0.6719330855018587,3.7777388572177775
0.6719950433705081,-2.3991369328860475
0.6720570012391573,-5.042856841207891
0.6721189591078067,1.1520187376135729
0.672180916976456,5.848887913627147
0.6722428748451054,0.4978062623473458
0.6723048327137546,-6.096072931899592
0.672366790582404,-2.2868561178800126
0.6724287484510533,5.9211904929148655
0.6724907063197026,4.438181408087724
0.6725526641883519,-4.744844286195183
0.6726146220570013,-6.345203132320508
0.6726765799256506,2.5007659614789026
0.6727385377942999,7.110468626235989
0.6728004956629492,-0.28366764506588393
0.6728624535315985,-7.4525960730192535
0.6729244114002478,-2.4443224147530804
0.6729863692688971,6.557343951808354
0.6730483271375465,4.7936053588602405
0.6731102850061957,-4.671686431626641
0.6731722428748451,-6.176004420533441
0.6732342007434944,2.5279056103649675
0.6732961586121438,6.784352739448622
0.673358116480793,-0.3397853182038202
0.6734200743494424,-6.733044219300373
0.6734820322180917,-1.960452282720412
0.673543990086741,5.430795469457189
0.6736059479553903,3.0946756111362874
0.6736679058240397,-4.2284850297105665
0.673729863692689,-3.8298927246199024
0.6737918215613383,2.905013694358673
0.6738537794299876,4.036716928356278
0.673915737298637,-1.611495283792666
0.6739776951672862,-3.5744034195871497
0.6740396530359356,0.9001667103761877
0.6741016109045849,2.9962691122470715
0.6741635687732342,-0.7314589919554606
0.6742255266418835,-2.8491991118084803
0.6742874845105329,0.2952201310559544
0.6743494423791822,2.3212900768134808
0.6744114002478315,-0.41212751340511034
0.6744733581164808,-2.2889702333352595
0.6745353159851301,0.31209519949356124
0.6745972738537794,2.376773483862141
0.6746592317224287,0.15016394069848782
0.6747211895910781,-2.095066299650704
0.6747831474597273,-0.46794622901354893
0.6748451053283767,1.7508636708122656
0.674907063197026,0.7304913323292577
0.6749690210656754,-1.4468225986321726
0.6750309789343246,-1.321778114036071
0.675092936802974,0.40849478482236834
0.6751548946716233,1.1966212440896702
0.6752168525402726,0.41646070509805755
0.6752788104089219,-0.9073419130178935
0.6753407682775713,-1.2138373671462928
0.6754027261462205,0.4504263812726539
0.6754646840148699,2.1604479672192616
0.6755266418835192,0.6715960690472671
0.6755885997521686,-2.5440070869853564
0.6756505576208178,-1.9892155334928443
0.6757125154894672,2.230207481962969
0.6757744733581165,2.912296069221438
0.6758364312267658,-1.8486567791025714
0.6758983890954151,-3.9946688276331006
0.6759603469640645,0.6787089019494025
0.6760223048327137,4.299474735560944
0.6760842627013631,0.5843854742806464
0.6761462205700124,-3.7842765000302427
0.6762081784386617,-1.273032124550137
0.676270136307311,3.1160571023848083
0.6763320941759603,1.6530104142946331
0.6763940520446097,-2.2274449102134724
0.6764560099132589,-1.5251624030861257
0.6765179677819083,1.2833007925052626
0.6765799256505576,0.49284944694931876
0.676641883519207,-1.3969151235934156
0.6767038413878562,0.15817533848629428
0.6767657992565056,1.8031894958767367
0.6768277571251549,-0.5617724278797567
0.6768897149938042,-2.4600375405438326
0.6769516728624535,0.6140855246495467
0.6770136307311029,3.3559551469155333
0.6770755885997521,0.14866918632423864
0.6771375464684015,-3.7087362552563947
0.6771995043370508,-1.3175321356463479
0.6772614622057002,3.0773131042346935
0.6773234200743494,1.8771460432019507
0.6773853779429988,-2.406971675658376
0.6774473358116481,-2.4840072511133706
0.6775092936802974,0.9861400286239975
0.6775712515489467,2.1468756725198697
0.6776332094175961,0.3151910252225223
0.6776951672862453,-1.0261982058038561
0.6777571251548947,-0.9792516221044174
0.677819083023544,-0.364780305179631
0.6778810408921933,0.9991187110007462
0.6779429987608426,1.6810159995527543
0.6780049566294919,-0.6604147536164664
0.6780669144981413,-3.2762346960333337
0.6781288723667905,-0.973724300529351
0.6781908302354399,3.5647720079964396
0.6782527881040892,2.324587703263121
0.6783147459727386,-3.502928732845004
0.6783767038413878,-3.8732423534748635
0.6784386617100372,2.5423612569403735
0.6785006195786865,4.960703594477802
0.6785625774473358,-0.9462551692429302
0.6786245353159851,-5.301749437137449
0.6786864931846345,-1.1340773623604128
0.6787484510532837,4.157092618744853
0.6788104089219331,2.2058041362551
0.6788723667905824,-2.98485631103509
0.6789343246592318,-3.381542279520876
0.678996282527881,0.4892097186008611
0.6790582403965304,2.764887683679421
0.6791201982651797,1.372829695480551
0.679182156133829,-1.4526969271288444
0.6792441140024783,-2.7726747351022683
0.6793060718711277,-0.712220292974068
0.679368029739777,2.868157862135139
0.6794299876084263,2.5257325219724946
0.6794919454770756,-2.566295977721931
0.6795539033457249,-4.726186407796334
0.6796158612143742,0.47963570680940193
0.6796778190830235,4.938489893072288
0.6797397769516729,0.7165773471214761
0.6798017348203221,-5.260084058384869
0.6798636926889715,-2.4863005100822893
0.6799256505576208,4.268162144401333
0.6799876084262702,3.1840294512191765
0.6800495662949194,-3.430924198435611
0.6801115241635688,-3.739927486833316
0.6801734820322181,2.0298780206007785
0.6802354399008674,2.9568521674348682
0.6802973977695167,-2.006345815430058
0.6803593556381661,-3.184333213568047
0.6804213135068153,0.9787342021860651
0.6804832713754647,1.9890838303170986
0.680545229244114,-1.6047329503271075
0.6806071871127634,-2.11539550193261
0.6806691449814126,1.4745039954303945
0.680731102850062,1.7137751427963257
0.6807930607187113,-2.106789600321557
0.6808550185873606,-2.3606849817997917
0.6809169764560099,1.7431652898209884
0.6809789343246593,2.232265518139254
0.6810408921933085,-2.3060325875590153
0.6811028500619579,-3.674633303163345
0.6811648079306072,0.7891799188760862
0.6812267657992565,3.2778227699842795
0.6812887236679058,-0.44580232334131553
0.6813506815365551,-3.8783271436706976
0.6814126394052045,-1.3945195551916725
0.6814745972738537,2.711491935208009
0.6815365551425031,2.1014809579974525
0.6815985130111524,-1.8439977322912862
0.6816604708798017,-3.285153480537492
0.681722428748451,-0.6173492407978634
0.6817843866171004,2.208162367736021
0.6818463444857497,1.3623952857415762
0.681908302354399,-2.0933378478941522
0.6819702602230483,-3.4201838482268165
0.6820322180916977,-0.4233234456475776
0.6820941759603469,2.8524344722902906
0.6821561338289963,1.4568135278589498
0.6822180916976456,-2.6815720180524423
0.682280049566295,-3.216434399427673
0.6823420074349442,0.6810673196765527
0.6824039653035936,2.946058635617347
0.6824659231722429,0.2295062336187899
0.6825278810408922,-3.2323907317088674
0.6825898389095415,-2.5934444852450733
0.6826517967781909,0.8004802718475476
0.6827137546468401,2.248706925315802
0.6827757125154895,0.06089076607773977
0.6828376703841388,-2.8944656436031626
0.682899628252788,-2.6218392768206558
0.6829615861214374,1.1219356816515864
0.6830235439900867,3.3693370959367415
0.6830855018587361,0.08521413108011777
0.6831474597273853,-4.549080309125182
0.6832094175960347,-2.936508217986437
0.683271375464684,3.2133776680115886
0.6833333333333333,3.861757286171348
0.6833952912019826,-2.871028721030605
0.683457249070632,-6.159766839236798
0.6835192069392813,-0.1576506312905639
0.6835811648079306,5.4643002012595225
0.6836431226765799,1.4986133637559438
0.6837050805452293,-5.24733257677202
0.6837670384138785,-3.759178547613725
0.6838289962825279,2.888315789023359
0.6838909541511772,3.8396642068189086
0.6839529120198266,-1.4441336946836687
0.6840148698884758,-4.182582350819875
0.6840768277571252,-1.3460713338265535
0.6841387856257745,1.701671421231406
0.6842007434944238,1.344128394707152
0.6842627013630731,-0.6886560803126041
0.6843246592317225,-2.144997811964831
0.6843866171003717,-1.9780309581631257
0.6844485749690211,0.3534777583385301
0.6845105328376704,2.6228997377712777
0.6845724907063196,0.9123086590524141
0.684634448574969,-3.3367779089426333
0.6846964064436183,-3.3718506031137774
0.6847583643122677,1.7903195182992273
0.6848203221809169,3.986050965639504
0.6848822800495663,-1.0410092435192604
0.6849442379182156,-5.5110675470611925
0.685006195786865,-1.8864418305530566
0.6850681536555142,4.29090411094733
0.6851301115241636,3.1233051963560596
0.6851920693928129,-3.5152409710955825
0.6852540272614622,-5.015623565086967
0.6853159851301115,1.0281993631249184
0.6853779429987609,5.193438544321074
0.6854399008674101,0.9992434861893271
0.6855018587360595,-5.205205767655731
0.6855638166047088,-3.967880265263017
0.6856257744733582,2.898180294598163
0.6856877323420074,4.878267912458636
0.6857496902106568,-1.273220038852704
0.6858116480793061,-6.156407224632016
0.6858736059479554,-1.968091642219276
0.6859355638166047,5.009533528392677
0.6859975216852541,3.910895054642743
0.6860594795539033,-3.442010015549761
0.6861214374225527,-5.388069043124947
0.686183395291202,0.8391731973951458
0.6862453531598512,5.066635092861478
0.6863073110285006,0.9827827744198734
0.6863692688971499,-4.386215828743897
0.6864312267657993,-2.9974872698453883
0.6864931846344485,1.9620812442772464
0.6865551425030979,2.8348958599140244
0.6866171003717472,-0.5224226028019759
0.6866790582403965,-2.4833807471812968
0.6867410161090458,-0.9202261899457898
0.6868029739776952,1.2619870677200906
0.6868649318463445,1.4302173727442364
0.6869268897149938,-0.07902201231568906
0.6869888475836431,-1.3217187002482575
0.6870508054522925,-0.8555589391961185
0.6871127633209417,0.6088682581845474
0.6871747211895911,0.8147138452165736
0.6872366790582404,-0.5854210658699334
0.6872986369268897,-1.0879021945827825
0.687360594795539,0.2899984980738979
0.6874225526641884,0.938612419770949
0.6874845105328377,-0.4148761203532487
0.687546468401487,-0.9254993115576127
0.6876084262701363,0.8451719998737797
0.6876703841387857,1.5664011169485499
0.6877323420074349,-0.6177081540817073
0.6877942998760843,-1.9197185418403278
0.6878562577447336,0.279179567324655
0.687918215613383,2.1427289301318675
0.6879801734820322,0.21198842022961362
0.6880421313506815,-2.1483842379886697
0.6881040892193309,-0.8459567896525573
0.6881660470879801,1.7448408846099055
0.6882280049566295,1.463473702075014
0.6882899628252788,-0.5726854432674672
0.6883519206939281,-0.9614492939049644
0.6884138785625774,0.1867732617784542
0.6884758364312268,0.9019162640452463
0.688537794299876,0.878549644977755
0.6885997521685254,0.2653623765442268
0.6886617100371747,-1.007836224016344
0.6887236679058241,-1.226069070352602
0.6887856257744733,0.9632073561604664
0.6888475836431227,2.4606938515475916
0.688909541511772,-0.029072468188088507
0.6889714993804213,-2.83910363423083
0.6890334572490706,-0.45911297079250923
0.68909541511772,3.8219592938974247
0.6891573729863693,2.383952703749703
0.6892193308550186,-2.8855650541620785
0.6892812887236679,-2.9191571907411284
0.6893432465923173,2.5431375366410323
0.6894052044609665,4.079044642504208
0.6894671623296159,-0.917206760697636
0.6895291201982652,-3.861016347375547
0.6895910780669146,-0.1383293031205533
0.6896530359355638,3.631043582676366
0.6897149938042131,1.7969533783549108
0.6897769516728625,-1.646785773383988
0.6898389095415117,-1.4232403965149736
0.6899008674101611,0.9432762602044371
0.6899628252788104,1.8508817940215665
0.6900247831474597,1.2029990202702656
0.690086741016109,0.04627908429488237
0.6901486988847584,-1.2790973009740854
0.6902106567534076,-1.1221095122471827
0.690272614622057,1.493172542363339
0.6903345724907063,3.042531633943304
0.6903965303593557,0.15832997875114385
0.6904584882280049,-3.201596816059986
0.6905204460966543,-0.9987321200904626
0.6905824039653036,3.9770087571018635
0.690644361833953,3.5784006510808624
0.6907063197026022,-1.9488532995881789
0.6907682775712516,-3.731911512238547
0.6908302354399009,1.1190597966206184
0.6908921933085502,4.70000627491468
0.6909541511771995,1.3345010214723887
0.6910161090458489,-3.4706862178733378
0.6910780669144981,-2.278945182975777
0.6911400247831475,2.7100986388096273
0.6912019826517968,3.793537040400813
0.6912639405204462,-0.23769443831359416
0.6913258983890954,-2.9081122116318
0.6913878562577447,-0.29836857875929423
0.6914498141263941,3.334828140443138
0.6915117719950433,2.432591729368908
0.6915737298636927,-1.4093993959197473
0.691635687732342,-2.1926240675996853
0.6916976456009913,1.0136224242990202
0.6917596034696406,2.837966608750456
0.69182156133829,0.4842189486314471
0.6918835192069392,-1.8960793481356157
0.6919454770755886,-0.43344158124931786
0.6920074349442379,2.136685584586063
0.6920693928128873,1.621051922152415
0.6921313506815365,-0.5680457544762636
0.6921933085501859,-0.5775368081140807
0.6922552664188352,1.09662546668551
0.6923172242874845,1.2930070757543024
0.6923791821561338,0.05260070321717869
0.6924411400247832,-0.2519045062440237
0.6925030978934325,0.4117827257416993
0.6925650557620818,0.4422359344008663
0.6926270136307311,0.10190208109062393
0.6926889714993805,0.44392317360770006
0.6927509293680297,0.7378428628105187
0.6928128872366791,0.21030306278602762
0.6928748451053284,0.02424147333605653
0.6929368029739778,0.8083032556672105
0.692998760842627,1.0224095810911844
0.6930607187112763,0.08598194251158908
0.6931226765799257,-0.20809184958483318
0.6931846344485749,0.6400512077832752
0.6932465923172243,0.6732909224311006
0.6933085501858736,-0.35449766685246953
0.6933705080545229,-0.17986808836572588
0.6934324659231722,1.1531661570005127
0.6934944237918216,0.8752709435419044
0.6935563816604708,-0.7911851370881404
0.6936183395291202,-0.41171883778799434
0.6936802973977695,1.8327194914052372
0.6937422552664189,1.7415391220537342
0.6938042131350681,-0.942927828678661
0.6938661710037175,-1.4530213687851947
0.6939281288723668,1.20632073343556
0.6939900867410161,2.1343243525619737
0.6940520446096654,-0.3879472772168854
0.6941140024783148,-1.7092852966081566
0.694175960346964,0.3992689034990359
0.6942379182156134,1.8081579217614614
0.6942998760842627,0.188094540991405
0.6943618339529121,-0.8347719001117926
0.6944237918215613,0.7560499841193868
0.6944857496902107,1.4525581050598928
0.69454770755886,-0.4060389511872351
0.6946096654275093,-1.0446370055746657
0.6946716232961586,1.1150857922253816
0.6947335811648079,1.8659072072401046
0.6947955390334573,-0.7047938897385715
0.6948574969021065,-2.086642344376619
0.6949194547707559,0.3856508166696597
0.6949814126394052,2.438498418747157
0.6950433705080545,0.6404106819587638
0.6951053283767038,-1.5940428553939872
0.6951672862453532,-0.5630665397717709
0.6952292441140024,1.4417559943095148
0.6952912019826518,1.1358511827478268
0.6953531598513011,-0.14164795750351722
0.6954151177199505,-0.17780466620099855
0.6954770755885997,-0.02141876635675266
0.6955390334572491,-0.553649615993048
0.6956009913258984,-0.06780638617886803
0.6956629491945477,1.4274058248904882
0.695724907063197,0.909558559611168
0.6957868649318464,-1.6023233061840654
0.6958488228004956,-1.6483461155670613
0.695910780669145,1.7191740656795833
0.6959727385377943,3.0399313024559107
0.6960346964064437,-0.40237460836545447
0.6960966542750929,-3.1264281912247402
0.6961586121437423,-0.43997495980001783
0.6962205700123916,3.2392308326380688
0.696282527881041,1.6458598975158822
0.6963444857496902,-2.6672336032137762
0.6964064436183395,-2.5892461441626384
0.6964684014869889,1.6752027881317875
0.6965303593556381,3.1336065420542383
0.6965923172242875,-0.3813020488735719
0.6966542750929368,-2.95277952840327
0.6967162329615861,-0.46075977301085985
0.6967781908302354,2.9605377491988056
0.6968401486988848,1.8670243943699614
0.696902106567534,-1.915629045057515
0.6969640644361834,-2.511305400781424
0.6970260223048327,0.7580358454147148
0.6970879801734821,2.6760645411639796
0.6971499380421313,0.4229931751346858
0.6972118959107807,-2.3883623869470205
0.69727385377943,-1.614908923643446
0.6973358116480793,1.3575597371752348
0.6973977695167286,2.2842525412145953
0.697459727385378,0.29956504123959515
0.6975216852540272,-1.6330982207688938
0.6975836431226766,-1.2491329631057253
0.6976456009913259,0.6699406812786233
0.6977075588599753,1.8775265416036573
0.6977695167286245,0.9065905609018552
0.6978314745972739,-1.5021322714734298
0.6978934324659232,-2.448545073378772
0.6979553903345725,-0.08358882653273803
0.6980173482032218,2.8460094945380043
0.6980793060718711,1.830887376829481
0.6981412639405205,-2.208100058050044
0.6982032218091697,-3.1231407207989843
0.6982651796778191,0.9998523895232008
0.6983271375464684,3.9899241663322687
0.6983890954151177,1.0310282387539553
0.698451053283767,-3.384692282590919
0.6985130111524164,-2.516317437685961
0.6985749690210656,1.9478913878021407
0.698636926889715,3.0166504322169554
0.6986988847583643,-0.4882697545043647
0.6987608426270137,-2.919108032977719
0.6988228004956629,-1.0245099217008091
0.6988847583643123,1.969595522619616
0.6989467162329616,2.032515919684119
0.6990086741016109,-0.39683000219408193
0.6990706319702602,-1.9282212489060697
0.6991325898389096,-0.6392794520705967
0.6991945477075588,1.7347495834210411
0.6992565055762082,1.7261659836670322
0.6993184634448575,-1.0947446542146326
0.6993804213135069,-2.57433627505756
0.6994423791821561,0.05913086932224443
0.6995043370508055,2.8300773250065134
0.6995662949194548,0.7985315200999038
0.6996282527881041,-2.927704088526742
0.6996902106567534,-1.605121610831529
0.6997521685254027,3.02436020238087
0.699814126394052,2.833845985063406
0.6998760842627013,-2.2476076720715095
0.6999380421313507,-3.3376642021624736
0.7,1.6549855571327607
0.7000619578686493,3.8100392932300875
0.7001239157372986,-0.8751531131422445
0.700185873605948,-4.039452967649767
0.7002478314745972,-0.04670174970247443
0.7003097893432466,3.799870365578776
0.7003717472118959,0.7130693835297883
0.7004337050805453,-3.3062892999755418
0.7004956629491945,-0.8495177361735713
0.7005576208178439,3.331468991046909
0.7006195786864932,1.5193077715550434
0.7006815365551425,-2.720013768060399
0.7007434944237918,-1.5845570920049035
0.7008054522924412,2.510159958073288
0.7008674101610904,1.8950431237754461
0.7009293680297398,-2.1186178206159667
0.7009913258983891,-2.1948783662696076
0.7010532837670385,1.4695321392173284
0.7011152416356877,2.241836926518924
0.7011771995043371,-0.6122297612626251
0.7012391573729864,-1.5723374920792894
0.7013011152416357,0.5065406182398942
0.701363073110285,1.331463847852161
0.7014250309789343,-0.033622404769111824
0.7014869888475836,-0.31071567696069524
0.7015489467162329,0.6415573306669449
0.7016109045848823,-0.04366202230551797
0.7016728624535316,-1.4142003421665312
0.7017348203221809,-0.09556968969424373
0.7017967781908302,2.199684006245362
0.7018587360594796,0.8578194221106078
0.7019206939281288,-2.4538615420137377
0.7019826517967782,-1.6261795043445335
0.7020446096654275,2.686778709014678
0.7021065675340769,3.1529766025616444
0.7021685254027261,-1.4759407810273186
0.7022304832713755,-3.5016664489876206
0.7022924411400248,0.5851812238443963
0.7023543990086741,3.7773539540255863
0.7024163568773234,0.6026269287372926
0.7024783147459728,-3.399058325975731
0.702540272614622,-1.4473614468820317
0.7026022304832714,2.7704715508489066
0.7026641883519207,1.985142391207844
0.7027261462205701,-1.8484617313601222
0.7027881040892193,-1.6250724767148417
0.7028500619578687,1.906560794396207
0.702912019826518,1.9548834281378458
0.7029739776951673,-1.4731521860059402
0.7030359355638166,-1.7078372784075289
0.7030978934324659,1.7748271719794813
0.7031598513011152,2.0934519492506682
0.7032218091697645,-1.900126805707444
0.7032837670384139,-2.783666217544928
0.7033457249070632,1.7063633855084837
0.7034076827757125,3.6564037370790077
0.7034696406443618,-0.8920930423748763
0.7035315985130112,-4.027537758160344
0.7035935563816604,0.24576645618202886
0.7036555142503098,4.745101750418589
0.7037174721189591,1.3806734186296477
0.7037794299876085,-4.300922326593192
0.7038413878562577,-2.5318838230784486
0.7039033457249071,3.5868320417229045
0.7039653035935564,3.4922084931766877
0.7040272614622057,-2.5453091179420757
0.704089219330855,-4.194831755602939
0.7041511771995044,1.1060407277079962
0.7042131350681536,4.331014921923522
0.704275092936803,0.5115365486825535
0.7043370508054523,-3.5840555434229113
0.7043990086741017,-1.4560829891666378
0.7044609665427509,2.9170973029898577
0.7045229244114003,2.520122964629254
0.7045848822800496,-1.6176623094499223
0.7046468401486989,-3.007487580088654
0.7047087980173482,0.07992090057831791
0.7047707558859975,2.6926812059029475
0.7048327137546468,0.9743650008229279
0.7048946716232961,-2.346977669797411
0.7049566294919455,-2.1249594860803662
0.7050185873605948,1.478142050538182
0.7050805452292441,2.9182584898263575
0.7051425030978934,-0.2591034166767272
0.7052044609665428,-3.049301463306773
0.705266418835192,-0.754504807155487
0.7053283767038414,2.857770419804628
0.7053903345724907,1.4691617027010777
0.70545229244114,-2.744127378666776
0.7055142503097893,-2.4867763500976956
0.7055762081784387,1.7768796994663807
0.705638166047088,2.436823979504254
0.7057001239157373,-1.5580134477353258
0.7057620817843866,-2.7479453522809636
0.705824039653036,1.0631397076724807
0.7058859975216852,2.7223892265760075
0.7059479553903346,-0.846411314558706
0.7060099132589839,-2.856911762210823
0.7060718711276333,0.44153385292960956
0.7061338289962825,2.604806504383954
0.7061957868649319,-0.6878179111602627
0.7062577447335812,-3.2820510939900602
0.7063197026022305,-0.23203520184823634
0.7063816604708798,2.727029968899044
0.7064436183395291,0.06115605724983231
0.7065055762081784,-3.08231024591354
0.7065675340768277,-0.7352526007656287
0.7066294919454771,2.6229304494951795
0.7066914498141263,0.7327172705152886
0.7067534076827757,-2.67041941649648
0.706815365551425,-1.2447400164396636
0.7068773234200744,1.9706792336012333
0.7069392812887236,0.6916258004865304
0.707001239157373,-2.6164125445247928
0.7070631970260223,-1.6702834440847787
0.7071251548946716,1.7028464873413456
0.7071871127633209,1.2045699331507045
0.7072490706319703,-2.162009823744532
0.7073110285006196,-2.1876734322469717
0.7073729863692689,1.186033099864207
0.7074349442379182,2.094942444396186
0.7074969021065676,-0.8568435555545308
0.7075588599752168,-2.738780843289023
0.7076208178438662,-0.8368665939928058
0.7076827757125155,1.5749647502564388
0.7077447335811649,0.9184075662314091
0.7078066914498141,-1.7308250906770697
0.7078686493184635,-2.6636570488058706
0.7079306071871128,-0.47508728065558525
0.7079925650557621,1.9786184458809375
0.7080545229244114,1.014618801152751
0.7081164807930607,-2.3253096763048244
0.70817843866171,-2.8231575741425243
0.7082403965303593,0.84394847446174
0.7083023543990087,2.8757091999214897
0.708364312267658,-0.5474247551211484
0.7084262701363073,-4.052229658004724
0.7084882280049566,-1.6395169146465642
0.708550185873606,2.6290163688033537
0.7086121437422552,1.3531569219789357
0.7086741016109046,-3.1450800348993315
0.7087360594795539,-2.9614157733466593
0.7087980173482032,1.3278983123538681
0.7088599752168525,2.1474581025396278
0.7089219330855019,-1.3341472619045742
0.7089838909541512,-2.5609712808220646
0.7090458488228005,-0.016831148577751698
0.7091078066914498,1.0075165959189418
0.7091697645600992,-0.8853328231190798
0.7092317224287484,-1.4528918501753922
0.7092936802973978,-0.030470762070541113
0.7093556381660471,-0.32685879206724233
0.7094175960346965,-1.9170351007371034
0.7094795539033457,-0.8390672881589333
0.7095415117719951,1.5481229107934729
0.7096034696406444,0.3040701543291924
0.7096654275092937,-2.945980004901802
0.709727385377943,-1.9983822821503967
0.7097893432465923,2.084113299340995
0.7098513011152416,1.9974029489131628
0.7099132589838909,-2.5638568677374782
0.7099752168525403,-3.8457800744800252
0.7100371747211895,0.31371340516867585
0.7100991325898389,2.7153077191692945
0.7101610904584882,-0.5235307000793963
0.7102230483271376,-3.6271991178664087
0.7102850061957868,-1.5677396126737881
0.7103469640644362,1.8299341708614714
0.7104089219330855,1.1794647509331695
0.7104708798017348,-1.7813511536717985
0.7105328376703841,-2.1533826382958505
0.7105947955390335,0.06283779911962828
0.7106567534076828,0.9952225942890052
0.7107187112763321,-0.5405828097485121
0.7107806691449814,-1.8767752584462591
0.7108426270136308,-1.12933188364231
0.71090458488228,0.24720672398629606
0.7109665427509294,0.1299259447861611
0.7110285006195787,-1.0433849369616979
0.711090458488228,-1.2298031525601294
0.7111524163568773,-0.15272313748334265
0.7112143742255267,0.373376777357566
0.711276332094176,-0.3630713920337826
0.7113382899628253,-0.9041767277356447
0.7114002478314746,-0.527242371597838
0.7114622057001239,-0.4105650272718888
0.7115241635687732,-0.8072919555026967
0.7115861214374225,-0.40280519278003957
0.7116480793060719,0.3160076329063486
0.7117100371747211,-0.7100381034722054
0.7117719950433705,-2.250588859251977
0.7118339529120198,-0.7301783013397297
0.7118959107806692,2.350913025146421
0.7119578686493184,1.2277517831105853
0.7120198265179678,-3.366187450121404
0.7120817843866171,-3.3770365003579434
0.7121437422552664,2.4285408484429416
0.7122057001239157,4.251009931686195
0.7122676579925651,-2.147248833753794
0.7123296158612143,-6.347217682655814
0.7123915737298637,-0.5174300258376937
0.712453531598513,5.878557483922821
0.7125154894671624,1.6452518283980262
0.7125774473358116,-6.193061510307026
0.712639405204461,-4.015896505972833
0.7127013630731103,4.6146365876876185
0.7127633209417596,4.978320176771565
0.7128252788104089,-3.3272347753779394
0.7128872366790583,-6.0365550941539325
0.7129491945477076,1.0463555408079694
0.7130111524163569,5.536146345630269
0.7130731102850062,0.16576610058957425
0.7131350681536555,-5.616762496290503
0.7131970260223048,-2.470211860180551
0.7132589838909541,3.860633560794235
0.7133209417596035,3.2597150805967923
0.7133828996282527,-2.54614494628127
0.7134448574969021,-4.136028582454649
0.7135068153655514,0.5071682491433718
0.7135687732342008,4.011409091358738
0.71363073110285,1.3748101529522638
0.7136926889714994,-3.227950041002279
0.7137546468401487,-3.114050818096945
0.713816604708798,1.369025014665564
0.7138785625774473,3.538098553505917
0.7139405204460967,0.12584882365314842
0.714002478314746,-3.7124066879379307
0.7140644361833953,-2.0011750691408885
0.7141263940520446,2.708753139776123
0.714188351920694,3.136953410370461
0.7142503097893432,-1.1403127699982276
0.7143122676579926,-3.115612056463328
0.7143742255266419,0.08271401367913644
0.7144361833952912,2.8556497948060304
0.7144981412639405,0.939117731312944
0.7145600991325899,-1.9241376558187424
0.7146220570012392,-1.2160856731215675
0.7146840148698885,1.0020961032665106
0.7147459727385378,0.9045255456279686
0.7148079306071871,-0.3985081525151716
0.7148698884758364,-0.13557058499649077
0.7149318463444857,0.6877390417566087
0.7149938042131351,0.10775254916602339
0.7150557620817843,-0.4534927078189632
0.7151177199504337,0.6702475129649779
0.715179677819083,1.483600891065544
0.7152416356877324,0.011909723105976933
0.7153035935563816,-1.464397322841414
0.715365551425031,-0.2462408090883288
0.7154275092936803,1.7443786060658093
0.7154894671623296,1.16057821989073
0.7155514250309789,-1.0189251555833356
0.7156133828996283,-1.2370244740633909
0.7156753407682775,0.8408311913356046
0.7157372986369269,2.13727725148794
0.7157992565055762,0.9581062566724899
0.7158612143742256,-0.9567495470671412
0.7159231722428748,-1.0534726280709876
0.7159851301115242,0.8896573730863597
0.7160470879801735,2.3366856077747356
0.7161090458488228,0.9124872367757069
0.7161710037174721,-1.8751992914558113
0.7162329615861215,-1.7556356578132593
0.7162949194547708,1.814905505238782
0.7163568773234201,3.528834177915626
0.7164188351920694,0.16296092157591546
0.7164807930607187,-3.189409880733046
0.716542750929368,-0.6570440802350032
0.7166047087980173,4.1055720675147445
0.7166666666666667,3.1748059507686364
0.7167286245353159,-2.233347742665141
0.7167905824039653,-3.2803630745672336
0.7168525402726146,1.6921227421688974
0.716914498141264,4.326046583427403
0.7169764560099132,0.4310492473393033
0.7170384138785626,-3.2347159710890683
0.7171003717472119,-0.7979671901425573
0.7171623296158612,3.237302293495906
0.7172242874845105,2.4386723609580496
0.7172862453531599,-1.0091107495496254
0.7173482032218091,-1.233872154239948
0.7174101610904585,1.3086474191000619
0.7174721189591078,1.944591913363849
0.7175340768277572,0.24861372504810209
0.7175960346964064,-0.38490260124009196
0.7176579925650558,0.589615317778317
0.7177199504337051,0.7184789770048808
0.7177819083023544,-0.1458806586958522
0.7178438661710037,0.20415610101241988
0.7179058240396531,1.5373018616951228
0.7179677819083023,1.2361343620093261
0.7180297397769517,-0.6037329865746737
0.718091697645601,-0.6897458208593962
0.7181536555142503,1.6976212997473767
0.7182156133828996,2.7144065425692805
0.7182775712515489,0.12112382950287315
0.7183395291201983,-2.2873366334825507
0.7184014869888475,-0.3227769256013373
0.7184634448574969,3.235048536980935
0.7185254027261462,2.403347190262548
0.7185873605947956,-1.9513083025135995
0.7186493184634448,-2.660942086246575
0.7187112763320942,1.9707463878159495
0.7187732342007435,4.553519121964017
0.7188351920693928,0.5887628254138928
0.7188971499380421,-3.4950212683304214
0.7189591078066915,-0.7942281895054579
0.7190210656753407,4.191320725658067
0.7190830235439901,2.987902398272782
0.7191449814126394,-2.4017796769777235
0.7192069392812888,-2.972657201587114
0.719268897149938,1.933305837532955
0.7193308550185874,3.9309916058216805
0.7193928128872367,0.08774157322083553
0.719454770755886,-2.750141789528205
0.7195167286245353,-0.1346114280591122
0.7195786864931847,3.1434035377482417
0.719640644361834,1.9798153803665772
0.7197026022304833,-1.0952181162541352
0.7197645600991326,-1.2565144149414902
0.7198265179677819,1.014184800784303
0.7198884758364312,1.9483480887066569
0.7199504337050805,0.5262945422763471
0.7200123915737299,-0.9558835917407547
0.7200743494423791,-0.5725276465413763
0.7201363073110285,1.017639647403845
0.7201982651796778,1.5973628194749634
0.7202602230483272,0.3217117104719884
0.7203221809169764,-0.7747823830656067
0.7203841387856258,0.2705376826024991
0.7204460966542751,1.7138040624996767
0.7205080545229244,0.7670232610837806
0.7205700123915737,-1.0279441915740566
0.7206319702602231,-0.17082525113192515
0.7206939281288723,1.8464168899348319
0.7207558859975217,0.7252128292394951
0.720817843866171,-1.968975944838904
0.7208798017348204,-0.7639843018351747
0.7209417596034696,2.9478491788762025
0.721003717472119,2.1783477759612833
0.7210656753407683,-2.489095588999425
0.7211276332094176,-2.572967536709943
0.7211895910780669,2.903769288949139
0.7212515489467163,4.3942038557996845
0.7213135068153655,-1.3502678474486987
0.7213754646840149,-4.6593797081838595
0.7214374225526642,0.28115675428477926
0.7214993804213135,4.93933432821473
0.7215613382899628,1.3686921439279627
0.7216232961586121,-4.08036468870231
0.7216852540272615,-2.284005288671014
0.7217472118959107,3.171669502551211
0.7218091697645601,3.2283395227113862
0.7218711276332094,-1.2618576032065407
0.7219330855018588,-2.539290340071726
0.721995043370508,0.5610640267456937
0.7220570012391574,2.3027948135886924
0.7221189591078067,0.491913930517508
0.722180916976456,-1.2988405351284378
0.7222428748451053,-0.7381675463140924
0.7223048327137547,0.5029527060671803
0.7223667905824039,0.6355198808292828
0.7224287484510533,0.016840648336819863
0.7224907063197026,-0.3555255861048163
0.722552664188352,-0.11122068646366268
0.7226146220570012,0.44267379366323123
0.7226765799256506,0.5556964090391503
0.7227385377942999,-0.0024185425195775156
0.7228004956629492,-0.34750654956917604
0.7228624535315985,0.07179249598879828
0.7229244114002479,0.3560665108959662
0.7229863692688971,-0.14998735265538832
0.7230483271375465,-0.5204899195716144
0.7231102850061958,-0.0931964616640486
0.723172242874845,0.2256390411548057
0.7232342007434944,-0.08489305024133698
0.7232961586121437,-0.1279722626376335
0.7233581164807931,0.3081062869573863
0.7234200743494423,0.19411415368776969
0.7234820322180917,-0.35210692783543274
0.723543990086741,-0.07537318066766763
0.7236059479553903,0.5895628327999343
0.7236679058240396,0.06862705829182003
0.723729863692689,-0.9625241413667838
0.7237918215613383,-0.5358630685558906
0.7238537794299876,0.6330301057950112
0.7239157372986369,0.3065103791617547
0.7239776951672863,-0.8548615553649098
0.7240396530359355,-0.52025412272361
0.7241016109045849,0.6929126867843565
0.7241635687732342,0.49314771779749367
0.7242255266418836,-0.5349190424753193
0.7242874845105328,-0.3308614171107802
0.7243494423791822,0.4190519079794121
0.7244114002478315,-0.0007332325347806923
0.7244733581164808,-0.6296617284137618
0.7245353159851301,-0.12393047643614541
0.7245972738537795,0.16085885989119292
0.7246592317224287,-0.6635285584818185
0.7247211895910781,-0.5909628791602166
0.7247831474597274,0.8556452651884203
0.7248451053283766,0.7085851167803364
0.724907063197026,-1.3626050930676061
0.7249690210656753,-1.236746189287092
0.7250309789343247,1.658789047002394
0.7250929368029739,1.9759372436890508
0.7251548946716233,-1.6879181845204825
0.7252168525402726,-3.044287983439279
0.725278810408922,0.7198633060869302
0.7253407682775712,3.143553692206524
0.7254027261462206,-0.15575127477955764
0.7254646840148699,-3.487246416405597
0.7255266418835192,-1.2356714067001051
0.7255885997521685,2.5691107111080167
0.7256505576208179,1.9560920893955143
0.7257125154894671,-1.235497577772883
0.7257744733581165,-2.0039235264927067
0.7258364312267658,-0.24519753710786074
0.7258983890954152,1.2265580623464576
0.7259603469640644,1.2904178532377155
0.7260223048327138,-0.14613111543460233
0.7260842627013631,-2.2330581289461007
0.7261462205700124,-1.8894990183790046
0.7262081784386617,1.6854069473671596
0.7262701363073111,3.121804617864191
0.7263320941759603,-0.9820387401352377
0.7263940520446097,-4.14454565854206
0.726456009913259,-0.11383032860888409
0.7265179677819082,4.676341051234568
0.7265799256505576,1.405691240831263
0.7266418835192069,-4.497990421733835
0.7267038413878563,-2.368202225010391
0.7267657992565055,3.8940532515555994
0.7268277571251549,2.677059798901849
0.7268897149938042,-3.630611045928173
0.7269516728624535,-3.1581989263595567
0.7270136307311028,2.9629618177830577
0.7270755885997522,3.0737497821833433
0.7271375464684015,-2.5643941275796616
0.7271995043370508,-2.755275312220397
0.7272614622057001,2.6440698565761678
0.7273234200743495,2.8355523310658906
0.7273853779429987,-2.4403675131360183
0.7274473358116481,-2.612198551919502
0.7275092936802974,2.5613782352437946
0.7275712515489468,2.536854524676936
0.727633209417596,-2.872659529145801
0.7276951672862454,-2.87238629502746
0.7277571251548947,2.8922355249803706
0.727819083023544,3.2533394443155483
0.7278810408921933,-2.6561965465522785
0.7279429987608427,-3.4053310423026293
0.7280049566294919,2.6810245783358053
0.7280669144981413,4.15487319968469
0.7281288723667906,-1.7349577156792235
0.7281908302354398,-4.010383615514917
0.7282527881040892,1.171117169163863
0.7283147459727385,3.8765169842247644
0.7283767038413879,-0.47557934252051326
0.7284386617100371,-3.361371265106103
0.7285006195786865,0.026394571338256734
0.7285625774473358,2.724131755636358
0.7286245353159851,0.334799529092894
0.7286864931846344,-1.566810321610485
0.7287484510532838,0.3959046576449877
0.728810408921933,1.4673323379285677
0.7288723667905824,-0.45605215288680834
0.7289343246592317,-0.7694254777795884
0.7289962825278811,1.4406152348640822
0.7290582403965303,1.102213227854385
0.7291201982651797,-1.8784854875456212
0.729182156133829,-1.4794487303347874
0.7292441140024783,2.263902945204335
0.7293060718711276,2.31572098607897
0.729368029739777,-1.852801598694926
0.7294299876084263,-2.5086859181508414
0.7294919454770756,1.9123548002359425
0.7295539033457249,3.4871860517415194
0.7296158612143743,-0.6256856415516185
0.7296778190830235,-2.9877529263175515
0.7297397769516729,0.3466811917019661
0.7298017348203222,2.976772167493271
0.7298636926889716,0.3711107742261604
0.7299256505576208,-2.2782357668285558
0.7299876084262701,-0.3912702491826284
0.7300495662949195,1.9386909125385436
0.7301115241635687,0.5552556931292398
0.7301734820322181,-1.1541474121178577
0.7302354399008674,0.31068681368776785
0.7302973977695167,1.7087367217611111
0.730359355638166,0.012919281292013807
0.7304213135068154,-1.3309201285734509
0.7304832713754646,0.5779635285447176
0.730545229244114,1.9842968785258432
0.7306071871127633,-0.22095147666928705
0.7306691449814127,-2.039792089109934
0.7307311028500619,0.12073710329036569
0.7307930607187113,2.2766259391988504
0.7308550185873606,0.3446348266415882
0.73091697645601,-1.8658718365338416
0.7309789343246592,0.07396914881156319
0.7310408921933086,2.4345609337788607
0.7311028500619579,0.43856453467430967
0.7311648079306072,-2.109946486300701
0.7312267657992565,0.0647591419737501
0.7312887236679059,2.927006922747686
0.7313506815365551,0.33606138338445035
0.7314126394052045,-3.4472054111718182
0.7314745972738538,-0.8554907951272814
0.7315365551425032,4.069071118165555
0.7315985130111524,1.9659343627027188
0.7316604708798017,-4.058830423763418
0.7317224287484511,-2.8366881323064903
0.7317843866171003,4.237152042944794
0.7318463444857497,4.509250104193921
0.731908302354399,-3.0731808658780664
0.7319702602230483,-5.121955836161961
0.7320322180916976,2.2434036148402563
0.732094175960347,5.830245804340364
0.7321561338289962,-1.010625778709347
0.7322180916976456,-6.105120423503802
0.7322800495662949,-0.34130383581563484
0.7323420074349443,5.864947951767526
0.7324039653035935,1.5302418226798942
0.7324659231722429,-5.201331914937136
0.7325278810408922,-2.2614784143282014
0.7325898389095415,4.656618699186335
0.7326517967781908,3.174153635290166
0.7327137546468402,-3.4381699069040756
0.7327757125154895,-3.3155008525408656
0.7328376703841388,2.3274276173999264
0.7328996282527881,2.8665257886314066
0.7329615861214375,-1.7710914538894929
0.7330235439900867,-2.5130760627449202
0.7330855018587361,1.1117163181941159
0.7331474597273854,1.4639157150331514
0.7332094175960348,-1.4701444278627371
0.733271375464684,-0.8809222515905177
0.7333333333333333,2.2280974817720405
0.7333952912019827,0.8433228600027949
0.7334572490706319,-3.153399021452932
0.7335192069392813,-1.5933756590435344
0.7335811648079306,3.518647747634506
0.7336431226765799,2.362078775560782
0.7337050805452292,-4.020378319789483
0.7337670384138786,-4.269621437214464
0.7338289962825278,2.6713148340479096
0.7338909541511772,4.781349276807017
0.7339529120198265,-1.7266452398772154
0.7340148698884759,-5.466934234860166
0.7340768277571251,-0.08492891173672658
0.7341387856257745,4.825171676144835
0.7342007434944238,1.102498358487383
0.7342627013630731,-4.205956586281698
0.7343246592317224,-2.3123620261419813
0.7343866171003718,2.368735871678439
0.734448574969021,1.6186217715231768
0.7345105328376704,-2.1636936849594344
0.7345724907063197,-2.0423038247346113
0.7346344485749691,0.7130482782115246
0.7346964064436183,0.6584620324197588
0.7347583643122677,-1.1710637198262317
0.734820322180917,-0.590480334782646
0.7348822800495663,0.8702762142401241
0.7349442379182156,-0.34242057318712693
0.7350061957868649,-1.914899341184813
0.7350681536555143,-0.25836414266580565
0.7351301115241635,1.5842105093404117
0.7351920693928129,-0.5607602073057292
0.7352540272614622,-3.1657404575064643
0.7353159851301115,-0.997484322481849
0.7353779429987608,2.4406187361643
0.7354399008674102,0.6536673646863638
0.7355018587360594,-3.4751955341641296
0.7355638166047088,-2.279282030531138
0.7356257744733581,2.506046022859806
0.7356877323420075,2.3177427849787318
0.7357496902106567,-2.7527573459220354
0.7358116480793061,-3.830613398348924
0.7358736059479554,0.8606637714440172
0.7359355638166047,2.8890604729958875
0.735997521685254,-1.1936162155091805
0.7360594795539034,-4.021922060437202
0.7361214374225526,-0.9344423922511498
0.736183395291202,2.2191230823723394
0.7362453531598513,0.2762783530412618
0.7363073110285007,-2.5240467660841386
0.7363692688971499,-1.3099556030623076
0.7364312267657993,0.912340910241609
0.7364931846344486,0.05834256829008044
0.736555142503098,-1.5325018798366894
0.7366171003717472,-0.7480581073395303
0.7366790582403965,0.13771344933077545
0.7367410161090459,-1.1238298575316708
0.7368029739776951,-1.7890928930594059
0.7368649318463445,-0.034697165394844354
0.7369268897149938,0.7363043752384301
0.7369888475836431,-1.3360792563627069
0.7370508054522924,-2.2801038305284456
0.7371127633209418,0.11635556228672689
0.737174721189591,1.504438744300764
0.7372366790582404,-0.9100640390730876
0.7372986369268897,-2.730228596307223
0.7373605947955391,-0.5710244247661687
0.7374225526641883,1.408088623817834
0.7374845105328377,-0.6166517565432488
0.737546468401487,-2.839350769474963
0.7376084262701363,-1.0980446472501897
0.7376703841387856,1.2706566678076814
0.737732342007435,-0.09138314981409135
0.7377942998760842,-2.3777040502183553
0.7378562577447336,-1.1900661200994114
0.7379182156133829,1.1669880044719347
0.7379801734820323,0.30645137045121573
0.7380421313506815,-2.025969675660546
0.7381040892193309,-1.5696083179438678
0.7381660470879802,0.5231060975580264
0.7382280049566295,0.2794417480521439
0.7382899628252788,-1.6815902938539211
0.7383519206939281,-1.7517060239718283
0.7384138785625775,-0.020580318349658455
0.7384758364312267,0.39582406656938085
0.7385377942998761,-0.8905527404882765
0.7385997521685254,-1.384903456015672
0.7386617100371747,-0.3461251528494558
0.738723667905824,0.3713397332492474
0.7387856257744734,-0.30102101026776074
0.7388475836431226,-1.2372987314267214
0.738909541511772,-1.0889354235704345
0.7389714993804213,-0.12088655118162528
0.7390334572490707,0.16615325523233593
0.7390954151177199,-0.904489455867322
0.7391573729863693,-1.7814832491350627
0.7392193308550186,-0.6827945163610036
0.7392812887236679,1.0308241135157297
0.7393432465923172,0.34849372048094696
0.7394052044609666,-1.964150808352767
0.7394671623296158,-1.7573401401794322
0.7395291201982652,1.1725539106497371
0.7395910780669145,1.7397491078555853
0.7396530359355639,-1.615344173735993
0.7397149938042131,-3.272398598189665
0.7397769516728625,-0.01835169020287264
0.7398389095415118,2.626323158960871
0.7399008674101611,-0.18754338576122076
0.7399628252788104,-3.6477044492124033
0.7400247831474597,-1.4935978330014192
0.740086741016109,2.726313752562125
0.7401486988847583,1.7586168838353966
0.7402106567534077,-2.592863671348786
0.740272614622057,-2.773080540795671
0.7403345724907063,1.3362462899150807
0.7403965303593556,2.625246745494252
0.740458488228005,-0.8683577120445594
0.7405204460966542,-3.223169587103945
0.7405824039653036,-0.9453763883048629
0.7406443618339529,1.9951736624988436
0.7407063197026023,1.3035447810438405
0.7407682775712515,-1.4864042519254947
0.7408302354399009,-2.290928112104563
0.7408921933085502,-0.14988324947763854
0.7409541511771995,2.174618351368574
0.7410161090458488,1.6343681253328368
0.7410780669144982,-1.4387713824814896
0.7411400247831474,-2.9762868210704276
0.7412019826517968,-0.22347295246322785
0.7412639405204461,3.264207538227702
0.7413258983890955,1.7779436504281094
0.7413878562577447,-3.1745972143207
0.7414498141263941,-3.8211363845832667
0.7415117719950434,1.6040781751412223
0.7415737298636927,4.888797337307094
0.741635687732342,0.5519132417527384
0.7416976456009913,-4.725665223525438
0.7417596034696406,-2.3843864775964247
0.7418215613382899,4.053441990659574
0.7418835192069393,4.384256014637657
0.7419454770755886,-1.9641705749573692
0.7420074349442379,-5.045413427023139
0.7420693928128872,-0.17803743077481293
0.7421313506815366,4.878430268378678
0.7421933085501858,2.317174768765633
0.7422552664188352,-3.623844280752272
0.7423172242874845,-3.5393184734847836
0.7423791821561339,2.421414706932431
0.7424411400247831,4.903808349640791
0.7425030978934325,0.09493737888655218
0.7425650557620818,-4.240110363861503
0.7426270136307311,-1.1286247889384216
0.7426889714993804,4.309321564793831
0.7427509293680298,3.077000955632598
0.742812887236679,-2.85837809352443
0.7428748451053284,-3.6437515760063905
0.7429368029739777,2.018891036352761
0.7429987608426271,4.5971749946409215
0.7430607187112763,-0.10997222838310439
0.7431226765799257,-3.834819887571583
0.743184634448575,-0.1814455437639232
0.7432465923172243,4.3906603526299035
0.7433085501858736,2.07814578113517
0.7433705080545229,-2.704791162611885
0.7434324659231722,-1.5808668840048374
0.7434944237918215,2.9242716789310172
0.7435563816604709,2.5092607080786316
0.7436183395291202,-1.7325485955822844
0.7436802973977695,-1.81134067232693
0.7437422552664188,2.229767211933092
0.7438042131350682,2.7171056270161182
0.7438661710037174,-1.1341869892491474
0.7439281288723668,-1.8617332108436733
0.7439900867410161,2.135633345033134
0.7440520446096655,3.525395528064836
0.7441140024783147,-0.36060235168941396
0.7441759603469641,-2.589282648679525
0.7442379182156134,0.7218155476525403
0.7442998760842627,3.5839418837071815
0.744361833952912,1.118440535379325
0.7444237918215614,-2.1496648992101512
0.7444857496902106,-0.8850570616322639
0.74454770755886,2.2047828504677907
0.7446096654275093,2.2073670308887836
0.7446716232961587,0.13485765535089433
0.7447335811648079,-0.45413226426502273
0.7447955390334573,0.4020656888410711
0.7448574969021066,1.0100525723744131
0.7449194547707559,1.410401833639114
0.7449814126394052,1.4088159666269116
0.7450433705080545,-0.03733914892496837
0.7451053283767038,-1.3257154541568856
0.7451672862453531,0.37901979029038246
0.7452292441140025,3.005278723137691
0.7452912019826518,1.6823603707222274
0.7453531598513011,-2.0423557685571385
0.7454151177199504,-1.4912400271510327
0.7454770755885998,3.151930663042405
0.745539033457249,3.952761683845448
0.7456009913258984,-0.9290192541196125
0.7456629491945477,-3.2092082431176445
0.745724907063197,1.2155760601897774
0.7457868649318463,4.741970706737613
0.7458488228004957,1.2203846736942352
0.745910780669145,-3.38176292646894
0.7459727385377943,-1.4700732975975743
0.7460346964064436,3.4498876342813185
0.746096654275093,3.4488979609654526
0.7461586121437422,-0.752473548926866
0.7462205700123916,-2.27637832579513
0.7462825278810409,0.5152152588133762
0.7463444857496903,2.990556519826405
0.7464064436183395,2.1990584024220747
0.7464684014869889,-0.20000080794003416
0.7465303593556382,-1.475710621245906
0.7465923172242875,-0.4380000921784203
0.7466542750929368,1.9432691783183125
0.7467162329615861,2.723105247900934
0.7467781908302354,0.26619716876396954
0.7468401486988847,-2.285140498997854
0.7469021065675341,-0.7686414003161984
0.7469640644361834,2.9652859802902527
0.7470260223048327,3.1845980644416065
0.747087980173482,-0.4685481776285558
0.7471499380421314,-2.2423229431850835
0.7472118959107806,0.3037966503350581
0.74727385377943,2.7694651768137417
0.7473358116480793,1.5970232846914694
0.7473977695167286,-0.8226722251377953
0.7474597273853779,-1.0650475056772046
0.7475216852540273,0.37698640954155405
0.7475836431226766,1.3234384056989925
0.7476456009913259,1.183128061524616
0.7477075588599752,0.4151858448308503
0.7477695167286246,-0.3337365225924239
0.7478314745972738,-0.07859268179505535
0.7478934324659232,1.122472069748557
0.7479553903345725,1.4336651729111272
0.7480173482032219,0.15071039212004433
0.7480793060718711,-0.63888505287183
0.7481412639405205,0.28487003172326647
0.7482032218091698,0.925700025133074
0.7482651796778191,0.0456207409782734
0.7483271375464684,-0.30390499251455183
0.7483890954151177,0.8516008947580969
0.748451053283767,1.0378190205828346
0.7485130111524163,-0.5161085234561331
0.7485749690210657,-0.6216465036628178
0.748636926889715,1.54112974938063
0.7486988847583643,1.8978279405816314
0.7487608426270136,-0.8555654378305999
0.748822800495663,-1.8826633945670488
0.7488847583643122,0.9916253142478513
0.7489467162329616,2.5487175256890238
0.7490086741016109,-0.39344987797810593
0.7490706319702602,-2.6073448979214042
0.7491325898389095,0.12990067381789838
0.7491945477075589,2.9977144872328703
0.7492565055762082,0.841329446920343
0.7493184634448575,-2.365916018319651
0.7493804213135068,-0.8782953385365985
0.7494423791821562,2.4628833721493812
0.7495043370508054,1.7506561785513985
0.7495662949194548,-1.490961500981812
0.7496282527881041,-1.775273665031442
0.7496902106567535,0.6595602076561015
0.7497521685254027,1.4590898374395056
0.7498141263940521,0.05785144671943582
0.7498760842627014,-0.7984959011953074
0.7499380421313507,-0.5054470070957064
0.75,-0.10308697752965745
0.7500619578686493,0.6288823697794133
0.7501239157372986,1.3724002820180037
0.7501858736059479,0.29739413218406974
0.7502478314745973,-1.8128583338122168
0.7503097893432465,-1.2620988029568778
0.7503717472118959,1.7764547452093271
0.7504337050805452,2.137117564082855
0.7504956629491946,-1.4387073738978668
0.7505576208178438,-3.147703594578326
0.7506195786864932,0.10091543187329921
0.7506815365551425,2.9833161621405497
0.7507434944237918,0.8440093884604909
0.7508054522924411,-2.4524486613518928
0.7508674101610905,-1.5677438980178426
0.7509293680297398,1.4991222246375386
0.7509913258983891,1.7783105409068194
0.7510532837670384,-0.44771312824123705
0.7511152416356878,-1.5601993814769954
0.751177199504337,-0.8079797123828436
0.7512391573729864,0.19407722047439147
0.7513011152416357,0.7651192365659005
0.751363073110285,0.5096348244382852
0.7514250309789343,-1.0404408070718962
0.7514869888475837,-2.009788255948843
0.751548946716233,0.0528484267206088
0.7516109045848823,2.729610157601298
0.7516728624535316,1.1210664031560371
0.7517348203221809,-3.104573638097352
0.7517967781908302,-2.8082297004043024
0.7518587360594795,2.3369418205940025
0.7519206939281289,3.8001058304059394
0.7519826517967781,-1.6201984788876365
0.7520446096654275,-5.295822298903099
0.7521065675340768,-0.7865976191182089
0.7521685254027262,4.818774872706043
0.7522304832713754,2.3197831456673894
0.7522924411400248,-4.234209966794087
0.7523543990086741,-4.1888062564830575
0.7524163568773234,2.301273774349522
0.7524783147459727,4.867676471974329
0.7525402726146221,-0.28420230829289894
0.7526022304832714,-4.929981927581342
0.7526641883519207,-2.2316790207853034
0.75272614622057,3.1662168888543913
0.7527881040892194,3.0747968675026205
0.7528500619578686,-1.9271923852045512
0.752912019826518,-4.137083201214889
0.7529739776951673,-0.4977240288006801
0.7530359355638166,3.3069493761781548
0.7530978934324659,1.742099022337239
0.7531598513011153,-2.3946686276161917
0.7532218091697646,-2.6385631555226126
0.7532837670384139,1.0222576623065018
0.7533457249070632,2.459432787384099
0.7534076827757125,-0.4394586164750879
0.7534696406443618,-2.542855996944567
0.7535315985130111,-0.522183289299081
0.7535935563816605,1.571397658900189
0.7536555142503097,-0.03232470603688897
0.7537174721189591,-1.9136982430715563
0.7537794299876084,-0.12464538761423616
0.7538413878562578,1.9869945878044595
0.753903345724907,-0.0009575763688982608
0.7539653035935564,-2.6019005182145465
0.7540272614622057,-0.42938315273252536
0.754089219330855,3.0621572930883687
0.7541511771995043,1.0374810352774269
0.7542131350681537,-3.6650132874926666
0.754275092936803,-2.5548482318696677
0.7543370508054523,3.018246129071305
0.7543990086741016,3.260025602154752
0.754460966542751,-2.6815179729036656
0.7545229244114002,-4.432685830361067
0.7545848822800496,1.4528800743643577
0.7546468401486989,4.935024017760924
0.7547087980173482,-0.06510344017332614
0.7547707558859975,-4.857764820580622
0.7548327137546469,-1.2000480317681503
0.7548946716232962,4.352984633968797
0.7549566294919455,2.187927347446127
0.7550185873605948,-3.704551602780172
0.7550805452292441,-3.258368725974284
0.7551425030978934,2.2302050442659085
0.7552044609665427,3.299415031211293
0.7552664188351921,-1.0921958062476198
0.7553283767038413,-3.0175914754947755
0.7553903345724907,0.09086038306174254
0.75545229244114,2.3900527834059635
0.7555142503097894,0.8333216986308127
0.7555762081784386,-0.9534803314188801
0.755638166047088,-0.6672896941686611
0.7557001239157373,-0.22588270628903176
0.7557620817843866,-0.14630678703976585
0.7558240396530359,0.9329002885853275
0.7558859975216853,1.340557103654524
0.7559479553903345,-1.106512965593434
0.7560099132589839,-2.859366008974314
0.7560718711276332,0.3783764646820402
0.7561338289962826,4.237121134925507
0.7561957868649318,1.5263034410076832
0.7562577447335812,-4.17611659677901
0.7563197026022305,-2.9687710641739127
0.7563816604708798,3.8689910396181695
0.7564436183395291,4.748567145670321
0.7565055762081785,-2.2949465083112117
0.7565675340768278,-5.510193802031221
0.7566294919454771,0.47097030141193574
0.7566914498141264,5.393574266133543
0.7567534076827757,1.2774513540129666
0.756815365551425,-4.278066134088453
0.7568773234200743,-2.049971807982632
0.7569392812887237,3.3738900734973685
0.7570012391573729,2.930627723720867
0.7570631970260223,-1.4971870947010921
0.7571251548946716,-2.189952085335216
0.757187112763321,0.8050348993796175
0.7572490706319702,1.764195930703572
0.7573110285006196,-0.0014371863547353314
0.7573729863692689,-0.7999752292743276
0.7574349442379182,-0.12414378078874672
0.7574969021065675,0.07513348887871807
0.7575588599752169,0.2097126063373429
0.7576208178438661,1.044852736473695
0.7576827757125155,0.7508745251483784
0.7577447335811648,-1.0263388261545936
0.7578066914498142,-0.9213599216114936
0.7578686493184634,1.76847370396221
0.7579306071871128,2.2891219320147265
0.7579925650557621,-1.160680856697029
0.7580545229244114,-2.916496975689891
0.7581164807930607,0.549702596912804
0.7581784386617101,3.5549842829496274
0.7582403965303594,0.6944099328401039
0.7583023543990087,-3.3055313305986003
0.758364312267658,-1.5058803873612339
0.7584262701363073,3.129054974774915
0.7584882280049566,2.8707256024678025
0.7585501858736059,-1.531332681833482
0.7586121437422553,-2.600549497079068
0.7586741016109045,0.928769957221796
0.7587360594795539,2.676720820627701
0.7587980173482032,0.047948953165622435
0.7588599752168526,-1.9890660023498266
0.7589219330855018,-0.2493577175679278
0.7589838909541512,1.57101772142596
0.7590458488228005,0.269956946529609
0.7591078066914498,-1.2086152761880247
0.7591697645600991,0.2459286878361382
0.7592317224287485,1.893337357788123
0.7592936802973977,0.3142467981610779
0.7593556381660471,-1.8487706055622195
0.7594175960346964,-0.41135447922520574
0.7594795539033458,2.379414774316966
0.759541511771995,1.345751771251865
0.7596034696406444,-2.180517126846147
0.7596654275092937,-2.1654526903182885
0.759727385377943,1.5097510928664086
0.7597893432465923,2.5727227396339147
0.7598513011152417,-0.6472724591026501
0.759913258983891,-2.3714931986350973
0.7599752168525403,0.2067227368964607
0.7600371747211896,2.237257272515988
0.7600991325898389,0.4198692633115694
0.7601610904584882,-1.4078751300479175
0.7602230483271375,-0.16446905728281003
0.7602850061957869,0.9717540202459626
0.7603469640644361,-0.3776523062816286
0.7604089219330855,-1.0445345454243504
0.7604708798017348,0.6253503416437692
0.7605328376703842,0.9358979872632349
0.7605947955390334,-1.2635749845486437
0.7606567534076828,-1.3713624670511266
0.7607187112763321,1.6059578326428081
0.7607806691449814,1.9204395597011374
0.7608426270136307,-1.736680342519512
0.7609045848822801,-2.469974853339232
0.7609665427509293,1.7651191220093974
0.7610285006195787,3.0210958599816022
0.761090458488228,-1.9256308887268592
0.7611524163568774,-4.294597098271935
0.7612143742255266,0.8616241660815631
0.761276332094176,4.527458953211779
0.7613382899628253,-0.30417235536492654
0.7614002478314746,-5.25876908140679
0.7614622057001239,-1.3195313468263072
0.7615241635687733,4.760521254626744
0.7615861214374225,2.480939780502148
0.7616480793060719,-3.929249611998101
0.7617100371747212,-3.6316538772896836
0.7617719950433705,1.9870769333362337
0.7618339529120198,3.158917838640896
0.7618959107806691,-1.0810326006763864
0.7619578686493185,-3.155674920640431
0.7620198265179677,-0.8212696867584697
0.7620817843866171,1.0946410053636635
0.7621437422552664,0.4795074904647323
0.7622057001239158,-0.30954227672232926
0.762267657992565,-0.5103871331892864
0.7623296158612144,-1.0474070747258064
0.7623915737298637,-0.8603736997265441
0.762453531598513,0.7466287656577356
0.7625154894671623,1.1497964497336506
0.7625774473358117,-1.0804551129023277
0.7626394052044609,-2.560644148086645
0.7627013630731103,-0.6911643591615199
0.7627633209417596,1.4459946695543429
0.762825278810409,0.3884756582488035
0.7628872366790582,-1.8266451397388037
0.7629491945477076,-1.6046302562856716
0.7630111524163569,0.2674695620476595
0.7630731102850062,0.8109240586598849
0.7631350681536555,-0.21711807345722556
0.7631970260223049,-1.0566600278855969
0.7632589838909541,-1.0468072347611093
0.7633209417596035,-0.5572578009763566
0.7633828996282528,0.02684030198834475
0.763444857496902,-0.017984528279600398
0.7635068153655514,-1.013663056482487
0.7635687732342007,-1.6275629311254043
0.7636307311028501,-0.64237547180597
0.7636926889714993,0.6109343842172441
0.7637546468401487,0.16742674343441988
0.763816604708798,-1.2222932425824704
0.7638785625774474,-1.3836234364966147
0.7639405204460966,-0.25112400285231046
0.764002478314746,0.439062960198666
0.7640644361833953,-0.10320941151365892
0.7641263940520446,-1.2208548179221856
0.7641883519206939,-1.8365123826818244
0.7642503097893433,-1.0283857190672523
0.7643122676579925,0.6805412750819066
0.7643742255266419,0.7961216069324178
0.7644361833952912,-1.6027200743827636
0.7644981412639406,-2.981134365032985
0.7645600991325898,-0.3401678549730873
0.7646220570012392,2.641075698007474
0.7646840148698885,0.6511151651838996
0.7647459727385378,-3.6460775832803654
0.7648079306071871,-3.072471565951718
0.7648698884758365,1.6892980499488903
0.7649318463444857,2.6250575297199097
0.7649938042131351,-1.9375707376990887
0.7650557620817844,-4.338471916267549
0.7651177199504337,-0.7657383893176799
0.765179677819083,2.5792775431255848
0.7652416356877323,0.5668724115610644
0.7653035935563817,-2.7111156001152525
0.7653655514250309,-2.003208474541491
0.7654275092936803,0.6154343960051404
0.7654894671623296,0.8024175432742549
0.765551425030979,-0.762903085670133
0.7656133828996282,-1.290341360445584
0.7656753407682776,-0.9994561813519254
0.7657372986369269,-1.004822351311257
0.7657992565055762,-0.5188674072551163
0.7658612143742255,0.43189145692278463
0.7659231722428749,-0.1554436252231632
0.7659851301115241,-1.99981776960914
0.7660470879801735,-1.7716255502610512
0.7661090458488228,0.9080763709737363
0.7661710037174722,1.7490021370095996
0.7662329615861214,-1.0675670581784698
0.7662949194547708,-3.1747680318286715
0.7663568773234201,-1.0526562476277799
0.7664188351920694,1.9353483013554724
0.7664807930607187,0.9692402542055885
0.7665427509293681,-2.4288467860817198
0.7666047087980173,-2.994326608342951
0.7666666666666667,0.020179478641153548
0.766728624535316,2.09372611680171
0.7667905824039652,0.46451610260952314
0.7668525402726146,-2.225032769435212
0.7669144981412639,-2.200375194629353
0.7669764560099133,0.3083713102182264
0.7670384138785625,1.8285883583414746
0.7671003717472119,0.36810670096045617
0.7671623296158612,-2.165106413871548
0.7672242874845105,-2.4760806222265463
0.7672862453531598,-0.09251554085041802
0.7673482032218092,1.8821430739128133
0.7674101610904585,0.6940889549042125
0.7674721189591078,-2.1829947109537517
0.7675340768277571,-2.648122503351663
0.7675960346964065,0.3567930913539809
0.7676579925650557,2.8066876747464837
0.7677199504337051,0.9440907021928263
0.7677819083023544,-2.881311610895554
0.7678438661710038,-2.9732150248050577
0.767905824039653,1.1838132215876578
0.7679677819083024,3.3787273045210378
0.7680297397769517,-0.17320206456119447
0.768091697645601,-4.317669321473916
0.7681536555142503,-2.3136406135769683
0.7682156133828997,3.2053675950298968
0.7682775712515489,3.559036687287978
0.7683395291201983,-2.147463419347873
0.7684014869888476,-4.7976100331087626
0.7684634448574968,0.3182984486484703
0.7685254027261462,5.193301309031533
0.7685873605947955,1.5991002392664546
0.7686493184634449,-5.016671626882761
0.7687112763320941,-3.771763734056937
0.7687732342007435,3.6072033095398446
0.7688351920693928,4.984488443669065
0.7688971499380421,-2.1838728905536717
0.7689591078066914,-6.092468814644533
0.7690210656753408,0.022240976254027878
0.76908302354399,6.267336917009878
0.7691449814126394,2.326144724855195
0.7692069392812887,-5.202066709881085
0.7692688971499381,-3.7705468395436945
0.7693308550185873,4.068882197329742
0.7693928128872367,5.138245098808078
0.769454770755886,-2.107625771492666
0.7695167286245354,-5.399800562949373
0.7695786864931846,0.34352752433204703
0.769640644361834,5.051292162388243
0.7697026022304833,1.2453249313369332
0.7697645600991326,-3.8714879453982944
0.7698265179677819,-1.7500364968163615
0.7698884758364313,3.289782556242744
0.7699504337050805,2.7573313795862306
0.7700123915737299,-1.5220962332902577
0.7700743494423792,-1.989549644807704
0.7701363073110284,1.3089189073101093
0.7701982651796778,2.186525882742124
0.7702602230483271,-0.3097241499458496
0.7703221809169765,-1.3760862927330315
0.7703841387856257,0.3857073103829084
0.7704460966542751,1.4316189369887034
0.7705080545229244,0.3340222702389528
0.7705700123915737,-0.398757470663488
0.770631970260223,0.42557196129449393
0.7706939281288724,1.0631489078988074
0.7707558859975217,0.6275271000710939
0.770817843866171,0.22830342510685608
0.7708798017348203,0.34015214140541694
0.7709417596034697,0.3582936330421631
0.7710037174721189,0.35098756172243917
0.7710656753407683,0.6249396255164856
0.7711276332094176,0.5205244724896976
0.771189591078067,-0.14558172607583186
0.7712515489467162,-0.03671760658582923
0.7713135068153656,1.1918536807520326
0.7713754646840149,1.5244621472945168
0.7714374225526642,0.0661388113643046
0.7714993804213135,-0.7189217187388581
0.7715613382899629,0.8958736491828938
0.7716232961586121,2.3231413432278507
0.7716852540272615,0.785511891547807
0.7717472118959108,-1.4762888814245998
0.7718091697645602,-0.5600105560107577
0.7718711276332094,2.2621850819021576
0.7719330855018587,2.2317938291668344
0.7719950433705081,-0.8450161919516966
0.7720570012391573,-1.8236005441185204
0.7721189591078067,1.2914145358818079
0.772180916976456,3.5846164603799315
0.7722428748451053,1.1071324537778053
0.7723048327137546,-2.2383181361861713
0.772366790582404,-0.7839864723858649
0.7724287484510532,3.2533005722811055
0.7724907063197026,2.9931849374257977
0.7725526641883519,-1.4963723554867459
0.7726146220570013,-2.768823245269175
0.7726765799256505,1.5495966213242909
0.7727385377942999,4.290796165227535
0.7728004956629492,0.7145394062082358
0.7728624535315985,-3.1105542074069668
0.7729244114002478,-0.4941146402968082
0.7729863692688972,4.222976005670157
0.7730483271375465,3.0035696838124064
0.7731102850061958,-2.0177021545069107
0.7731722428748451,-2.323590896680831
0.7732342007434945,2.276084415042442
0.7732961586121437,3.7431220835793257
0.7733581164807931,-0.10523893433735898
0.7734200743494424,-2.4873959546855566
0.7734820322180918,0.15709111942632425
0.773543990086741,2.881461593731287
0.7736059479553903,1.6688574469911823
0.7736679058240397,-0.5445732306281232
0.7737298636926889,-0.35607693707395605
0.7737918215613383,0.9133625192190931
0.7738537794299876,1.3138694664411712
0.7739157372986369,1.314360242409752
0.7739776951672862,0.9006867435212583
0.7740396530359356,-0.5810778807782047
0.7741016109045848,-1.116563606989537
0.7741635687732342,1.278468156091988
0.7742255266418835,3.2089802880349936
0.7742874845105329,0.5591791349367327
0.7743494423791821,-2.91818899132199
0.7744114002478315,-0.6865183168273545
0.7744733581164808,4.31782724056001
0.7745353159851301,3.4083426435439614
0.7745972738537794,-2.4202991958400286
0.7746592317224288,-3.273019981216268
0.774721189591078,2.4002398293412948
0.7747831474597274,4.778085967239368
0.7748451053283767,-0.11635168416795327
0.7749070631970261,-3.718339944782468
0.7749690210656753,-0.340708218102294
0.7750309789343247,3.5565141511195337
0.775092936802974,1.8173426423658312
0.7751548946716234,-1.3332286103085407
0.7752168525402726,-0.610811377384354
0.7752788104089219,1.2989799843364276
0.7753407682775713,0.8565189832121209
0.7754027261462205,0.3594928789303221
0.7754646840148699,1.3685483631275235
0.7755266418835192,0.6672715137864091
0.7755885997521685,-1.8513824359734192
0.7756505576208178,-1.0095942333733527
0.7757125154894672,3.049747578967495
0.7757744733581164,2.9062022337244944
0.7758364312267658,-2.376555121564553
0.7758983890954151,-3.5971304803202493
0.7759603469640645,2.3239018145751302
0.7760223048327137,5.420227996700545
0.7760842627013631,-0.10264540806392775
0.7761462205700124,-4.899946252429618
0.7762081784386617,-0.6660068782192712
0.776270136307311,5.127942450734155
0.7763320941759604,2.4967237526757775
0.7763940520446097,-3.7634755378863627
0.776456009913259,-3.1303002282216807
0.7765179677819083,2.6120881799103297
0.7765799256505577,3.750165974070626
0.7766418835192069,-0.6506413491447542
0.7767038413878563,-2.9092947653456407
0.7767657992565056,-0.23846037313793778
0.776827757125155,2.5173386473377746
0.7768897149938042,1.8869118499256543
0.7769516728624535,-0.49110156394256765
0.7770136307311029,-1.8771175640813151
0.7770755885997521,-0.9774837760343331
0.7771375464684015,1.5784279180073397
0.7771995043370508,2.571350921943226
0.7772614622057001,-0.35966713913151804
0.7773234200743494,-3.5009389086322598
0.7773853779429988,-1.2681055788668563
0.777447335811648,3.7528065637420926
0.7775092936802974,3.3335568588856304
0.7775712515489467,-2.4930713535687694
0.7776332094175961,-4.2707831569814125
0.7776951672862453,1.1687215417639798
0.7777571251548947,4.8839369589555375
0.777819083023544,0.7602368140525165
0.7778810408921933,-4.373225960849369
0.7779429987608426,-2.502627729693786
0.778004956629492,2.752552118738234
0.7780669144981412,3.1390279542543427
0.7781288723667906,-1.1051168386118286
0.7781908302354399,-3.16333708014358
0.7782527881040893,-0.5851741069461608
0.7783147459727385,2.462324057367551
0.7783767038413879,2.030882145290062
0.7784386617100372,-0.9974746359803984
0.7785006195786865,-2.6516035902422233
0.7785625774473358,-0.6423998779382147
0.7786245353159851,2.3879620656698046
0.7786864931846345,1.7453583818738498
0.7787484510532837,-2.140180356335436
0.7788104089219331,-3.2365102890066586
0.7788723667905824,0.6765874363037616
0.7789343246592317,3.5068086495606234
0.778996282527881,0.5199704100870477
0.7790582403965304,-3.4000795491063114
0.7791201982651796,-1.8006355848467983
0.779182156133829,2.506633034457641
0.7792441140024783,2.546860220822822
0.7793060718711277,-1.2817804503364147
0.7793680297397769,-2.9249736852213526
0.7794299876084263,-0.7344287531227258
0.7794919454770756,1.5456128471367598
0.7795539033457249,1.4331348330621285
0.7796158612143742,-0.3795627845582087
0.7796778190830236,-2.2320049409290976
0.7797397769516728,-1.9048193594323644
0.7798017348203222,1.392549298239664
0.7798636926889715,3.5415229496659135
0.7799256505576209,0.11783456670912712
0.7799876084262701,-4.624342077942002
0.7800495662949195,-2.440780506907825
0.7801115241635688,4.155738969743998
0.7801734820322181,3.9587840077089673
0.7802354399008674,-3.6139737241784804
0.7802973977695167,-5.892202041314647
0.780359355638166,1.393316985183446
0.7804213135068153,5.891361478340345
0.7804832713754647,-0.0015452969867231214
0.780545229244114,-5.761791893739291
0.7806071871127633,-1.5508968745560767
0.7806691449814126,4.724650899727774
0.780731102850062,2.278394604493626
0.7807930607187112,-3.7663955854979676
0.7808550185873606,-2.889692602943549
0.7809169764560099,2.212238212084687
0.7809789343246593,2.224544863635088
0.7810408921933085,-1.8415790979967321
0.7811028500619579,-2.3220126892841706
0.7811648079306072,0.7015424080840291
0.7812267657992565,1.332509388110998
0.7812887236679058,-0.5855102503129916
0.7813506815365552,-0.7932906288409003
0.7814126394052044,0.48006358895157586
0.7814745972738538,0.15809031325881406
0.7815365551425031,-0.8393134189729852
0.7815985130111525,-0.07496237999673827
0.7816604708798017,0.8516265238523034
0.7817224287484511,-0.32604040354743624
0.7817843866171004,-1.5757622140212137
0.7818463444857497,-0.46395843288678185
0.781908302354399,1.0613033385096249
0.7819702602230483,0.47582797275778943
0.7820322180916977,-0.808569499734356
0.7820941759603469,-0.638376388097492
0.7821561338289963,0.162685086681972
0.7822180916976456,0.3019661986991649
0.7822800495662949,0.3267181640888297
0.7823420074349442,0.344210854672901
0.7824039653035936,-0.5623533123707063
0.7824659231722428,-1.4592561979593657
0.7825278810408922,-0.3770594715729474
0.7825898389095415,1.4847999570680526
0.7826517967781909,0.9644373826747507
0.7827137546468401,-1.4471734817879907
0.7827757125154895,-1.9430854159551383
0.7828376703841388,0.41003392938555844
0.7828996282527881,2.257639278072969
0.7829615861214374,1.1322154779123343
0.7830235439900868,-1.4386003880627676
0.783085501858736,-2.295408457627669
0.7831474597273854,-0.19091135916559632
0.7832094175960347,2.563806190989738
0.7832713754646841,1.928136559411034
0.7833333333333333,-2.235806746789887
0.7833952912019827,-3.9772649424209927
0.783457249070632,0.4935731954293481
0.7835192069392813,4.949885217217851
0.7835811648079306,1.638674530592733
0.7836431226765799,-4.800011213609886
0.7837050805452292,-3.4121723945367606
0.7837670384138785,4.117578453643818
0.7838289962825279,5.041487861357033
0.7838909541511772,-2.5377956741387537
0.7839529120198265,-5.731743716511779
0.7840148698884758,0.7520598036593474
0.7840768277571252,5.398962093454853
0.7841387856257744,0.4804982212959933
0.7842007434944238,-4.755827546247592
0.7842627013630731,-1.4100549006664165
0.7843246592317225,3.7724857946689694
0.7843866171003717,1.9525212978160078
0.7844485749690211,-2.332677045208124
0.7845105328376704,-1.3665551976119907
0.7845724907063197,1.6968962087414798
0.784634448574969,0.8273465687373056
0.7846964064436184,-1.1607096608121914
0.7847583643122676,0.08453629972456889
0.784820322180917,1.141101407091065
0.7848822800495663,-1.0980748102271431
0.7849442379182157,-1.8450816599647528
0.7850061957868649,1.6364206485806183
0.7850681536555143,2.9227755159797386
0.7851301115241636,-1.3886868828682417
0.7851920693928129,-3.5807088872332677
0.7852540272614622,1.1943936593438935
0.7853159851301115,4.616815545375624
0.7853779429987608,-0.0381591504567823
0.7854399008674101,-4.744208605344468
0.7855018587360595,-0.9357708743140571
0.7855638166047088,4.492937952429637
0.7856257744733581,1.6320364459752936
0.7856877323420074,-4.172544248650354
0.7857496902106568,-2.2087623469213646
0.785811648079306,3.8226032068324827
0.7858736059479554,2.796741871582606
0.7859355638166047,-3.205750419435175
0.785997521685254,-2.8815424687214946
0.7860594795539033,3.253470280434784
0.7861214374225527,3.733434147774664
0.786183395291202,-2.6896855477096375
0.7862453531598513,-4.483196008613021
0.7863073110285006,1.7948457485277391
0.78636926889715,5.027741467129912
0.7864312267657992,-0.7081065714720844
0.7864931846344486,-5.467041604798219
0.7865551425030979,-0.8514130392330098
0.7866171003717473,5.2905287025358065
0.7866790582403965,2.5683644788044253
0.7867410161090459,-4.118694697044536
0.7868029739776952,-3.4385115876456056
0.7868649318463445,2.9577798687591232
0.7869268897149938,4.010118291353254
0.7869888475836431,-1.5667029172790305
0.7870508054522924,-4.006805798781116
0.7871127633209417,0.15211832446771334
0.7871747211895911,3.1041134548106424
0.7872366790582404,0.3002296060774112
0.7872986369268897,-2.4648723442380205
0.787360594795539,-0.5535630427630078
0.7874225526641884,1.8065948455916272
0.7874845105328376,0.5007000771993491
0.787546468401487,-1.2178950795162553
0.7876084262701363,-0.06543456360568994
0.7876703841387857,1.0132528347516656
0.7877323420074349,-0.4742034882497292
0.7877942998760843,-1.3369881431633144
0.7878562577447336,0.4376246326505269
0.7879182156133829,1.137947364407606
0.7879801734820322,-1.0873591977614916
0.7880421313506816,-1.8483992955742021
0.7881040892193308,0.9188767560950191
0.7881660470879802,2.1418856534400534
0.7882280049566295,-0.8715336694577691
0.7882899628252789,-2.6189022582303596
0.7883519206939281,0.46004292005860614
0.7884138785625775,2.764383698298677
0.7884758364312268,-0.24079358641259185
0.7885377942998761,-3.251572113983772
0.7885997521685254,-0.825719965188647
0.7886617100371747,2.451385044159787
0.788723667905824,0.6008608218325022
0.7887856257744733,-2.649558753108698
0.7888475836431227,-1.1960058618315255
0.788909541511772,1.9459563990969633
0.7889714993804213,0.7903328398874367
0.7890334572490706,-2.084890414010414
0.78909541511772,-0.8556699962202152
0.7891573729863692,1.9800642150918606
0.7892193308550186,0.43317632759721447
0.7892812887236679,-2.9761482634026
0.7893432465923172,-1.5592373681853886
0.7894052044609665,2.5317518183390035
0.7894671623296159,1.603291029539193
0.7895291201982652,-3.2332348173730905
0.7895910780669145,-3.353104422290343
0.7896530359355638,1.9471882973241945
0.7897149938042132,3.703825097009128
0.7897769516728624,-1.1499169854542344
0.7898389095415118,-4.399368882330511
0.7899008674101611,-0.7691794163145493
0.7899628252788105,3.3179469606567507
0.7900247831474597,1.1961645742566303
0.7900867410161091,-3.0660649279864627
0.7901486988847584,-2.5841189280568293
0.7902106567534077,0.81649993687069
0.790272614622057,1.2260532570109388
0.7903345724907063,-0.8406036246404422
0.7903965303593556,-1.044142529225858
0.7904584882280049,0.05408006081219319
0.7905204460966543,-0.6419895808450379
0.7905824039653035,-1.411709852178601
0.7906443618339529,0.6092774614126354
0.7907063197026022,2.0273769880995323
0.7907682775712516,-1.180298387921089
0.7908302354399008,-4.320465739409083
0.7908921933085502,-0.9994258916849814
0.7909541511771995,4.000648145485409
0.7910161090458488,1.5122962272845268
0.7910780669144981,-5.017211479732807
0.7911400247831475,-4.093496243895198
0.7912019826517968,3.3108292157173134
0.7912639405204461,4.458658199124889
0.7913258983890954,-2.6838799740882053
0.7913878562577448,-5.549635169978024
0.791449814126394,0.5570334977462876
0.7915117719950434,4.348052423436071
0.7915737298636927,-0.5991897337956802
0.791635687732342,-4.749791252815229
0.7916976456009913,-1.0042062331787074
0.7917596034696407,2.773214614876796
0.79182156133829,-0.2574680321281577
0.7918835192069393,-3.2950341259613527
0.7919454770755886,-0.2517006246691942
0.7920074349442379,2.3007120223015085
0.7920693928128872,-1.0448037590299704
0.7921313506815365,-3.2858853977633276
0.7921933085501859,0.6876273663250293
0.7922552664188351,2.9849314861964196
0.7923172242874845,-1.8563178477828908
0.7923791821561338,-4.915086090199601
0.7924411400247832,0.4472345138013185
0.7925030978934324,4.62236425892303
0.7925650557620818,-0.8932228926086303
0.7926270136307311,-6.494237598674442
0.7926889714993804,-1.3333424896073827
0.7927509293680297,6.015524889596396
0.7928128872366791,2.25977050558921
0.7928748451053284,-6.375862575061835
0.7929368029739777,-4.763797769703268
0.792998760842627,4.365313464359871
0.7930607187112764,5.285308403520519
0.7931226765799256,-3.406741383845752
0.793184634448575,-7.016343953112134
0.7932465923172243,-0.07510853221190272
0.7933085501858737,5.514504142959831
0.7933705080545229,1.2300878975671277
0.7934324659231723,-5.085501226181705
0.7934944237918216,-3.5171812779242373
0.7935563816604709,2.534814263199226
0.7936183395291202,3.504109786177727
0.7936802973977695,-1.2216376145120567
0.7937422552664188,-3.888908803029108
0.7938042131350681,-0.9971043621408423
0.7938661710037175,2.288223157005429
0.7939281288723667,0.9504467523229843
0.7939900867410161,-2.405382036250001
0.7940520446096654,-2.29114548491053
0.7941140024783148,0.8348407603595872
0.794175960346964,1.652259654665019
0.7942379182156134,-1.0094169034282992
0.7942998760842627,-2.2864094775994483
0.794361833952912,0.19133846342926997
0.7944237918215613,2.0600046565878722
0.7944857496902107,-0.11527596389788908
0.79454770755886,-2.6520290161480826
0.7946096654275093,-1.1405333009994265
0.7946716232961586,1.7960485753032334
0.794733581164808,1.0944499013072595
0.7947955390334572,-2.008210417244616
0.7948574969021066,-2.294996568903791
0.7949194547707559,0.588877860508393
0.7949814126394052,1.9781604665407917
0.7950433705080545,0.040817433577231
0.7951053283767039,-1.8572594407794885
0.7951672862453532,-0.9728691306150777
0.7952292441140025,1.0369450920378764
0.7952912019826518,1.2347101395693811
0.7953531598513011,-0.504116390208798
0.7954151177199504,-1.7538836911797109
0.7954770755885997,-0.8042288058887792
0.7955390334572491,1.0856054583678032
0.7956009913258983,1.13086101288848
0.7956629491945477,-0.9685934188809704
0.795724907063197,-1.9700331957051684
0.7957868649318464,0.17615436957065006
0.7958488228004956,2.44063130119716
0.795910780669145,0.9632625392382945
0.7959727385377943,-2.3140696363162294
0.7960346964064436,-2.053818048807782
0.7960966542750929,1.7561182045789787
0.7961586121437423,3.0904137340334206
0.7962205700123915,-0.6394412453463085
0.7962825278810409,-3.9011629951023457
0.7963444857496902,-1.3301636036140627
0.7964064436183396,3.572448152305592
0.7964684014869888,3.2961221169347255
0.7965303593556382,-2.0832752732416417
0.7965923172242875,-4.401559995896982
0.7966542750929368,0.3505943224045738
0.7967162329615861,5.267401569904017
0.7967781908302355,2.5316009598680203
0.7968401486988848,-4.11649258402966
0.7969021065675341,-4.378453814090133
0.7969640644361834,2.4482088857497146
0.7970260223048327,5.663631586246374
0.797087980173482,0.001524130993256545
0.7971499380421313,-5.495802825575476
0.7972118959107807,-1.8963768868923223
0.7972738537794299,4.948842848814346
0.7973358116480793,4.028779115343527
0.7973977695167286,-2.706396627900923
0.797459727385378,-4.024215854734981
0.7975216852540272,1.745807729354534
0.7975836431226766,4.636941841261859
0.7976456009913259,0.24335787223727856
0.7977075588599752,-3.6240044903936846
0.7977695167286245,-0.8919266388081912
0.7978314745972739,3.1829656385222744
0.7978934324659231,1.9605558291679996
0.7979553903345725,-1.757738412520185
0.7980173482032218,-1.6271365954424202
0.7980793060718712,1.6376666067835584
0.7981412639405204,2.5525911094491986
0.7982032218091698,0.15406901394631056
0.7982651796778191,-1.3743056568538674
0.7983271375464684,0.06967289846363256
0.7983890954151177,1.7974346835783794
0.7984510532837671,1.1131240097668966
0.7985130111524164,-0.7227186105087308
0.7985749690210657,-0.7818672207038884
0.798636926889715,0.9730049327177387
0.7986988847583643,1.6256477255997708
0.7987608426270136,0.03672431014927813
0.7988228004956629,-0.9234035479510663
0.7988847583643123,0.8938932307400994
0.7989467162329615,2.515682782460465
0.7990086741016109,0.5134899093089919
0.7990706319702602,-2.0968950301557685
0.7991325898389096,-0.15773889816789832
0.7991945477075588,3.6900809730049753
0.7992565055762082,2.160073341543521
0.7993184634448575,-3.2752857903814974
0.7993804213135068,-3.0576395880521963
0.7994423791821561,3.6912764532320566
0.7995043370508055,5.682272765719417
0.7995662949194547,-1.4232361265072682
0.7996282527881041,-5.869635801746367
0.7996902106567534,0.6732710590485629
0.7997521685254028,7.611339043293508
0.799814126394052,2.8340912014702084
0.7998760842627014,-5.914704482034869
0.7999380421313507,-3.858348972124835
0.8,5.323448034742483
0.8000619578686493,6.006820383485389
0.8001239157372987,-2.446221533630582
0.800185873605948,-5.46972787834031
0.8002478314745973,1.239421538199109
0.8003097893432466,5.765838046153955
0.8003717472118959,1.564410834555753
0.8004337050805452,-3.012946476237744
0.8004956629491945,-1.0967999848393992
0.8005576208178439,2.4063493023237816
0.8006195786864931,2.0813696091088434
0.8006815365551425,0.37502911539426054
0.8007434944237918,0.0005367797592086276
0.8008054522924412,-0.6023816070483767
0.8008674101610904,-0.9560643821317929
0.8009293680297398,1.508703428107027
0.8009913258983891,3.6915395010382728
0.8010532837670384,0.4266368233987565
0.8011152416356877,-4.017088132664367
0.8011771995043371,-1.087148196394259
0.8012391573729863,5.671315901227134
0.8013011152416357,4.504619408923412
0.801363073110285,-3.698391054561432
0.8014250309789344,-5.320813308625599
0.8014869888475836,2.673886838450318
0.801548946716233,6.9838513139018925
0.8016109045848823,0.6115144441794886
0.8016728624535316,-5.719419461355317
0.8017348203221809,-2.2496597068542097
0.8017967781908303,4.618539681339888
0.8018587360594795,4.62275429661019
0.8019206939281289,-0.737357431064533
0.8019826517967782,-3.4372161065362787
0.8020446096654275,-1.0625245450394196
0.8021065675340768,2.8381931333424237
0.8021685254027261,4.152937126042812
0.8022304832713755,0.8469151151627119
0.8022924411400247,-4.129700765396374
0.8023543990086741,-3.51446174295639
0.8024163568773234,3.703657892562434
0.8024783147459728,6.939627517965074
0.802540272614622,-0.5865214055815913
0.8026022304832714,-7.819253413948989
0.8026641883519207,-1.8526514168452122
0.80272614622057,8.800538579979811
0.8027881040892193,6.183683606104411
0.8028500619578687,-6.296607260213204
0.8029120198265179,-8.00171301108533
0.8029739776951673,4.17200773263529
0.8030359355638166,9.940105456116529
0.803097893432466,-0.23754557346954397
0.8031598513011152,-9.336810379439582
0.8032218091697646,-2.727359667738406
0.8032837670384139,8.11991532883816
0.8033457249070632,5.876030942402378
0.8034076827757125,-4.700812581982621
0.8034696406443619,-6.477863213413018
0.8035315985130111,2.2475968280091267
0.8035935563816605,7.155477362710721
0.8036555142503098,1.4604412447905564
0.803717472118959,-5.239559701172426
0.8037794299876084,-3.261557235927394
0.8038413878562577,3.368211845083221
0.8039033457249071,4.583906326300584
0.8039653035935563,-0.7379192612753127
0.8040272614622057,-4.251661100360202
0.804089219330855,-1.012242073235642
0.8041511771995044,3.689271120802373
0.8042131350681536,2.8882960863443046
0.804275092936803,-1.6226662446504854
0.8043370508054523,-2.7575019127928138
0.8043990086741016,0.6641590013460027
0.8044609665427509,2.848513772755809
0.8045229244114003,0.7441172292040061
0.8045848822800495,-1.8553200157628007
0.8046468401486989,-1.2495934312866834
0.8047087980173482,0.8817528763422955
0.8047707558859976,1.3335283493592296
0.8048327137546468,0.13199780005979428
0.8048946716232962,-0.7435716714545519
0.8049566294919455,-0.4033928806270805
0.8050185873605948,0.6046472059430087
0.8050805452292441,1.1066221950963562
0.8051425030978935,0.30207445389288123
0.8052044609665427,-0.8470602287049417
0.8052664188351921,-0.5138410640010151
0.8053283767038414,0.7916654890292206
0.8053903345724907,0.6317686372674358
0.80545229244114,-0.8397535055953917
0.8055142503097893,-0.7873866790211983
0.8055762081784387,0.8237841338525196
0.8056381660470879,0.8258471011527849
0.8057001239157373,-0.8403393451089096
0.8057620817843866,-0.6320565198559389
0.805824039653036,1.3838344006419465
0.8058859975216852,1.0715027972483617
0.8059479553903346,-1.4526252169206066
0.8060099132589839,-1.304995802492327
0.8060718711276332,1.561197380298707
0.8061338289962825,1.522757120226275
0.8061957868649319,-1.8116663816845988
0.8062577447335811,-2.1350545433834505
0.8063197026022305,1.5064776965757316
0.8063816604708798,2.326570912447905
0.8064436183395292,-1.3048879948491026
0.8065055762081784,-2.396147169059734
0.8065675340768278,1.2906218161385399
0.8066294919454771,2.692823845493784
0.8066914498141264,-1.0006974549256693
0.8067534076827757,-2.7741552153878795
0.8068153655514251,0.7345663184963778
0.8068773234200743,2.681419090056906
0.8069392812887237,-0.8029104117495534
0.807001239157373,-3.117794604374475
0.8070631970260222,0.17901062616877528
0.8071251548946716,2.9490609552029428
0.8071871127633209,0.18358368415339726
0.8072490706319703,-2.7680467437337994
0.8073110285006195,-0.5479004429009955
0.8073729863692689,2.513385733523299
0.8074349442379182,1.0104488034035746
0.8074969021065675,-1.9132987646158401
0.8075588599752168,-1.2522459080712012
0.8076208178438662,1.01017080685019
0.8076827757125155,0.7851120294625263
0.8077447335811648,-0.7434538183280037
0.8078066914498141,-0.6959187324868572
0.8078686493184635,0.06860406324893886
0.8079306071871127,-0.0358398992240776
0.8079925650557621,0.04385946231089122
0.8080545229244114,0.7255299107835533
0.8081164807930608,0.22829844605074873
0.80817843866171,-1.1452556533995506
0.8082403965303594,-0.6024381035730636
0.8083023543990087,1.390324397694676
0.808364312267658,0.9877031137230385
0.8084262701363073,-1.7275074160031374
0.8084882280049567,-1.9790179593386106
0.8085501858736059,1.1226972824922083
0.8086121437422553,2.2980669029823804
0.8086741016109046,-0.721335887555105
0.8087360594795538,-2.7677745593485406
0.8087980173482032,-0.05436592070840551
0.8088599752168525,3.007421708461723
0.8089219330855019,1.1618507283257273
0.8089838909541511,-2.6612159002808613
0.8090458488228005,-2.141992807147868
0.8091078066914498,1.854799533241358
0.8091697645600991,2.658783173945518
0.8092317224287484,-1.1667927675199181
0.8092936802973978,-3.3794204411827344
0.809355638166047,-0.2786886237079702
0.8094175960346964,3.148905320220586
0.8094795539033457,1.356225430472905
0.8095415117719951,-2.6096191012994026
0.8096034696406443,-2.130707323224955
0.8096654275092937,1.9624139665447675
0.809727385377943,2.8065268324160946
0.8097893432465924,-0.9489860198737539
0.8098513011152416,-3.000259650543818
0.809913258983891,-0.1668582789971631
0.8099752168525403,2.4818168432098657
0.8100371747211896,0.6151288922659358
0.8100991325898389,-2.2203998268079745
0.8101610904584883,-1.2459554494508953
0.8102230483271375,1.5086926385263104
0.8102850061957869,1.431853550416238
0.8103469640644362,-0.75271656338292
0.8104089219330854,-1.1168872315379899
0.8104708798017348,0.46554970470515367
0.8105328376703841,0.952327633489075
0.8105947955390335,-0.192675290096882
0.8106567534076827,-0.7818862530959998
0.8107187112763321,-0.15453432825580454
0.8107806691449814,0.2803541179605704
0.8108426270136307,-0.03453578354709977
0.81090458488228,-0.30237680418064716
0.8109665427509294,-0.13976381401833754
0.8110285006195787,0.1657998116828282
0.811090458488228,0.40024648613218966
0.8111524163568773,0.2872925591742964
0.8112143742255267,-0.2897595711608728
0.8112763320941759,-0.5218751145550474
0.8113382899628253,0.2593849792253423
0.8114002478314746,0.8695935995097802
0.811462205700124,-0.12218254835072684
0.8115241635687732,-1.4437323566968603
0.8115861214374226,-0.7192917468655659
0.8116480793060719,1.2392632834982076
0.8117100371747212,1.2608442653782193
0.8117719950433705,-0.8601224105580232
0.8118339529120199,-1.6850598216847577
0.8118959107806691,0.28202327648542846
0.8119578686493185,2.014453439792827
0.8120198265179678,0.7575045372423068
0.812081784386617,-1.6220568880016388
0.8121437422552664,-1.5798051426025832
0.8122057001239157,0.6990465312485388
0.8122676579925651,1.689031659417998
0.8123296158612143,-0.10904867706650623
0.8123915737298637,-1.909064648950712
0.812453531598513,-0.8761850417230154
0.8125154894671623,1.4297393227397477
0.8125774473358116,1.392660981737617
0.812639405204461,-0.8295741870669285
0.8127013630731103,-1.45549508163463
0.8127633209417596,0.5328272426333132
0.8128252788104089,1.514945081337438
0.8128872366790583,-0.38853545841456893
0.8129491945477075,-1.7700648984140395
0.8130111524163569,-0.06119036541806469
0.8130731102850062,1.5379341614568158
0.8131350681536555,-0.1424057631927924
0.8131970260223048,-2.0602563568883787
0.8132589838909542,-0.37127014991503215
0.8133209417596035,2.129410794081054
0.8133828996282528,0.8162172486696873
0.8134448574969021,-2.0731981232325762
0.8135068153655515,-1.2701519006695738
0.8135687732342007,1.7974483424428924
0.8136307311028501,1.496389125742486
0.8136926889714994,-1.6807037589989349
0.8137546468401488,-2.0667807172901904
0.813816604708798,0.7868685817822214
0.8138785625774473,1.5611288328236594
0.8139405204460967,-0.8935847753860519
0.8140024783147459,-1.7878323643215435
0.8140644361833953,0.4422159185119833
0.8141263940520446,1.5103624776474216
0.8141883519206939,-0.4156808312546917
0.8142503097893432,-1.5201525952564199
0.8143122676579926,0.18344223985392527
0.8143742255266418,1.2584973368233596
0.8144361833952912,-0.424649216772334
0.8144981412639405,-1.7397923475820083
0.8145600991325899,-0.3249840961263152
0.8146220570012391,1.0825505992728135
0.8146840148698885,-0.09737794134260355
0.8147459727385378,-1.5557254111000745
0.8148079306071871,-0.5022654802286154
0.8148698884758364,1.1990121860293395
0.8149318463444858,0.47765545136152987
0.814993804213135,-1.3852674977369313
0.8150557620817844,-1.0484668732905542
0.8151177199504337,0.9399842419967039
0.8151796778190831,1.0002184774941663
0.8152416356877323,-1.2735763983879018
0.8153035935563817,-2.1816840856842683
0.815365551425031,-0.035491169226438024
0.8154275092936804,1.7760861640683199
0.8154894671623296,0.15304131790220094
0.8155514250309789,-2.419049258198339
0.8156133828996283,-1.603717391951272
0.8156753407682775,1.6017238047604692
0.8157372986369269,2.088512080463901
0.8157992565055762,-1.136097264178363
0.8158612143742255,-3.0484661570820144
0.8159231722428748,-0.5863186356186569
0.8159851301115242,2.299722015895315
0.8160470879801734,0.9281124008362471
0.8161090458488228,-2.596793868163317
0.8161710037174721,-2.758876637316555
0.8162329615861215,0.6772461035903039
0.8162949194547707,2.443328304529975
0.8163568773234201,-0.04111699324910023
0.8164188351920694,-2.9000291748231835
0.8164807930607187,-1.774228381862593
0.816542750929368,1.699501058540342
0.8166047087980174,2.2705186945079685
0.8166666666666667,-1.1839903999669699
0.816728624535316,-3.6688041522195443
0.8167905824039653,-1.2404901605363343
0.8168525402726147,2.6330798659297203
0.8169144981412639,1.7652830718717576
0.8169764560099133,-2.9016598129756845
0.8170384138785626,-3.9592304350429997
0.817100371747212,0.7512581738387812
0.8171623296158612,3.9210889087102325
0.8172242874845105,0.28787558929366786
0.8172862453531599,-4.377028274600338
0.8173482032218091,-2.495941519587554
0.8174101610904585,2.716534988989372
0.8174721189591078,2.6804405697912945
0.8175340768277571,-2.2623740072994143
0.8175960346964064,-3.9608975775619752
0.8176579925650558,-0.28739907369803874
0.817719950433705,2.2720108172990474
0.8177819083023544,0.24495208142024616
0.8178438661710037,-2.074855391490871
0.8179058240396531,-1.2575771044141195
0.8179677819083023,0.2396583049984382
0.8180297397769517,0.07187802933572662
0.818091697645601,-0.22184937896483042
0.8181536555142503,0.15755351246507265
0.8182156133828996,-0.6043923500047509
0.818277571251549,-2.075210837465525
0.8183395291201983,-1.1674427594797978
0.8184014869888476,1.4611412554538243
0.8184634448574969,1.152906298319021
0.8185254027261463,-2.360378425606177
0.8185873605947955,-3.2249920449382716
0.8186493184634449,0.7027208181509652
0.8187112763320942,3.2691652084654743
0.8187732342007435,-0.0687947696574297
0.8188351920693928,-4.1139595109867315
0.8188971499380421,-2.0990225283142356
0.8189591078066915,2.882303446472039
0.8190210656753407,2.5626826753175576
0.8190830235439901,-2.859404022596826
0.8191449814126394,-4.650768086772201
0.8192069392812887,0.29979614751514516
0.819268897149938,4.090210919857278
0.8193308550185874,0.47725419041548534
0.8193928128872366,-4.711841944091431
0.819454770755886,-2.8425104909706445
0.8195167286245353,3.243157245823455
0.8195786864931847,3.6105468691654092
0.8196406443618339,-2.41092324344934
0.8197026022304833,-4.993599979233822
0.8197645600991326,-0.0637725200762208
0.8198265179677819,4.062062385723615
0.8198884758364312,0.7155020281330751
0.8199504337050806,-4.263732672731256
0.8200123915737298,-2.803696756425655
0.8200743494423792,2.1653744648598305
0.8201363073110285,2.54859457020701
0.8201982651796779,-1.403723267473301
0.8202602230483271,-2.8154564105937894
0.8203221809169765,-0.12931147294055403
0.8203841387856258,1.663462933222875
0.8204460966542751,0.26836162991221957
0.8205080545229244,-1.316765966820842
0.8205700123915737,-1.0612655759060696
0.820631970260223,-0.3134053504962816
0.8206939281288723,-0.05940161125824206
0.8207558859975217,0.1361438427282161
0.820817843866171,-0.07823723441459385
0.8208798017348203,-0.9927344628540674
0.8209417596034696,-1.0179101298742474
0.821003717472119,0.6068604726909004
0.8210656753407682,1.3700889633809714
0.8211276332094176,-0.46203235865797376
0.8211895910780669,-2.0490128117622133
0.8212515489467163,-0.49655346392976885
0.8213135068153655,1.7122433370690646
0.8213754646840149,0.6954251516949395
0.8214374225526642,-1.997233196937703
0.8214993804213135,-1.913286623577628
0.8215613382899628,0.7830592421227874
0.8216232961586122,1.81275175478046
0.8216852540272614,-0.09357368328060824
0.8217472118959108,-1.6897246381352493
0.8218091697645601,-0.8000578642796726
0.8218711276332095,0.9026464373673277
0.8219330855018587,1.2014515321423396
0.8219950433705081,0.12968876913071514
0.8220570012391574,-1.0619923826668167
0.8221189591078067,-1.3523551183641365
0.822180916976456,-0.2625144405070454
0.8222428748451053,1.3518313043031915
0.8223048327137547,1.3161746974393365
0.8223667905824039,-0.960305658097699
0.8224287484510533,-2.472761620210114
0.8224907063197026,-0.3540835635769999
0.8225526641883519,3.003645248406065
0.8226146220570012,2.415710175706997
0.8226765799256506,-1.991280446429012
0.8227385377942998,-3.7493371508411073
0.8228004956629492,0.391987000425736
0.8228624535315985,4.465531530944997
0.8229244114002479,1.7725490779337791
0.8229863692688971,-4.078983982369291
0.8230483271375465,-3.8790744422723327
0.8231102850061958,2.5706710261042427
0.8231722428748451,5.348873026585499
0.8232342007434944,-0.05122937071900069
0.8232961586121438,-5.131337696365964
0.823358116480793,-1.745672474990513
0.8234200743494424,4.762273313572595
0.8234820322180917,4.082083984567424
0.8235439900867411,-2.6264760607665245
0.8236059479553903,-4.825211915335958
0.8236679058240397,0.6602450529830481
0.823729863692689,5.08061686268246
0.8237918215613383,1.7276178143866747
0.8238537794299876,-4.001575198848166
0.8239157372986369,-3.253474511008503
0.8239776951672863,2.8975717465723028
0.8240396530359355,5.170738078517269
0.8241016109045849,-0.028159885067855273
0.8241635687732342,-4.905945628631968
0.8242255266418835,-1.6605083618763494
0.8242874845105328,5.113934291041508
0.8243494423791822,4.533893045212057
0.8244114002478314,-3.2850166381971406
0.8244733581164808,-5.992940597791249
0.8245353159851301,1.5045738004981901
0.8245972738537795,7.4260280435485555
0.8246592317224287,1.614693168099546
0.8247211895910781,-6.724926324215806
0.8247831474597274,-3.4038099573455236
0.8248451053283767,6.495972330229787
0.824907063197026,6.39455073482188
0.8249690210656754,-3.6463490774382965
0.8250309789343246,-6.724322292516527
0.825092936802974,2.0758497452844304
0.8251548946716233,7.530363970232359
0.8252168525402727,0.7062297910496248
0.8252788104089219,-6.262770204806438
0.8253407682775713,-1.8662206251873619
0.8254027261462206,5.57764147821346
0.8254646840148699,3.6165783999718126
0.8255266418835192,-3.2046763068578787
0.8255885997521685,-2.941393931388742
0.8256505576208178,2.929780649030109
0.8257125154894671,3.8244528697987734
0.8257744733581165,-0.9715719675263033
0.8258364312267658,-2.5705638007371685
0.8258983890954151,1.1394324890162977
0.8259603469640644,2.9349609624333297
0.8260223048327138,-0.10898232059729182
0.826084262701363,-2.1376740544620962
0.8261462205700124,0.4083956382865026
0.8262081784386617,2.8645598677565185
0.826270136307311,1.011026245742638
0.8263320941759603,-1.74673345073747
0.8263940520446097,-0.5677334485927497
0.826456009913259,2.576723862639487
0.8265179677819083,2.3404387910307265
0.8265799256505576,-1.0432669323011787
0.826641883519207,-2.090460726218807
0.8267038413878562,0.9467426055844426
0.8267657992565056,3.094515005591804
0.8268277571251549,0.7142687072228219
0.8268897149938043,-2.375861249566543
0.8269516728624535,-0.9888879206088015
0.8270136307311029,2.802142409546885
0.8270755885997522,2.8698192659358623
0.8271375464684015,-0.8971577682647629
0.8271995043370508,-2.3397885300667935
0.8272614622057001,0.8645631067470165
0.8273234200743494,3.4523304389660336
0.8273853779429987,1.2159950371128194
0.8274473358116481,-2.3120803947359767
0.8275092936802974,-1.6807127814841376
0.8275712515489467,1.9983699805749953
0.827633209417596,3.07443750516328
0.8276951672862454,0.014428064761656367
0.8277571251548946,-2.508069001986516
0.827819083023544,-0.6159808904413646
0.8278810408921933,3.0503603866372933
0.8279429987608427,3.008998302251768
0.8280049566294919,-0.953994282782009
0.8280669144981413,-2.962314311170458
0.8281288723667906,0.28584860277306207
0.8281908302354399,3.8708882570083825
0.8282527881040892,1.8592689638595135
0.8283147459727386,-2.8555603832038914
0.8283767038413878,-2.610504446270262
0.8284386617100372,2.393324079449055
0.8285006195786865,3.9832185192869556
0.8285625774473359,-0.3892928907358221
0.8286245353159851,-3.2448775033830795
0.8286864931846345,0.15743098602609296
0.8287484510532838,3.8050904475794445
0.8288104089219331,1.5434520307047568
0.8288723667905824,-2.4563158193538195
0.8289343246592317,-1.4431940456748908
0.828996282527881,2.2810088430839537
0.8290582403965303,2.101943566087401
0.8291201982651797,-1.2658329188841106
0.829182156133829,-1.784936480728042
0.8292441140024783,1.131501212052741
0.8293060718711276,2.339655375078548
0.829368029739777,0.2067204949651022
0.8294299876084262,-1.3596130809350377
0.8294919454770756,-0.07731377796009095
0.8295539033457249,1.6130800316590257
0.8296158612143743,1.248971206869633
0.8296778190830235,-0.34068390407378557
0.8297397769516729,-1.113270344476612
0.8298017348203222,-0.32494597530844516
0.8298636926889715,1.1526748929958317
0.8299256505576208,1.4814503126206904
0.8299876084262702,-0.1878960732958167
0.8300495662949194,-1.699251852160159
0.8301115241635688,-0.28751877529588765
0.8301734820322181,2.4541776443947745
0.8302354399008675,2.012098515995755
0.8302973977695167,-1.484521794584721
0.8303593556381661,-2.4337886776316298
0.8304213135068154,1.0771850743327733
0.8304832713754647,3.3033951332252114
0.830545229244114,0.17703107360481551
0.8306071871127633,-3.3522139351806057
0.8306691449814126,-1.2850216970797768
0.8307311028500619,3.1403994612172514
0.8307930607187113,2.6375073661618553
0.8308550185873605,-1.9511838707026903
0.8309169764560099,-3.0470763075972465
0.8309789343246592,1.1544502105767491
0.8310408921933086,3.887293812077857
0.8311028500619578,0.8346692899202794
0.8311648079306072,-3.246279171032687
0.8312267657992565,-2.223855097741466
0.8312887236679058,2.1874279524496734
0.8313506815365551,3.3672445643962767
0.8314126394052045,-0.4358553841420916
0.8314745972738538,-3.718191292341692
0.8315365551425031,-1.5717945253144103
0.8315985130111524,3.2074166919921447
0.8316604708798018,3.6935163502073367
0.831722428748451,-1.1703276677454804
0.8317843866171004,-4.31603672529514
0.8318463444857497,-0.7084261844041301
0.831908302354399,4.405783712541689
0.8319702602230483,2.938346304220528
0.8320322180916977,-3.1527117368299638
0.832094175960347,-4.413853277301292
0.8321561338289963,1.0842900319555224
0.8322180916976456,4.583900291365814
0.8322800495662949,0.8571425244373743
0.8323420074349442,-3.706815238028371
0.8324039653035935,-2.0844235272373504
0.8324659231722429,2.4561356095879616
0.8325278810408921,2.8853323953608023
0.8325898389095415,-0.4680241995680242
0.8326517967781908,-2.2191300164822163
0.8327137546468402,-0.8155855279521698
0.8327757125154894,1.0233569332415962
0.8328376703841388,1.4192935320296267
0.8328996282527881,0.3035916723363794
0.8329615861214374,-1.5770019664855122
0.8330235439900867,-1.8995698322658174
0.8330855018587361,0.8728698225363726
0.8331474597273854,3.1941207370912927
0.8332094175960347,0.5668548229264483
0.833271375464684,-3.5990120392704164
0.8333333333333334,-1.8472065207077866
0.8333952912019826,3.8393832818800115
0.833457249070632,3.574046736896039
0.8335192069392813,-3.17210899957328
0.8335811648079307,-5.071265081046615
0.8336431226765799,1.6600467979453746
0.8337050805452293,5.692979847026578
0.8337670384138786,-0.057632235529016196
0.8338289962825279,-5.746550285578719
0.8338909541511772,-1.6393101274238147
0.8339529120198265,5.090780149227334
0.8340148698884758,3.2535168401946564
0.8340768277571251,-3.3280344127262578
0.8341387856257745,-3.6000987949536287
0.8342007434944237,1.790660650154128
0.8342627013630731,3.3763915666485182
0.8343246592317224,-0.43915337169332086
0.8343866171003718,-2.6090486174408953
0.834448574969021,-0.5390138726559788
0.8345105328376704,1.3060734228047703
0.8345724907063197,0.5848694306590875
0.834634448574969,-0.26807268833687986
0.8346964064436183,0.01852803659478819
0.8347583643122677,0.05051301590953572
0.834820322180917,-0.28767721494255527
0.8348822800495663,0.2174176729589523
0.8349442379182156,0.9275306111367386
0.835006195786865,0.2857845262431451
0.8350681536555142,-0.9769716642027791
0.8351301115241636,-0.8592958956446246
0.8351920693928129,0.5225589588614743
0.8352540272614623,1.105484881073883
0.8353159851301115,0.015245265547780384
0.8353779429987609,-1.1568720847642207
0.8354399008674102,-0.4958615947828555
0.8355018587360595,1.345821026107364
0.8355638166047088,1.5228981601163591
0.8356257744733581,-0.6889294896954455
0.8356877323420074,-1.8366251158273152
0.8357496902106567,0.4394605752226821
0.8358116480793061,2.46309520386165
0.8358736059479553,0.13795901814528655
0.8359355638166047,-2.9787786298150607
0.835997521685254,-0.9565192249233155
0.8360594795539034,3.233439725364685
0.8361214374225526,1.8990563887092058
0.836183395291202,-3.064524394940118
0.8362453531598513,-2.4809489558473925
0.8363073110285006,3.2122653006059445
0.8363692688971499,3.7151168449536764
0.8364312267657993,-2.3422857502165484
0.8364931846344485,-4.088202769031441
0.8365551425030979,1.8090750457658642
0.8366171003717472,4.546256951220491
0.8366790582403966,-1.0495697835844504
0.8367410161090458,-4.755529100197126
0.8368029739776952,0.2397908395189332
0.8368649318463445,4.769997394768513
0.8369268897149938,0.7182230879986943
0.8369888475836431,-4.195617311775413
0.8370508054522925,-1.0143032175440352
0.8371127633209418,4.18117643364952
0.8371747211895911,2.0110010591715644
0.8372366790582404,-3.237603363249628
0.8372986369268897,-2.2411175367839027
0.837360594795539,2.5637618140834926
0.8374225526641883,2.471264908947244
0.8374845105328377,-1.7537794621232878
0.8375464684014869,-2.4715954773496307
0.8376084262701363,0.9526419982166955
0.8376703841387856,2.338469907735597
0.837732342007435,0.058820965799733255
0.8377942998760842,-1.4602287195205261
0.8378562577447336,-0.18976630702950115
0.8379182156133829,1.1991465384099873
0.8379801734820322,0.8125050151258516
0.8380421313506815,-0.2575233393670544
0.8381040892193309,-0.7227582678012417
0.8381660470879801,-0.4203245919560964
0.8382280049566295,0.38789419179185014
0.8382899628252788,0.8579320147980058
0.8383519206939282,0.08026397862191892
0.8384138785625774,-1.041916520920941
0.8384758364312268,-0.527245875209844
0.8385377942998761,1.243140964596362
0.8385997521685254,1.5052743583873152
0.8386617100371747,-0.4455244734128026
0.8387236679058241,-1.6793552353195258
0.8387856257744734,-0.1261633071558188
0.8388475836431227,1.8833927067171023
0.838909541511772,0.9978988821965076
0.8389714993804213,-1.7509171451928838
0.8390334572490706,-2.071567055935218
0.8390954151177199,0.9263052297557604
0.8391573729863693,2.692836066953913
0.8392193308550185,0.11318666059173862
0.8392812887236679,-2.8549376457352014
0.8393432465923172,-1.012568020983025
0.8394052044609666,2.9930399332116
0.8394671623296158,2.2764534430126453
0.8395291201982652,-2.4085457540665267
0.8395910780669145,-3.1532037975216873
0.8396530359355638,1.4940958038768606
0.8397149938042131,3.43484704848642
0.8397769516728625,-0.8878321291530545
0.8398389095415117,-3.8999238556904166
0.8399008674101611,-0.26682058112550433
0.8399628252788104,3.566055026734879
0.8400247831474598,1.0325137764640284
0.840086741016109,-2.989175784570239
0.8401486988847584,-1.48654903166126
0.8402106567534077,2.2881205123710995
0.840272614622057,1.631483037541954
0.8403345724907063,-1.6068269857275643
0.8403965303593557,-1.6871954722609188
0.840458488228005,0.47903998559452526
0.8405204460966543,0.6239724847082901
0.8405824039653036,-0.5225359250855821
0.8406443618339529,-0.25822087899999163
0.8407063197026022,0.11395659819086834
0.8407682775712515,-0.8152542721041478
0.8408302354399009,-0.604977230110873
0.8408921933085501,1.3446643231265432
0.8409541511771995,1.0855329432779453
0.8410161090458488,-1.8761465948007268
0.8410780669144982,-2.112827143262881
0.8411400247831474,1.4191448207748754
0.8412019826517968,2.1895559988684896
0.8412639405204461,-1.7832654553544685
0.8413258983890954,-3.344312548995621
0.8413878562577447,0.6302491159872736
0.8414498141263941,2.9483587596016947
0.8415117719950433,-0.5745568744799425
0.8415737298636927,-3.2623141977946983
0.841635687732342,-0.2526382694920605
0.8416976456009914,2.592065319902961
0.8417596034696406,0.18622272433721654
0.84182156133829,-2.547151199315057
0.8418835192069393,-0.8387426157605644
0.8419454770755886,1.2004319104762113
0.8420074349442379,-0.33339695735793073
0.8420693928128873,-1.6366074533725201
0.8421313506815366,0.08165355532615237
0.8421933085501859,0.6707888263966545
0.8422552664188352,-1.6359164503915524
0.8423172242874845,-1.6632394039758958
0.8423791821561338,1.7976696687985192
0.8424411400247831,1.9880623818142218
0.8425030978934325,-2.675440278269119
0.8425650557620817,-3.8170565390445144
0.8426270136307311,1.5665513183380984
0.8426889714993804,4.049605112583156
0.8427509293680298,-1.5895725794489268
0.842812887236679,-5.87670699320559
0.8428748451053284,-0.9913387228467878
0.8429368029739777,4.868954613427207
0.842998760842627,1.6205410836293934
0.8430607187112763,-5.0100129349428535
0.8431226765799257,-3.669738464689726
0.8431846344485749,3.014164166889019
0.8432465923172243,3.6471773451823974
0.8433085501858736,-2.2967262625677547
0.843370508054523,-4.605589800400558
0.8434324659231722,-0.13753187930556043
0.8434944237918216,2.97838112954574
0.8435563816604709,-0.05980348132217461
0.8436183395291202,-3.501515116187439
0.8436802973977695,-1.784381787950677
0.8437422552664189,1.6123929652425968
0.8438042131350681,1.0593107938825272
0.8438661710037175,-1.9034410472585415
0.8439281288723668,-2.039378785499552
0.843990086741016,0.5797698207978228
0.8440520446096654,1.2302680599910114
0.8441140024783147,-1.170383498529456
0.8441759603469641,-2.4237627737274305
0.8442379182156133,-0.44661815306425445
0.8442998760842627,1.1715643585036375
0.844361833952912,-0.48042866174120946
0.8444237918215614,-2.476445591114101
0.8444857496902106,-1.205320003152529
0.84454770755886,1.1868653051258753
0.8446096654275093,0.5782005045078414
0.8446716232961586,-1.8138358142252677
0.8447335811648079,-1.728946865230206
0.8447955390334573,0.48622884456695137
0.8448574969021065,0.7796057025721715
0.8449194547707559,-1.1735096321898093
0.8449814126394052,-1.808421972242416
0.8450433705080546,-0.4444328646706319
0.8451053283767038,0.04775431763802551
0.8451672862453532,-0.847292751630296
0.8452292441140025,-0.8380189772253754
0.8452912019826518,-0.050876409753524365
0.8453531598513011,-0.6009750549110247
0.8454151177199505,-1.4627754921060176
0.8454770755885997,-0.15843425085280405
0.8455390334572491,1.349383455965325
0.8456009913258984,-0.46431494266288675
0.8456629491945477,-3.0889946529406007
0.845724907063197,-1.4121185377984249
0.8457868649318463,2.2790174852361864
0.8458488228004957,1.1733495570617967
0.8459107806691449,-3.502457184506335
0.8459727385377943,-3.505395089642765
0.8460346964064436,1.7945690458410035
0.846096654275093,3.41802858820425
0.8461586121437422,-1.6337580647302667
0.8462205700123916,-4.667993243541177
0.8462825278810409,-0.35267557828562035
0.8463444857496902,3.8533093705415062
0.8464064436183395,0.7062479183528056
0.8464684014869889,-4.32054297424528
0.8465303593556381,-2.77122714117509
0.8465923172242875,2.358796928381058
0.8466542750929368,2.3314626227165975
0.8467162329615862,-2.3915205684908756
0.8467781908302354,-3.6529270236100086
0.8468401486988848,0.39020111054863804
0.8469021065675341,2.905435028255955
0.8469640644361834,0.162438201475835
0.8470260223048327,-3.020606479651222
0.8470879801734821,-1.7623104139434231
0.8471499380421313,1.545933844356703
0.8472118959107807,1.7833556778678947
0.84727385377943,-1.1660418681335458
0.8473358116480793,-2.9121334517518838
0.8473977695167286,-1.0812119833197231
0.8474597273853779,1.677474585535882
0.8475216852540273,1.508413863435026
0.8475836431226765,-1.3712950924767318
0.8476456009913259,-2.768471531245526
0.8477075588599752,-0.3279202267452116
0.8477695167286246,2.593010346049873
0.8478314745972738,1.4094360077647676
0.8478934324659232,-2.415113627597262
0.8479553903345725,-2.9186899647214184
0.8480173482032218,0.9545627732248148
0.8480793060718711,2.980642096498957
0.8481412639405205,-0.4406716507888522
0.8482032218091697,-3.762392311124058
0.8482651796778191,-1.1446333138088207
0.8483271375464684,3.244136974746571
0.8483890954151178,1.8147846185229541
0.848451053283767,-3.074058334459698
0.8485130111524164,-2.6238922056140113
0.8485749690210657,2.7616449364736857
0.848636926889715,3.4114563712658095
0.8486988847583643,-2.398821940767974
0.8487608426270137,-4.410429065496965
0.8488228004956629,1.5100506102325486
0.8488847583643123,4.9562047024822125
0.8489467162329616,-0.8341344829035167
0.8490086741016108,-5.853014301385105
0.8490706319702602,-0.5501214287567712
0.8491325898389095,6.210448287066837
0.8491945477075589,2.1808818692705194
0.8492565055762081,-5.774659646555534
0.8493184634448575,-3.2408486415078555
0.8493804213135068,5.522709088853003
0.8494423791821561,4.673150578548648
0.8495043370508054,-4.441160423391172
0.8495662949194548,-5.35777548689896
0.849628252788104,3.50096475194869
0.8496902106567534,5.841201033822465
0.8497521685254027,-2.5063431593799925
0.8498141263940521,-5.904795820457079
0.8498760842627013,2.012015640776018
0.8499380421313507,6.506608205552027
0.85,-0.704589616965718
0.8500619578686494,-5.982182692345568
0.8501239157372986,0.6177466524932012
0.850185873605948,6.675386217374967
0.8502478314745973,0.7349531106078069
0.8503097893432466,-6.192444049881075
0.8503717472118959,-1.2662046875660011
0.8504337050805453,6.252799062965236
0.8504956629491945,2.4858697714384745
0.8505576208178439,-5.303581514454489
0.8506195786864932,-2.6621986402218525
0.8506815365551424,5.256850466216701
0.8507434944237918,3.9537188792398723
0.8508054522924411,-3.496988804286616
0.8508674101610905,-3.167218109403101
0.8509293680297397,3.5839419543333357
0.8509913258983891,3.8277837683040827
0.8510532837670384,-2.242396264762496
0.8511152416356877,-2.831572955070103
0.851177199504337,2.49247693071632
0.8512391573729864,2.9957678793196725
0.8513011152416357,-1.8467271921306645
0.851363073110285,-1.9758867845875856
0.8514250309789343,2.942324748102944
0.8514869888475837,2.9723419466836
0.8515489467162329,-2.1304849813754148
0.8516109045848823,-2.1390353451975055
0.8516728624535316,3.4078820061165764
0.851734820322181,3.7296145766883244
0.8517967781908302,-2.347010747580965
0.8518587360594796,-3.516111386834585
0.8519206939281289,2.6525754974339444
0.8519826517967782,4.754656408092186
0.8520446096654275,-1.1523601565678534
0.8521065675340769,-4.1154502246638245
0.8521685254027261,1.2915204073860367
0.8522304832713755,5.103911602646873
0.8522924411400248,0.6885386727896854
0.852354399008674,-3.4326385571782416
0.8524163568773234,0.009500308409239322
0.8524783147459727,4.042002765253729
0.8525402726146221,1.3386909568870333
0.8526022304832713,-2.4886575042743173
0.8526641883519207,-0.4710914447893212
0.85272614622057,2.833803730051957
0.8527881040892193,1.1195894531136417
0.8528500619578686,-1.6393245750991219
0.852912019826518,0.15970672096951133
0.8529739776951673,2.671206172433817
0.8530359355638166,0.7954648399209068
0.8530978934324659,-1.479124771384076
0.8531598513011153,0.6893423904515377
0.8532218091697645,2.967017420626439
0.8532837670384139,0.40415035384274306
0.8533457249070632,-2.297084411748
0.8534076827757126,0.3312570121135514
0.8534696406443618,3.4581241149890922
0.8535315985130112,0.8610255154494006
0.8535935563816605,-2.8134375333259536
0.8536555142503098,-0.46245434555049414
0.8537174721189591,3.859158875199552
0.8537794299876085,2.22365458958736
0.8538413878562577,-2.359085040572444
0.8539033457249071,-1.494394619743591
0.8539653035935564,3.075531654227781
0.8540272614622056,2.92090270049129
0.854089219330855,-1.508335272226733
0.8541511771995043,-2.1603716333468546
0.8542131350681537,1.691582951454813
0.8542750929368029,2.7764009692062093
0.8543370508054523,-0.471147316405899
0.8543990086741016,-1.7442467880271386
0.8544609665427509,1.0111458136927736
0.8545229244114002,2.4772237988060315
0.8545848822800496,0.3668829946688432
0.8546468401486988,-1.0247203214668965
0.8547087980173482,0.5110996634544486
0.8547707558859975,1.6249987924912501
0.8548327137546469,0.46641957333177375
0.8548946716232961,-0.4117985076963542
0.8549566294919455,0.24453470821540257
0.8550185873605948,0.5005627519618789
0.8550805452292441,-0.0009838765188119325
0.8551425030978934,0.4687559512705246
0.8552044609665428,1.248179609472539
0.855266418835192,0.271091046446984
0.8553283767038414,-0.9706706663667195
0.8553903345724907,0.3721496196949645
0.8554522924411401,2.3718856408308375
0.8555142503097893,1.0794322115403954
0.8555762081784387,-1.7873358765915774
0.855638166047088,-1.2229902566776516
0.8557001239157374,1.955763691953419
0.8557620817843866,2.1984244672621447
0.8558240396530359,-0.9388123423059539
0.8558859975216853,-2.048132739036446
0.8559479553903345,0.5842526225009417
0.8560099132589839,2.412722211228055
0.8560718711276332,0.8184563723517904
0.8561338289962825,-1.1003077567527562
0.8561957868649318,-0.5618206839287333
0.8562577447335812,0.9291404241758395
0.8563197026022304,1.1973379201116043
0.8563816604708798,0.36528155638605986
0.8564436183395291,-0.6343253260216686
0.8565055762081785,-0.9734134650049487
0.8565675340768277,0.17048180467245944
0.8566294919454771,1.7184973429720123
0.8566914498141264,0.9053578571969917
0.8567534076827757,-1.6989357579019913
0.856815365551425,-1.506535130472212
0.8568773234200744,2.1074178353365336
0.8569392812887237,3.0607588657327893
0.857001239157373,-1.1264390709767809
0.8570631970260223,-3.5649377454249422
0.8571251548946717,0.4511735838857216
0.8571871127633209,4.144262151541367
0.8572490706319703,0.6823983242619414
0.8573110285006196,-4.122752380511225
0.857372986369269,-1.798558485928942
0.8574349442379182,3.487170769629669
0.8574969021065675,2.521198214229222
0.8575588599752169,-2.3615684841468543
0.8576208178438661,-2.2660319318871225
0.8576827757125155,1.8116846532555835
0.8577447335811648,1.9940270350970795
0.8578066914498141,-1.18663766160922
0.8578686493184634,-1.040349631511689
0.8579306071871128,1.389836418695286
0.857992565055762,0.1676622583725953
0.8580545229244114,-2.4174573666176933
0.8581164807930607,-0.2021332396291855
0.8581784386617101,3.2446368394810623
0.8582403965303593,0.5496039190861861
0.8583023543990087,-4.05952790771596
0.858364312267658,-1.439376112314023
0.8584262701363073,4.47432447264451
0.8584882280049566,2.7557825939203515
0.858550185873606,-3.975884497069127
0.8586121437422553,-3.6776250908940886
0.8586741016109046,2.957499631668317
0.8587360594795539,3.8233839344603417
0.8587980173482033,-2.2367621483466387
0.8588599752168525,-3.979731473824695
0.8589219330855019,1.0456339826919745
0.8589838909541512,3.069637635198611
0.8590458488228006,-0.7629257010521293
0.8591078066914498,-2.254003822843472
0.8591697645600991,0.9069870051801239
0.8592317224287485,1.594239403308973
0.8592936802973977,-1.3892678464389316
0.8593556381660471,-1.2332006570307628
0.8594175960346964,1.9999990033492758
0.8594795539033457,1.007131774687671
0.859541511771995,-3.147632435353019
0.8596034696406444,-1.9354663430957977
0.8596654275092936,3.300503573586397
0.859727385377943,2.4896652543951974
0.8597893432465923,-3.639822447234258
0.8598513011152417,-3.624123990657405
0.8599132589838909,3.2424694819949007
0.8599752168525403,4.619408793360673
0.8600371747211896,-2.2939896714183607
0.8600991325898389,-5.2142994964432265
0.8601610904584882,0.9347803330414339
0.8602230483271376,4.988306264591921
0.8602850061957868,-0.008062619828520745
0.8603469640644362,-4.818743018608165
0.8604089219330855,-1.3659439515613643
0.8604708798017349,3.506012113385507
0.8605328376703841,1.6083553505077244
0.8605947955390335,-2.511559838255725
0.8606567534076828,-1.500542613317259
0.8607187112763321,1.7282442934691693
0.8607806691449814,1.109502963603938
0.8608426270136307,-1.2579872864141295
0.86090458488228,-0.5639397636623328
0.8609665427509293,1.1749969175323463
0.8610285006195787,-0.04987608869798299
0.861090458488228,-1.8713139826043688
0.8611524163568773,-0.3284543509329172
0.8612143742255266,2.002775714370081
0.861276332094176,0.6193750587824369
0.8613382899628252,-2.223981091322344
0.8614002478314746,-1.2781503064479454
0.8614622057001239,2.1494178952012404
0.8615241635687733,2.2107101658965633
0.8615861214374225,-1.3401573606973978
0.8616480793060719,-2.627043631955468
0.8617100371747212,0.4187494738741959
0.8617719950433705,2.6537373232026074
0.8618339529120198,0.37639426532020526
0.8618959107806692,-2.6149507915732793
0.8619578686493184,-1.428190420632664
0.8620198265179678,1.9296231695826032
0.8620817843866171,2.0506684577325953
0.8621437422552665,-0.9913793124314614
0.8622057001239157,-2.044030839469995
0.8622676579925651,0.4861556180252382
0.8623296158612144,2.2634532725735115
0.8623915737298637,0.46917252580692614
0.862453531598513,-1.7471085768042225
0.8625154894671623,-0.9015338024022003
0.8625774473358117,1.1904972669707505
0.8626394052044609,1.0162294770836189
0.8627013630731103,-0.7420752074028104
0.8627633209417596,-0.969706899492522
0.8628252788104089,0.4512331740275801
0.8628872366790582,1.0176463669750524
0.8629491945477076,0.14697856019599526
0.8630111524163568,-0.3492620824488146
0.8630731102850062,0.21652611779014097
0.8631350681536555,0.5749980843662548
0.8631970260223049,0.10407291430268462
0.8632589838909541,-0.28086046615581917
0.8633209417596035,-0.013255612106228512
0.8633828996282528,0.2868586447150715
0.8634448574969021,0.11923500483389107
0.8635068153655514,-0.13890442701352534
0.8635687732342008,-0.02527159196381379
0.86363073110285,0.3421323072982644
0.8636926889714994,0.5439618139582092
0.8637546468401487,0.3647358068058775
0.8638166047087981,0.0261613335308329
0.8638785625774473,-0.013122733514110807
0.8639405204460967,0.3089397499485804
0.864002478314746,0.4463382404568208
0.8640644361833953,0.08046577403771034
0.8641263940520446,-0.26615181609436456
0.8641883519206939,-0.07232256208459625
0.8642503097893433,0.29202089057907277
0.8643122676579925,0.29837077061669354
0.8643742255266419,0.20352257995127687
0.8644361833952912,0.3531746568868588
0.8644981412639405,0.3547296922995294
0.8645600991325898,0.0032694828693748956
0.8646220570012392,0.05014545213108884
0.8646840148698884,0.7476809961411692
0.8647459727385378,0.8061248429912546
0.8648079306071871,-0.4517355634404234
0.8648698884758365,-1.1835991726634374
0.8649318463444857,0.2717921501068712
0.8649938042131351,1.9175865017239098
0.8650557620817844,0.7070407602281548
0.8651177199504337,-1.8899598003427887
0.865179677819083,-1.3305600451892483
0.8652416356877324,2.281945567580256
0.8653035935563816,3.160431217671592
0.865365551425031,-0.8823231988334364
0.8654275092936803,-3.6510658301180174
0.8654894671623297,-0.07849762096689705
0.8655514250309789,4.4831602862964495
0.8656133828996283,2.0978354500853693
0.8656753407682776,-4.0590529703696205
0.8657372986369269,-3.8125186468030083
0.8657992565055762,3.042912886352811
0.8658612143742255,5.443725032188512
0.8659231722428749,-0.7896623346910444
0.8659851301115241,-5.488018840068904
0.8660470879801735,-0.850410447217061
0.8661090458488228,5.475821033462971
0.8661710037174721,3.225674332115476
0.8662329615861214,-3.597369798661493
0.8662949194547708,-4.05155918251796
0.86635687732342,1.7312803911510213
0.8664188351920694,4.105408205429084
0.8664807930607187,0.1994562009415422
0.866542750929368,-3.0790635709932936
0.8666047087980173,-1.4190197605581845
0.8666666666666667,1.619784047934928
0.866728624535316,2.098288559649364
0.8667905824039653,0.5304935981150151
0.8668525402726146,-1.1517635818187197
0.866914498141264,-1.593500512504805
0.8669764560099132,0.1814860905452228
0.8670384138785626,2.4769160237247494
0.8671003717472119,1.334224740207358
0.8671623296158613,-2.6096966592479416
0.8672242874845105,-2.945969116913189
0.8672862453531599,1.8407288671867774
0.8673482032218092,3.9151634661968466
0.8674101610904585,-0.9031766768518442
0.8674721189591078,-4.503198173879765
0.8675340768277571,-0.09975797662575503
0.8675960346964064,4.866263304572243
0.8676579925650557,1.3712970876299744
0.8677199504337051,-4.575254888332099
0.8677819083023544,-2.369297996290278
0.8678438661710037,3.84498852075916
0.867905824039653,2.6903480575267724
0.8679677819083024,-3.554352467728708
0.8680297397769516,-3.401873989926366
0.868091697645601,2.490598026563692
0.8681536555142503,3.028680841835896
0.8682156133828997,-2.283850981772818
0.8682775712515489,-2.953094326899379
0.8683395291201983,2.097693827836208
0.8684014869888476,2.72314454820258
0.8684634448574969,-2.457423429871536
0.8685254027261462,-3.2063752810871957
0.8685873605947956,2.272281983537642
0.8686493184634448,3.2670974155827235
0.8687112763320942,-2.8938278580925534
0.8687732342007435,-4.890289120012234
0.8688351920693929,1.598630797461164
0.8688971499380421,5.116422721747534
0.8689591078066915,-0.9231241750883554
0.8690210656753408,-5.9479547736824845
0.8690830235439901,-1.073938309717681
0.8691449814126394,5.172280219636866
0.8692069392812887,2.2104519973471204
0.869268897149938,-4.484676362925986
0.8693308550185873,-3.9061096609929074
0.8693928128872367,1.9114187059732068
0.869454770755886,3.1480420101934476
0.8695167286245353,-1.0627797127158867
0.8695786864931846,-3.397048421645026
0.869640644361834,-1.28025611206855
0.8697026022304832,1.1614427322343124
0.8697645600991326,1.17394302607496
0.8698265179677819,-0.24821619775180848
0.8698884758364313,-1.6555163356187044
0.8699504337050805,-1.7838061213022134
0.8700123915737299,0.11259588072233906
0.8700743494423792,1.7244220478111973
0.8701363073110285,-0.09028645339109159
0.8701982651796778,-3.115302767275244
0.8702602230483272,-2.1269516022529222
0.8703221809169764,1.6422913898677267
0.8703841387856258,1.6223820377724993
0.8704460966542751,-2.309022503732925
0.8705080545229245,-3.0099293748307128
0.8705700123915737,0.9038257314750605
0.8706319702602231,2.223006893206465
0.8706939281288724,-1.4559966872449666
0.8707558859975217,-3.155017898561433
0.870817843866171,0.22083776183092851
0.8708798017348203,1.9594080505182576
0.8709417596034696,-1.486308828828026
0.8710037174721189,-3.4972419550911815
0.8710656753407683,-0.022912897964873835
0.8711276332094176,2.3421164285465474
0.8711895910780669,-1.123296631001755
0.8712515489467162,-3.909743570878562
0.8713135068153656,-0.41446367604530954
0.8713754646840148,3.136503800699006
0.8714374225526642,0.016956202090150807
0.8714993804213135,-4.3075512545162775
0.8715613382899629,-1.9962413523145779
0.8716232961586121,2.7987394129360594
0.8716852540272615,1.4206225215027133
0.8717472118959108,-3.737240893501285
0.8718091697645601,-3.678223906683749
0.8718711276332094,1.3099631895905008
0.8719330855018588,2.623555617167311
0.871995043370508,-1.5756682089467917
0.8720570012391574,-3.8773143372857906
0.8721189591078067,-0.6923343916788913
0.872180916976456,2.368912125061685
0.8722428748451053,0.5471578882314745
0.8723048327137547,-2.782042613966754
0.872366790582404,-2.501740866567904
0.8724287484510533,0.35554357949288296
0.8724907063197026,1.2374450551662939
0.8725526641883519,-0.821273639703032
0.8726146220570012,-2.5642041293239424
0.8726765799256505,-1.6378630776426282
0.8727385377942999,0.5240590554735072
0.8728004956629491,1.039302321777015
0.8728624535315985,-0.6841185199799893
0.8729244114002478,-2.2776968852723067
0.8729863692688972,-1.455518711986857
0.8730483271375464,0.791806703172541
0.8731102850061958,1.1913270636557183
0.8731722428748451,-1.202508730595718
0.8732342007434944,-3.0906163780534346
0.8732961586121437,-1.4342387258481861
0.8733581164807931,1.5584939745560846
0.8734200743494424,1.2158327539702996
0.8734820322180917,-2.191058519754588
0.873543990086741,-3.239602865047007
0.8736059479553904,0.09265265982578541
0.8736679058240396,2.6362753098642595
0.873729863692689,0.19163723866894633
0.8737918215613383,-3.301413434203835
0.8738537794299877,-2.141821744904693
0.8739157372986369,1.5292539856751994
0.8739776951672863,1.4873574582979
0.8740396530359356,-1.8958625378956848
0.8741016109045849,-2.733243684736818
0.8741635687732342,-0.06513218816943411
0.8742255266418835,1.1824901763233964
0.8742874845105328,-0.5046273974124467
0.8743494423791821,-1.3405722770933957
0.8744114002478315,-0.13863834348800452
0.8744733581164807,0.07096217002691563
0.8745353159851301,-1.0015966962601544
0.8745972738537794,-0.42550970946344946
0.8746592317224288,0.9988179007596011
0.874721189591078,-0.3186227615525863
0.8747831474597274,-2.713955930776475
0.8748451053283767,-1.2411395153573652
0.874907063197026,2.3006055293182732
0.8749690210656753,1.3703980698253804
0.8750309789343247,-3.0007731574184797
0.875092936802974,-2.973104121741374
0.8751548946716233,1.972132076193371
0.8752168525402726,3.4393499886922863
0.875278810408922,-1.129040378705578
0.8753407682775712,-3.9566698690889974
0.8754027261462206,-0.6333087983839016
0.8754646840148699,2.8706899833838424
0.8755266418835193,1.2203827636658227
0.8755885997521685,-2.125890088011418
0.8756505576208179,-2.2660277064594783
0.8757125154894672,-0.1090887887433738
0.8757744733581165,1.4035820600590274
0.8758364312267658,1.4875625525532739
0.8758983890954151,-0.04231501811129712
0.8759603469640644,-2.3492893684137837
0.8760223048327137,-1.8940334697978387
0.8760842627013631,2.245297928736233
0.8761462205700123,3.9285599828873763
0.8762081784386617,-1.0169601931999264
0.876270136307311,-5.459280320721686
0.8763320941759604,-1.2627331052021964
0.8763940520446096,5.575849848030238
0.876456009913259,3.4365282459404067
0.8765179677819083,-4.704096811562577
0.8765799256505576,-5.204826154331556
0.8766418835192069,3.1186595528702505
0.8767038413878563,6.615075321837761
0.8767657992565056,-0.26107733365643715
0.8768277571251549,-6.018056180766882
0.8768897149938042,-1.6535897625764813
0.8769516728624536,5.188753871796113
0.8770136307311028,3.7486960539851566
0.8770755885997522,-2.999974999438452
0.8771375464684015,-4.515676926861043
0.8771995043370509,0.867125131654578
0.8772614622057001,4.793826364585433
0.8773234200743495,1.8956644204763853
0.8773853779429988,-3.171409910215874
0.8774473358116481,-2.956475712937281
0.8775092936802974,2.2826354129135162
0.8775712515489467,4.832841147913769
0.877633209417596,0.6120286667580457
0.8776951672862453,-4.18109545607297
0.8777571251548947,-1.9531331824602298
0.877819083023544,4.00324252624088
0.8778810408921933,4.041365596443476
0.8779429987608426,-2.085332535083933
0.878004956629492,-4.2685504142857065
0.8780669144981412,1.234574773219938
0.8781288723667906,5.313853873281215
0.8781908302354399,1.3318330019198932
0.8782527881040892,-3.736881944083024
0.8783147459727385,-1.3983880366013377
0.8783767038413879,4.067576960700395
0.8784386617100371,3.3631605435825564
0.8785006195786865,-2.0790871956791817
0.8785625774473358,-3.0671550978759674
0.8786245353159852,1.780118019497051
0.8786864931846344,4.238313905333737
0.8787484510532838,0.3609099236277551
0.8788104089219331,-3.334358667164981
0.8788723667905824,-0.6804287359168917
0.8789343246592317,4.239828599774042
0.8789962825278811,3.5396518732836304
0.8790582403965304,-1.9329775517264907
0.8791201982651797,-3.5170872419149823
0.879182156133829,1.7044144528840857
0.8792441140024783,5.594741973148299
0.8793060718711276,1.433316291629195
0.8793680297397769,-4.614427389488881
0.8794299876084263,-2.5804831547626295
0.8794919454770755,4.744959927736497
0.8795539033457249,5.4710346582376
0.8796158612143742,-1.825037503929243
0.8796778190830236,-5.129384624680618
0.8797397769516728,1.1588814715485616
0.8798017348203222,6.660448783053853
0.8798636926889715,2.400458922185434
0.8799256505576208,-4.298062248729854
0.8799876084262701,-2.576912197584273
0.8800495662949195,3.9836660185609234
0.8801115241635687,4.436365162868909
0.8801734820322181,-1.1407211412825404
0.8802354399008674,-3.235964894366375
0.8802973977695168,0.6937010047430213
0.880359355638166,3.627481104553065
0.8804213135068154,1.7197461449200773
0.8804832713754647,-0.9037137127825006
0.880545229244114,-0.5794744726313226
0.8806071871127633,1.0720045361780222
0.8806691449814127,1.7297978489216104
0.880731102850062,1.4074784380856509
0.8807930607187113,0.40994286517381284
0.8808550185873606,-0.8438555372795948
0.8809169764560099,-0.5323543820123102
0.8809789343246592,1.756876329122827
0.8810408921933085,2.6833651652396653
0.8811028500619579,0.12334329455422521
0.8811648079306071,-2.1159477828021482
0.8812267657992565,0.07959362957363103
0.8812887236679058,3.5680737655938137
0.8813506815365552,2.525714991933844
0.8814126394052044,-1.5732419070579344
0.8814745972738538,-2.0553643991802892
0.8815365551425031,1.7394431044724292
0.8815985130111524,3.370330048073906
0.8816604708798017,0.2504031534836799
0.8817224287484511,-2.2286487245176545
0.8817843866171003,-0.13625434157629202
0.8818463444857497,2.620866531629487
0.881908302354399,1.5307094308488394
0.8819702602230484,-0.9352368192873203
0.8820322180916976,-0.31659970151161265
0.882094175960347,1.8929449286044324
0.8821561338289963,1.4469229560153882
0.8822180916976456,-0.7359354342464226
0.8822800495662949,-0.4808788901081351
0.8823420074349443,1.7081093107012477
0.8824039653035936,1.5176231477492903
0.8824659231722429,-1.0237603416413326
0.8825278810408922,-1.299133579195892
0.8825898389095415,1.4487225502477
0.8826517967781908,2.458785790015918
0.8827137546468401,-0.05762018023021931
0.8827757125154895,-1.6308059033699172
0.8828376703841387,0.4701571395909313
0.8828996282527881,2.4416435463905115
0.8829615861214374,0.9002997794718047
0.8830235439900868,-1.2617515791568161
0.883085501858736,-0.4491001929529631
0.8831474597273854,1.3691572180379983
0.8832094175960347,0.8440917185732328
0.883271375464684,-0.691107815346827
0.8833333333333333,-0.31471802520632386
0.8833952912019827,1.0070676414011055
0.883457249070632,0.7923918958483205
0.8835192069392813,-0.22986446088912693
0.8835811648079306,-0.052558504369909054
0.88364312267658,0.7368246247511914
0.8837050805452292,0.6476738557689785
0.8837670384138786,0.14980120172435749
0.8838289962825279,0.019686377331595617
0.8838909541511772,-0.24348346481850824
0.8839529120198265,-0.40778243726420316
0.8840148698884759,0.5350039091613472
0.8840768277571251,1.3054618116110035
0.8841387856257745,-0.1918694697962453
0.8842007434944238,-1.8924491486192525
0.8842627013630731,-0.0847966106392547
0.8843246592317224,2.935914832561986
0.8843866171003717,1.491516619608785
0.8844485749690211,-2.7504736487316794
0.8845105328376703,-2.274566358103689
0.8845724907063197,2.6772903732501434
0.884634448574969,3.2843747393729403
0.8846964064436184,-2.134028447986824
0.8847583643122676,-4.133258628789333
0.884820322180917,1.1307376074506639
0.8848822800495663,4.377364742222516
0.8849442379182156,-0.2840268824790357
0.8850061957868649,-4.407388334575669
0.8850681536555143,-0.42348626871279593
0.8851301115241635,4.46904799842936
0.8851920693928129,1.3857014985226286
0.8852540272614622,-4.0634744645139795
0.8853159851301116,-2.1201890389112847
0.8853779429987608,3.4203809477629448
0.8854399008674102,2.437883286663599
0.8855018587360595,-3.1267251956388944
0.8855638166047088,-3.237765738158902
0.8856257744733581,1.9979447813761997
0.8856877323420075,3.1150696160113585
0.8857496902106567,-1.4142381010024359
0.8858116480793061,-3.1123230763879923
0.8858736059479554,0.7761197506855995
0.8859355638166047,2.89057094717098
0.885997521685254,-0.4118544263592272
0.8860594795539033,-2.8583251107952576
0.8861214374225527,-0.142615557752928
0.8861833952912019,2.4219005114187016
0.8862453531598513,-0.07895004809840067
0.8863073110285006,-3.124830227942824
0.88636926889715,-0.9395930115298148
0.8864312267657992,2.8909792259536116
0.8864931846344486,1.4395246761975597
0.8865551425030979,-3.146726003468937
0.8866171003717472,-2.755375988987941
0.8866790582403965,2.5900945532355886
0.8867410161090459,3.891194269614681
0.8868029739776951,-1.7408185219912156
0.8868649318463445,-5.274069876622578
0.8869268897149938,-0.3957862759946291
0.8869888475836432,5.16227113065029
0.8870508054522924,1.821949840395326
0.8871127633209418,-5.360213017755742
0.8871747211895911,-4.348352391981235
0.8872366790582404,3.6311881104773582
0.8872986369268897,5.52564220986694
0.8873605947955391,-1.8522098025894331
0.8874225526641883,-6.303376945251289
0.8874845105328377,-0.5762869112609401
0.887546468401487,5.695945326151929
0.8876084262701363,2.328736290933222
0.8876703841387856,-4.810360365656543
0.8877323420074349,-4.265845707714509
0.8877942998760843,2.324590146830092
0.8878562577447335,4.14810326791136
0.8879182156133829,-0.8746768244779071
0.8879801734820322,-4.130777523737034
0.8880421313506816,-1.052992484615844
0.8881040892193308,2.7871101974035426
0.8881660470879802,1.8367740246790678
0.8882280049566295,-1.4697418085789522
0.8882899628252788,-2.0712576143687365
0.8883519206939281,0.03176262404544894
0.8884138785625775,1.2240575561606135
0.8884758364312267,0.23346621945728363
0.8885377942998761,-0.934523095330631
0.8885997521685254,-0.7981678360593067
0.8886617100371748,-0.177161366813551
0.888723667905824,-0.04158898673012579
0.8887856257744734,0.08675053687823397
0.8888475836431227,0.5489173561037886
0.888909541511772,0.3048131814713555
0.8889714993804213,-0.9375200061758107
0.8890334572490707,-1.159700995217566
0.88909541511772,0.7404756905368886
0.8891573729863693,1.9486102461553962
0.8892193308550186,-0.23092733960659007
0.8892812887236679,-2.9170859406859555
0.8893432465923172,-1.4073618931457075
0.8894052044609665,2.511351124642413
0.8894671623296159,2.489420574014516
0.8895291201982651,-1.8181373787723774
0.8895910780669145,-3.4734255757297374
0.8896530359355638,0.45777173634988355
0.8897149938042132,3.8266667447962504
0.8897769516728624,1.3652311211376194
0.8898389095415118,-2.9556541814749573
0.8899008674101611,-2.641887071249821
0.8899628252788104,1.349593204666769
0.8900247831474597,2.9732280758156464
0.8900867410161091,0.30773246643101904
0.8901486988847583,-2.6448749838155274
0.8902106567534077,-2.0714837695941672
0.890272614622057,1.1817830844082728
0.8903345724907064,3.047732774959189
0.8903965303593556,0.977875762502182
0.890458488228005,-2.5550467522208815
0.8905204460966543,-2.464119729466711
0.8905824039653036,1.7027409725548428
0.8906443618339529,3.8792313285276414
0.8907063197026023,0.20157453550050786
0.8907682775712515,-4.081339806190705
0.8908302354399009,-2.1217198512385447
0.8908921933085502,3.267144030790327
0.8909541511771994,3.5796978397777535
0.8910161090458488,-1.6725270864339947
0.8910780669144981,-4.0496781157847215
0.8911400247831475,0.20018292926439918
0.8912019826517967,4.305535637426238
0.8912639405204461,2.001336007918333
0.8913258983890954,-2.856592464433875
0.8913878562577447,-2.848877316870462
0.891449814126394,1.628984568974465
0.8915117719950434,3.583601156648445
0.8915737298636927,0.20757310996273715
0.891635687732342,-3.28010922605464
0.8916976456009913,-1.6889613170006466
0.8917596034696407,2.5189580187059972
0.8918215613382899,3.0738652897276313
0.8918835192069393,-0.6672893079395137
0.8919454770755886,-2.8725656943524025
0.892007434944238,-0.27872034001068635
0.8920693928128872,2.9329935748548026
0.8921313506815366,1.965201497794631
0.8921933085501859,-1.3178664408751555
0.8922552664188352,-2.0592487225017613
0.8923172242874845,0.06614866520321916
0.8923791821561339,1.632283379027816
0.8924411400247831,1.207276079568711
0.8925030978934325,-0.03547912494873229
0.8925650557620818,-1.1525348631193388
0.892627013630731,-1.2159097160836925
0.8926889714993804,0.8528153786047077
0.8927509293680297,3.1168608182557036
0.8928128872366791,1.5137311440926262
0.8928748451053283,-2.8402287675813715
0.8929368029739777,-3.103073153693476
0.892998760842627,2.2254304856864193
0.8930607187112763,4.916370447952042
0.8931226765799256,-0.10932845687485093
0.893184634448575,-5.244456160882519
0.8932465923172243,-2.013497511793526
0.8933085501858736,4.6163665089269035
0.8933705080545229,4.19610323197365
0.8934324659231723,-2.1865923949501997
0.8934944237918215,-4.340272609002759
0.8935563816604709,0.40798497090273655
0.8936183395291202,4.232718098164053
0.8936802973977696,1.993750048855817
0.8937422552664188,-2.206254404639269
0.8938042131350682,-2.7845200869216287
0.8938661710037175,0.10581227269941218
0.8939281288723668,2.596310480403893
0.8939900867410161,1.9312530741550287
0.8940520446096655,-1.2028017465377547
0.8941140024783147,-2.9318414096482
0.8941759603469641,-0.32747261878879863
0.8942379182156134,3.5379423363478026
0.8942998760842626,2.661373537784705
0.894361833952912,-2.324019485959928
0.8944237918215613,-3.7629622860213927
0.8944857496902107,0.989811329214247
0.8945477075588599,4.448850342667712
0.8946096654275093,0.8267148376068156
0.8946716232961586,-4.2226940306608896
0.894733581164808,-2.6709187803711942
0.8947955390334572,2.9068626641114244
0.8948574969021066,3.793817492976137
0.8949194547707559,-0.9716687128991337
0.8949814126394052,-3.804880218112492
0.8950433705080545,-0.7491146215342532
0.8951053283767039,3.21967164568674
0.8951672862453531,2.423242732287155
0.8952292441140025,-1.599994728043959
0.8952912019826518,-3.184606435084672
0.8953531598513012,-0.5334229031585915
0.8954151177199504,2.4320845604043817
0.8954770755885998,1.7266252600327614
0.8955390334572491,-1.4815318843562804
0.8956009913258984,-2.7071417970079596
0.8956629491945477,-0.3471426961759212
0.8957249070631971,2.264685766803205
0.8957868649318463,1.6704602103783732
0.8958488228004957,-1.0743497606854602
0.895910780669145,-2.2878211562633455
0.8959727385377944,-0.6794488106124716
0.8960346964064436,1.4615657060130374
0.8960966542750929,1.4479278112606155
0.8961586121437423,-0.7652433251447461
0.8962205700123915,-2.545469993569206
0.8962825278810409,-1.4398573072937482
0.8963444857496902,1.4817325087202078
0.8964064436183395,2.2296994385911577
0.8964684014869888,-0.655111269625907
0.8965303593556382,-3.1275708671168196
0.8965923172242874,-1.1800117814418776
0.8966542750929368,2.4994020824259824
0.8967162329615861,2.088133018249816
0.8967781908302355,-2.0895041268410965
0.8968401486988847,-3.646965961935437
0.8969021065675341,-0.16876082231925066
0.8969640644361834,2.8706743367033924
0.8970260223048327,0.7374458528350609
0.897087980173482,-3.1992334395822444
0.8971499380421314,-2.826175173813726
0.8972118959107807,1.3411373620143823
0.89727385377943,3.035597278472853
0.8973358116480793,-0.35965468674432244
0.8973977695167287,-3.850434099569827
0.8974597273853779,-2.0750207378307555
0.8975216852540273,2.508681029461272
0.8975836431226766,2.7379379526224605
0.897645600991326,-2.3347580738750193
0.8977075588599752,-5.052098854875343
0.8977695167286245,-0.6630709217111413
0.8978314745972739,4.287136067738986
0.8978934324659231,1.5998813910303575
0.8979553903345725,-4.786830929574343
0.8980173482032218,-4.3106092419827995
0.8980793060718711,2.6682408562907107
0.8981412639405204,4.703243266719982
0.8982032218091698,-1.7738081716361207
0.898265179677819,-6.105933903809814
0.8983271375464684,-1.2336205125024216
0.8983890954151177,4.425251568408213
0.8984510532837671,1.4524282740552314
0.8985130111524163,-4.773535987765035
0.8985749690210657,-3.8378376957014186
0.898636926889715,2.1035114536166515
0.8986988847583643,2.990711846965098
0.8987608426270136,-1.841028228796686
0.898822800495663,-3.7901418467709242
0.8988847583643123,-0.269468032050711
0.8989467162329616,2.1275183391423655
0.8990086741016109,-0.11630728414121463
0.8990706319702603,-2.5124583756909593
0.8991325898389095,-1.5333473487817737
0.8991945477075589,0.18406634489566676
0.8992565055762082,-0.10627175568273595
0.8993184634448576,-0.9822599164569206
0.8993804213135068,-0.8810155063988141
0.8994423791821561,-0.7572623547576576
0.8995043370508055,-0.9674835533997728
0.8995662949194547,-0.3487718919472014
0.8996282527881041,0.49793430419796225
0.8996902106567534,-0.3788938200165579
0.8997521685254027,-2.012412001362818
0.899814126394052,-1.4508500546594338
0.8998760842627014,0.662036872565856
0.8999380421313506,0.592911076776002
0.9,-1.8261566492130017
0.9000619578686493,-2.523621761723443
0.9001239157372987,-0.25553976757977837
0.9001858736059479,1.200561163543977
0.9002478314745973,-0.34550774277491203
0.9003097893432466,-1.9927810336869407
0.900371747211896,-1.1479465452538329
0.9004337050805452,0.3637846896255142
0.9004956629491946,0.1693107018686948
0.9005576208178439,-0.8500978437018089
0.9006195786864932,-1.118195269047349
0.9006815365551425,-1.0197160873593143
0.9007434944237919,-0.9370345133577127
0.9008054522924411,-0.23194080470090483
0.9008674101610905,0.33654802392522865
0.9009293680297398,-0.8350751834597192
0.9009913258983892,-2.2528366924850958
0.9010532837670384,-0.8252203268148375
0.9011152416356877,1.8552975120605693
0.9011771995043371,0.9004547250312338
0.9012391573729863,-2.887726499048232
0.9013011152416357,-2.9714480691093916
0.901363073110285,1.4898189316338153
0.9014250309789343,2.8816359973134262
0.9014869888475836,-1.865092403840658
0.901548946716233,-4.875500837626401
0.9016109045848822,-0.5538223853494073
0.9016728624535316,4.013947697995035
0.9017348203221809,0.9236993824274005
0.9017967781908303,-4.5102049333279
0.9018587360594795,-2.8138176475759593
0.9019206939281289,3.03557956916848
0.9019826517967782,2.9353006077534842
0.9020446096654275,-2.6162753366492786
0.9021065675340768,-3.8863386279420262
0.9021685254027262,0.7487572296467844
0.9022304832713754,2.7059778096198532
0.9022924411400248,-0.9866913386171248
0.9023543990086741,-3.1309740857336443
0.9024163568773235,-0.15191091250233146
0.9024783147459727,1.9644627583434224
0.9025402726146221,-0.437954264144528
0.9026022304832714,-2.1778121293330632
0.9026641883519207,0.25659089895315873
0.90272614622057,1.9676440782847684
0.9027881040892193,-0.6186400853086367
0.9028500619578687,-2.62044962876037
0.9029120198265179,-0.019642264262623166
0.9029739776951673,2.380398525863068
0.9030359355638166,-0.1676007344438401
0.9030978934324659,-3.1492036286825753
0.9031598513011152,-0.8809243532265417
0.9032218091697646,2.7854775296614243
0.9032837670384138,1.2306194710212213
0.9033457249070632,-2.743073144410186
0.9034076827757125,-1.7839283797859629
0.9034696406443619,2.5831080337867847
0.9035315985130111,2.448855163343966
0.9035935563816605,-2.18891264215275
0.9036555142503098,-3.0994964550358572
0.9037174721189591,1.5224705113245207
0.9037794299876084,3.511207818440161
0.9038413878562578,-0.9260213213344399
0.903903345724907,-4.141316991554157
0.9039653035935564,-0.1876815892903907
0.9040272614622057,4.470517748401207
0.9040892193308551,1.7672320706351088
0.9041511771995043,-3.8587210574711595
0.9042131350681537,-2.679427213122601
0.904275092936803,3.6036000652861206
0.9043370508054523,4.351909367459331
0.9043990086741016,-1.990354360473301
0.9044609665427509,-4.9078451028506125
0.9045229244114003,0.6034128533628649
0.9045848822800495,5.40281826328849
0.9046468401486989,1.3970299565288868
0.9047087980173482,-4.768478875550252
0.9047707558859975,-2.67150590063652
0.9048327137546468,4.430500080930128
0.9048946716232962,4.869716312676307
0.9049566294919454,-2.0973721810412473
0.9050185873605948,-4.994379554205568
0.9050805452292441,0.9877426022982958
0.9051425030978935,6.073348681737296
0.9052044609665427,1.8676084344220925
0.9052664188351921,-4.961524237336203
0.9053283767038414,-3.425284331023059
0.9053903345724907,4.118849419569216
0.90545229244114,5.706621628994991
0.9055142503097894,-1.201473210999238
0.9055762081784386,-5.635686170470045
0.905638166047088,-0.39525176215066227
0.9057001239157373,6.4842434708731
0.9057620817843867,4.169633847186277
0.9058240396530359,-3.8918978645359945
0.9058859975216853,-5.101665541198182
0.9059479553903346,2.5419418118727677
0.906009913258984,7.016628519061027
0.9060718711276332,1.1130922623709711
0.9061338289962825,-5.933041320510597
0.9061957868649319,-2.905821520946674
0.9062577447335811,5.4603696073034405
0.9063197026022305,5.960458475401886
0.9063816604708798,-1.9467564416755965
0.9064436183395291,-5.461582161351549
0.9065055762081784,0.8046564401919667
0.9065675340768278,6.515238366608609
0.906629491945477,2.7632058630624012
0.9066914498141264,-3.9399979207820524
0.9067534076827757,-3.0610782237140306
0.9068153655514251,3.1389532801949818
0.9068773234200743,4.524663231469412
0.9069392812887237,-0.25650605211643346
0.907001239157373,-2.9622845324954046
0.9070631970260223,0.09884899742898716
0.9071251548946716,3.291654943532567
0.907187112763321,2.0332421396045195
0.9072490706319702,-0.6109343784336367
0.9073110285006196,-0.4693241698702606
0.9073729863692689,1.212883350102102
0.9074349442379183,1.3741796220497562
0.9074969021065675,0.45390664929503455
0.9075588599752169,0.3964023075329805
0.9076208178438662,0.7549313055869529
0.9076827757125155,0.29480889564644047
0.9077447335811648,-0.030539696007697015
0.9078066914498141,0.9855122803181064
0.9078686493184634,1.8714047793548827
0.9079306071871127,0.812795016591586
0.9079925650557621,-0.637962604337437
0.9080545229244114,0.191308807210828
0.9081164807930607,2.177110573303371
0.90817843866171,1.8333528256514138
0.9082403965303594,-0.605785776255061
0.9083023543990086,-1.1273868930996556
0.908364312267658,1.2406194877396888
0.9084262701363073,2.4585546058554737
0.9084882280049567,0.37458415835774805
0.9085501858736059,-1.3513193078779364
0.9086121437422553,0.40104484805603047
0.9086741016109046,2.6013473569142476
0.9087360594795539,1.424280816275163
0.9087980173482032,-0.8934445033553742
0.9088599752168526,-0.19466515739657086
0.9089219330855018,2.00410814218843
0.9089838909541512,1.4936535920606124
0.9090458488228005,-0.7109986999602383
0.9091078066914499,-0.4420552274153543
0.9091697645600991,1.5931937583616524
0.9092317224287485,1.2893284172795836
0.9092936802973978,-0.7162543571597983
0.9093556381660471,-0.20545320665205608
0.9094175960346964,2.138111161981219
0.9094795539033457,1.6618562428918395
0.909541511771995,-1.0799508326787945
0.9096034696406443,-0.8018720603554153
0.9096654275092937,2.384943804624886
0.909727385377943,2.4982869600079654
0.9097893432465923,-1.2332055659341195
0.9098513011152416,-2.303490656905886
0.909913258983891,1.419757103271557
0.9099752168525402,3.4611741726696206
0.9100371747211896,0.15976537641058575
0.9100991325898389,-2.71401141872788
0.9101610904584883,-0.14924210904028512
0.9102230483271375,3.385156839130761
0.9102850061957869,1.9774318049497257
0.9103469640644362,-1.6460593435202164
0.9104089219330855,-1.4133005045882416
0.9104708798017348,1.7030683729672307
0.9105328376703842,2.185588157911996
0.9105947955390334,-0.36039688482666654
0.9106567534076828,-1.390457139077507
0.9107187112763321,0.33773232214897075
0.9107806691449815,1.4125443389489072
0.9108426270136307,0.3431526651642036
0.9109045848822801,-0.3889963502848036
0.9109665427509294,0.5071699423460214
0.9110285006195787,0.983096305320967
0.911090458488228,0.004603867721137078
0.9111524163568773,-0.3553835189632648
0.9112143742255266,0.8810537799852087
0.9112763320941759,1.2688020645804656
0.9113382899628253,-0.5445486742631604
0.9114002478314746,-1.6159593715818408
0.9114622057001239,0.3984709141052238
0.9115241635687732,2.3826808926804746
0.9115861214374226,0.5575619794897437
0.9116480793060718,-2.4137041793382306
0.9117100371747212,-1.1933275400109886
0.9117719950433705,2.7724191854415707
0.9118339529120199,2.8372038171223766
0.9118959107806691,-1.5749425972684605
0.9119578686493185,-3.320603715408942
0.9120198265179678,0.6202437556494755
0.9120817843866171,3.7631300600676183
0.9121437422552664,0.8532006033637792
0.9122057001239158,-3.3882978658380716
0.912267657992565,-2.240706370965758
0.9123296158612144,2.1698368068444864
0.9123915737298637,2.9657627959340473
0.9124535315985131,-0.48728932060573227
0.9125154894671623,-2.6366396882068224
0.9125774473358117,-0.7682049837904215
0.912639405204461,1.9658586551054507
0.9127013630731103,1.9710352106287061
0.9127633209417596,-0.4672245959142678
0.9128252788104089,-2.3044536265876308
0.9128872366790582,-1.2346837409549773
0.9129491945477075,1.5319670479021181
0.9130111524163569,2.0920909437983424
0.9130731102850062,-0.8245234565830427
0.9131350681536555,-2.941681556121096
0.9131970260223048,-0.5093535868312373
0.9132589838909542,2.9380681419318764
0.9133209417596034,1.6563099057230226
0.9133828996282528,-2.4252845166639956
0.9134448574969021,-2.4641715480934003
0.9135068153655515,1.5757570601394755
0.9135687732342007,2.7133081575310927
0.9136307311028501,-0.9858469892401935
0.9136926889714994,-3.2250795816304976
0.9137546468401487,-0.47239260467620725
0.913816604708798,2.4172488767250893
0.9138785625774474,0.9390998283039709
0.9139405204460966,-2.001126899173895
0.914002478314746,-1.7706427126058224
0.9140644361833953,0.8207660985801557
0.9141263940520447,1.890039818881457
0.9141883519206939,0.30616489186494644
0.9142503097893433,-1.7073762891483852
0.9143122676579926,-1.6973663120685631
0.9143742255266419,0.42509941986242195
0.9144361833952912,1.883905112138981
0.9144981412639405,0.17605371681217008
0.9145600991325898,-2.593182446488368
0.9146220570012391,-1.864134127200977
0.9146840148698885,1.747262779122666
0.9147459727385377,2.3933122005583765
0.9148079306071871,-1.2075610095850304
0.9148698884758364,-2.8982787573683764
0.9149318463444858,0.3048524905029679
0.914993804213135,2.6466529054540837
0.9150557620817844,-0.059417344529802296
0.9151177199504337,-2.7921231337209846
0.915179677819083,-0.6916168953171198
0.9152416356877323,1.9818443044866418
0.9153035935563817,0.12404292053470689
0.915365551425031,-2.5131556047458687
0.9154275092936803,-0.6461445788062987
0.9154894671623296,2.302818419065939
0.915551425030979,0.6690955528895239
0.9156133828996282,-2.5950964072522407
0.9156753407682776,-1.305150840025167
0.9157372986369269,2.3900025656640427
0.9157992565055763,1.7753844214383578
0.9158612143742255,-2.319328855621265
0.9159231722428749,-2.9348621537350006
0.9159851301115242,0.9651118829173884
0.9160470879801735,2.8821755000031564
0.9161090458488228,-0.3141007517929133
0.9161710037174721,-3.4556726281607415
0.9162329615861214,-1.4263857856836561
0.9162949194547707,2.861440044171218
0.9163568773234201,2.7825226525250057
0.9164188351920693,-1.9123100697207438
0.9164807930607187,-4.087398968767732
0.916542750929368,0.19476920581921298
0.9166047087980174,4.608191535354149
0.9166666666666666,1.5235330146345973
0.916728624535316,-4.981643467238987
0.9167905824039653,-4.1700789149380615
0.9168525402726146,3.532516635487064
0.9169144981412639,5.645672413460454
0.9169764560099133,-1.9136409977271116
0.9170384138785626,-6.818647638670714
0.9171003717472119,-0.5108665311454385
0.9171623296158612,6.780020027583559
0.9172242874845106,2.940287240562168
0.9172862453531598,-5.525516233600639
0.9173482032218092,-4.7339593369109645
0.9174101610904585,3.3012768782589026
0.9174721189591079,5.1250587108350185
0.9175340768277571,-1.3538337466399564
0.9175960346964065,-4.99648009123038
0.9176579925650558,-0.849883964629663
0.9177199504337051,3.483100985196232
0.9177819083023544,1.9542942381037582
0.9178438661710037,-1.6691905941178156
0.917905824039653,-2.0566112653179665
0.9179677819083023,0.20439441096594457
0.9180297397769517,1.755716190186539
0.918091697645601,1.132865557750415
0.9181536555142503,-0.8749985011031367
0.9182156133828996,-1.9793882659180013
0.918277571251549,-0.37020721896475983
0.9183395291201982,1.9823654017760681
0.9184014869888476,1.1767758722720876
0.9184634448574969,-1.8886289176295163
0.9185254027261462,-1.9524854077677212
0.9185873605947955,1.5386645510607977
0.9186493184634449,2.736175802669892
0.9187112763320942,-0.4931511642472872
0.9187732342007435,-2.58413820141603
0.9188351920693928,-0.11201736066974521
0.9188971499380422,2.3757452605865828
0.9189591078066914,0.811877654651807
0.9190210656753408,-1.6794438789965649
0.9190830235439901,-1.2167349411709332
0.9191449814126395,0.5477672156304569
0.9192069392812887,0.8744942601117953
0.9192688971499381,0.47040998063469397
0.9193308550185874,0.22814671387071295
0.9193928128872367,-0.6297756427450869
0.919454770755886,-1.0790452270168656
0.9195167286245353,0.781767615744406
0.9195786864931846,2.53452893783171
0.9196406443618339,0.3367568954028553
0.9197026022304833,-3.051130240053773
0.9197645600991325,-1.6025963857710133
0.9198265179677819,2.871213685453739
0.9198884758364312,2.738397299838869
0.9199504337050806,-2.0658438885785695
0.9200123915737298,-3.3863147919674845
0.9200743494423792,1.0424313143765214
0.9201363073110285,3.763436167862049
0.9201982651796778,0.5967867759447356
0.9202602230483271,-2.7890662513526547
0.9203221809169765,-1.1844002001138874
0.9203841387856257,2.076741016725435
0.9204460966542751,1.8248216745059471
0.9205080545229244,-0.9177100493849233
0.9205700123915738,-1.9192344597949522
0.920631970260223,-0.22684876375125634
0.9206939281288724,1.5765462010683187
0.9207558859975217,1.1652792085338537
0.920817843866171,-0.914930506712435
0.9208798017348203,-1.6359430781997695
0.9209417596034697,0.5765535655099768
0.921003717472119,2.5375626633251827
0.9210656753407683,0.5496864131072394
0.9211276332094176,-2.6095363550116017
0.9211895910780669,-1.2847310092146424
0.9212515489467162,2.6827259229365645
0.9213135068153655,2.048392444818518
0.9213754646840149,-2.634096447076126
0.9214374225526641,-2.9451886157134255
0.9214993804213135,2.125233664384493
0.9215613382899628,3.521347826122775
0.9216232961586122,-1.4271407517722325
0.9216852540272614,-3.632139596323567
0.9217472118959108,1.0611772669203998
0.9218091697645601,3.978236179451602
0.9218711276332094,-0.2818621903693419
0.9219330855018587,-3.8440828772817293
0.9219950433705081,-0.37936741620275494
0.9220570012391573,3.3781467375138092
0.9221189591078067,0.630456288189065
0.922180916976456,-3.1988976473180584
0.9222428748451054,-1.296026573110178
0.9223048327137546,2.3433459474353064
0.922366790582404,1.4366055420614405
0.9224287484510533,-1.4364038344876109
0.9224907063197026,-1.2040614914264973
0.9225526641883519,0.6092120908682406
0.9226146220570013,0.6758783537390423
0.9226765799256506,0.05398182529929474
0.9227385377942999,0.016941557134096702
0.9228004956629492,-0.7751755424649642
0.9228624535315985,-1.5344268636425298
0.9229244114002478,0.19854183807120296
0.9229863692688971,2.057694347680578
0.9230483271375465,-0.07509355600634637
0.9231102850061957,-2.998301589177192
0.9231722428748451,-0.8282998284247687
0.9232342007434944,3.1092170976059457
0.9232961586121438,1.3822103657074813
0.923358116480793,-3.150120009351255
0.9234200743494424,-2.052422599681061
0.9234820322180917,2.4986230442751585
0.923543990086741,1.6573095384087804
0.9236059479553903,-2.909504221947855
0.9236679058240397,-2.2714637893580427
0.923729863692689,2.1678824263837386
0.9237918215613383,1.5346620215888302
0.9238537794299876,-2.784692141251239
0.923915737298637,-1.9451802404862981
0.9239776951672862,2.534210724482476
0.9240396530359356,1.693401088970757
0.9241016109045849,-2.903006951614566
0.9241635687732342,-2.208233858751288
0.9242255266418835,2.2458951851750157
0.9242874845105329,1.4790888082509492
0.9243494423791822,-2.9386348448870327
0.9244114002478315,-2.182597391897769
0.9244733581164808,2.0235711347063954
0.9245353159851301,1.0541952575003466
0.9245972738537794,-3.006178951953341
0.9246592317224287,-1.5700149947726212
0.9247211895910781,2.7936385421105463
0.9247831474597273,1.1526284389450145
0.9248451053283767,-3.690015484646381
0.924907063197026,-2.21352048778649
0.9249690210656754,3.040157125028407
0.9250309789343246,2.007778717128958
0.925092936802974,-3.6102987126398176
0.9251548946716233,-3.6197201002336286
0.9252168525402726,1.6174766298635597
0.9252788104089219,2.6530871030261567
0.9253407682775713,-1.4611981002247443
0.9254027261462205,-2.991964646833244
0.9254646840148699,-0.3346532076913761
0.9255266418835192,1.10885532497609
0.9255885997521686,0.10520418325569125
0.9256505576208178,-0.3725165498141223
0.9257125154894672,-0.65990293114046
0.9257744733581165,-1.9396680127474526
0.9258364312267658,-1.4197670110521794
0.9258983890954151,1.532194478546154
0.9259603469640645,1.5459050417403055
0.9260223048327137,-2.7461345316074017
0.9260842627013631,-3.9717087436935534
0.9261462205700124,0.9640302036410417
0.9262081784386617,3.815521581011249
0.926270136307311,-0.6423633929186925
0.9263320941759603,-4.686703991758547
0.9263940520446097,-1.380111607116489
0.9264560099132589,3.1631106815199055
0.9265179677819083,1.2344980326009178
0.9265799256505576,-3.211240996342931
0.926641883519207,-2.8211473673321277
0.9267038413878562,0.6425461309541316
0.9267657992565056,1.320073032914277
0.9268277571251549,-0.6739965086924402
0.9268897149938042,-1.7698253666860309
0.9269516728624535,-1.2961790810110343
0.9270136307311029,-0.1718972057289876
0.9270755885997521,1.061527319490117
0.9271375464684015,0.609455211316151
0.9271995043370508,-2.1168002576593286
0.9272614622057002,-2.970267939535406
0.9273234200743494,0.661811629857413
0.9273853779429988,3.0464395196133145
0.9274473358116481,-1.0373342572042823
0.9275092936802974,-5.264382595399077
0.9275712515489467,-1.5320570130371993
0.9276332094175961,4.47816159380155
0.9276951672862453,2.0547037102685874
0.9277571251548947,-4.976854082275139
0.927819083023544,-4.201393612979651
0.9278810408921933,3.1679406197092
0.9279429987608426,4.2289951264451675
0.9280049566294919,-2.631065675089486
0.9280669144981413,-5.328253775290635
0.9281288723667905,0.168731614190892
0.9281908302354399,3.665389261497026
0.9282527881040892,-0.3333632346053413
0.9283147459727386,-3.9521305927835995
0.9283767038413878,-1.222757786965941
0.9284386617100372,2.19202345927301
0.9285006195786865,0.5744380567232992
0.9285625774473358,-2.248643356193938
0.9286245353159851,-1.2089395676058357
0.9286864931846345,1.2305675585268987
0.9287484510532837,0.6519182821928045
0.9288104089219331,-1.6411370310880584
0.9288723667905824,-1.8023751404334616
0.9289343246592318,0.12575387009577121
0.928996282527881,1.0724640329163724
0.9290582403965304,-0.23323662590091465
0.9291201982651797,-1.9051134143484107
0.929182156133829,-1.5119311606931753
0.9292441140024783,0.7673205906982621
0.9293060718711277,1.8578676258737539
0.929368029739777,-0.17841009669404562
0.9294299876084263,-2.574500082361826
0.9294919454770756,-1.4248099136243928
0.9295539033457249,1.7589802960627223
0.9296158612143742,1.8102822564248662
0.9296778190830235,-1.5852414264786705
0.9297397769516729,-2.993963283773417
0.9298017348203221,-0.192458473128731
0.9298636926889715,2.19508942414443
0.9299256505576208,0.5814312783331927
0.9299876084262702,-1.9290509724913882
0.9300495662949194,-1.3028500957974891
0.9301115241635688,0.9699947757029944
0.9301734820322181,1.221109253751643
0.9302354399008674,-0.36900109576374795
0.9302973977695167,-1.0710663411085075
0.9303593556381661,-0.3342022621610523
0.9304213135068153,0.2558351461142365
0.9304832713754647,0.06358785874937611
0.930545229244114,-0.24715670699797887
0.9306071871127634,-0.3380099821741587
0.9306691449814126,-0.29170048574559015
0.930731102850062,0.024423828399097847
0.9307930607187113,0.46976528665104333
0.9308550185873606,0.4023445832928638
0.9309169764560099,-0.2192020097607006
0.9309789343246593,-0.45364668248637185
0.9310408921933085,0.1703712345933539
0.9311028500619579,0.7229557377522426
0.9311648079306072,0.2164053840457778
0.9312267657992565,-0.7706017399602512
0.9312887236679058,-0.7784775261776653
0.9313506815365551,0.3867508724805014
0.9314126394052045,1.173610596816783
0.9314745972738537,0.40732920348425955
0.9315365551425031,-0.8634055224197108
0.9315985130111524,-0.6790402047770061
0.9316604708798017,0.9317010677249159
0.931722428748451,1.7441704622201655
0.9317843866171004,0.44865753482431103
0.9318463444857497,-1.3177636657671314
0.931908302354399,-1.0965634128029074
0.9319702602230483,0.9446897231588773
0.9320322180916977,2.0250580090357118
0.9320941759603469,0.44399750091734463
0.9321561338289963,-1.7883791131552302
0.9322180916976456,-1.3029560463543097
0.932280049566295,1.7122165446384796
0.9323420074349442,3.0283262377587956
0.9324039653035936,0.3384838172672972
0.9324659231722429,-2.5577864679869218
0.9325278810408922,-0.9666202202134265
0.9325898389095415,2.94844378542159
0.9326517967781909,2.8738092953380128
0.9327137546468401,-1.4242183900989642
0.9327757125154895,-3.120017858011698
0.9328376703841388,0.6578398013975055
0.932899628252788,3.82636919487593
0.9329615861214374,1.2868370418154584
0.9330235439900867,-2.6206054651601076
0.9330855018587361,-1.4213659276526822
0.9331474597273853,2.8317228403791663
0.9332094175960347,3.247369289701015
0.933271375464684,-0.6356920525350365
0.9333333333333333,-2.5686963684273216
0.9333952912019826,0.2578647424802475
0.933457249070632,3.2531393481232884
0.9335192069392813,1.8211399877745804
0.9335811648079306,-1.8878997542701887
0.9336431226765799,-2.27839441381015
0.9337050805452293,1.5403042760166912
0.9337670384138785,4.06267603141019
0.9338289962825279,1.1330134533439615
0.9338909541511772,-3.122879454862655
0.9339529120198266,-1.6422570270424086
0.9340148698884758,3.9562335659766394
0.9340768277571252,4.484985011473327
0.9341387856257745,-1.802932455235003
0.9342007434944238,-4.737770540528397
0.9342627013630731,1.2219136571875384
0.9343246592317225,6.288470617242889
0.9343866171003717,1.3116807177951484
0.9344485749690211,-5.49275777794925
0.9345105328376704,-1.9440100135825533
0.9345724907063196,6.25103207755712
0.934634448574969,4.711578061009137
0.9346964064436183,-4.064531106843791
0.9347583643122677,-4.595984968050714
0.9348203221809169,4.121150502731258
0.9348822800495663,6.656791216596744
0.9349442379182156,-1.447536266198417
0.935006195786865,-5.970802164392362
0.9350681536555142,0.6148491504623022
0.9351301115241636,6.472096330746911
0.9351920693928129,1.9467658162854866
0.9352540272614622,-4.333210360125753
0.9353159851301115,-1.945310371630024
0.9353779429987609,3.930156269967762
0.9354399008674101,3.6022121566190703
0.9355018587360595,-0.7778256515796633
0.9355638166047088,-1.6691236273648307
0.9356257744733582,0.5917014889320162
0.9356877323420074,1.4153559355971543
0.9357496902106568,1.0128008923572946
0.9358116480793061,1.1707979370663055
0.9358736059479554,0.23559018204005233
0.9359355638166047,-1.7338048807050264
0.9359975216852541,-0.5452013439536902
0.9360594795539033,3.4869684557666054
0.9361214374225527,3.402381486368194
0.936183395291202,-1.9865442786251388
0.9362453531598512,-3.7382873907355907
0.9363073110285006,2.09784465441142
0.9363692688971499,5.994787970465518
0.9364312267657993,0.6944308696255672
0.9364931846344485,-5.331052358499066
0.9365551425030979,-1.7624657918910067
0.9366171003717472,5.519251623532414
0.9366790582403965,4.168250958204684
0.9367410161090458,-3.472932826842637
0.9368029739776952,-4.42396495838253
0.9368649318463445,2.7998192582734673
0.9369268897149938,6.001080520852754
0.9369888475836431,0.13255216632491362
0.9370508054522925,-4.695880273359955
0.9371127633209417,-0.7167260537806461
0.9371747211895911,4.9054480008670405
0.9372366790582404,2.815863325157287
0.9372986369268897,-3.0907480065641932
0.937360594795539,-2.99791606035634
0.9374225526641884,2.398321118978248
0.9374845105328377,3.8843056917785734
0.937546468401487,-0.5287365479659526
0.9376084262701363,-2.975054282941787
0.9376703841387857,0.4616725481564403
0.9377323420074349,3.5660034643634355
0.9377942998760843,1.1633536107222158
0.9378562577447336,-2.2579019993778484
0.937918215613383,-0.8408140721182292
0.9379801734820322,2.549532985423399
0.9380421313506815,1.7779982712204259
0.9381040892193309,-1.749908794702366
0.9381660470879801,-1.8181502769642486
0.9382280049566295,1.653008487496606
0.9382899628252788,2.668593768006098
0.9383519206939281,-0.3925013548264723
0.9384138785625774,-2.2413587887675894
0.9384758364312268,0.17465859244750148
0.938537794299876,2.8300975704600995
0.9385997521685254,1.5493742506627524
0.9386617100371747,-1.5355203762259877
0.9387236679058241,-1.8488635581159223
0.9387856257744733,0.7597808740692893
0.9388475836431227,2.390206337280257
0.938909541511772,0.7898895017157013
0.9389714993804213,-1.8420994323240056
0.9390334572490706,-1.820717644955743
0.93909541511772,1.135961287118765
0.9391573729863693,3.014822511120631
0.9392193308550186,0.774657241022534
0.9392812887236679,-2.578741904918068
0.9393432465923173,-1.7071498620207484
0.9394052044609665,2.445209813195854
0.9394671623296159,3.199455374177844
0.9395291201982652,-1.1329434240987035
0.9395910780669146,-3.724450762461487
0.9396530359355638,-0.2188245341459218
0.9397149938042131,3.6563594186026993
0.9397769516728625,1.5012104348769177
0.9398389095415117,-2.9405961675581334
0.9399008674101611,-2.248067960002114
0.9399628252788104,2.175341260000517
0.9400247831474597,3.007014548979572
0.940086741016109,-0.5827818275510893
0.9401486988847584,-2.4969227415478645
0.9402106567534076,-0.35598577863410524
0.940272614622057,1.771317779323521
0.9403345724907063,1.061099541750238
0.9403965303593557,-0.6857772221573655
0.9404584882280049,-1.3977849508922155
0.9405204460966543,-0.8839760461344117
0.9405824039653036,0.7055694819841429
0.940644361833953,2.0871823972343955
0.9407063197026022,0.687719549675379
0.9407682775712516,-2.529593272562597
0.9408302354399009,-2.2005241842195615
0.9408921933085502,2.509408425421503
0.9409541511771995,4.076630119949472
0.9410161090458489,-1.4080829476092875
0.9410780669144981,-5.574496405642071
0.9411400247831475,-0.7067535887121821
0.9412019826517968,5.798902821648101
0.9412639405204462,2.6307030247943795
0.9413258983890954,-5.535104559477821
0.9413878562577447,-4.844738741399181
0.9414498141263941,4.028643780902334
0.9415117719950433,6.356853581344856
0.9415737298636927,-1.7554613982080818
0.941635687732342,-6.730503637355611
0.9416976456009913,-0.553738785901227
0.9417596034696406,6.117611264327955
0.94182156133829,2.4187664093291987
0.9418835192069392,-5.018294676406968
0.9419454770755886,-4.149644530027079
0.9420074349442379,2.7785395614942545
0.9420693928128873,4.335387743324152
0.9421313506815365,-1.1205966524420226
0.9421933085501859,-4.1886591346765805
0.9422552664188352,-0.4374804055231296
0.9423172242874845,3.4837027517948718
0.9423791821561338,1.5454598987023278
0.9424411400247832,-2.518445341606059
0.9425030978934325,-2.156903746632242
0.9425650557620818,1.5060085769620957
0.9426270136307311,2.120135287317523
0.9426889714993805,-1.2629383283708568
0.9427509293680297,-2.724978845631057
0.9428128872366791,0.42145973349831395
0.9428748451053284,2.7500979761459323
0.9429368029739778,-0.06572116365877995
0.942998760842627,-3.1950020988523087
0.9430607187112763,-0.6353481015024295
0.9431226765799257,3.606274834510546
0.9431846344485749,1.7194067199761707
0.9432465923172243,-3.6724167342685927
0.9433085501858736,-3.0763654263810674
0.9433705080545229,2.9825715908414887
0.9434324659231722,3.901088615023111
0.9434944237918216,-2.411565120179753
0.9435563816604708,-5.094626315296331
0.9436183395291202,0.7862447801175386
0.9436802973977695,5.191049501429852
0.9437422552664189,0.6046617519431583
0.9438042131350681,-4.801823143732388
0.9438661710037175,-1.7560289901833257
0.9439281288723668,4.045393530266118
0.9439900867410161,2.609465498842119
0.9440520446096654,-2.9853058667080954
0.9441140024783148,-3.0741390469836265
0.944175960346964,1.5810596408171858
0.9442379182156134,2.5331143019448312
0.9442998760842627,-1.034443880984795
0.9443618339529121,-2.296593926691971
0.9444237918215613,0.3399942043966322
0.9444857496902107,1.6463204253716142
0.94454770755886,-0.11635994636374836
0.9446096654275093,-1.0370726444610976
0.9446716232961586,0.3391052666739023
0.9447335811648079,0.9175304519886274
0.9447955390334573,-0.4481733973562214
0.9448574969021065,-1.0614300797321135
0.9449194547707559,0.21300427503350794
0.9449814126394052,0.9782221057200444
0.9450433705080545,-0.21510931535380734
0.9451053283767038,-1.4041375072731552
0.9451672862453532,-0.5315112088030212
0.9452292441140024,1.2906363719020806
0.9452912019826518,1.3439668552707786
0.9453531598513011,-0.6952998192337265
0.9454151177199505,-1.8393007000587138
0.9454770755885997,0.04364802497530332
0.9455390334572491,2.322054273080873
0.9456009913258984,0.9811545854128486
0.9456629491945477,-2.4266423013265026
0.945724907063197,-2.274140289883497
0.9457868649318464,1.6597470577235283
0.9458488228004956,2.851985029240475
0.945910780669145,-0.9959908725752638
0.9459727385377943,-3.330258287951505
0.9460346964064437,0.0970238880319052
0.9460966542750929,3.460445781671154
0.9461586121437423,0.9817286948785111
0.9462205700123916,-2.8574232336254104
0.946282527881041,-1.4783999844236682
0.9463444857496902,2.2260009407669417
0.9464064436183395,1.6794648516754371
0.9464684014869889,-1.6758383415849882
0.9465303593556381,-1.9028094523304522
0.9465923172242875,0.695085242827765
0.9466542750929368,1.358804361219116
0.9467162329615861,-0.20774206335721512
0.9467781908302354,-0.7327226463078957
0.9468401486988848,-0.007330926735698462
0.946902106567534,0.14235427058001093
0.9469640644361834,0.1963067665951761
0.9470260223048327,0.7910354624437739
0.9470879801734821,0.22371638635592284
0.9471499380421313,-1.4936361096687176
0.9472118959107807,-1.1296654442276168
0.94727385377943,1.448860371297143
0.9473358116480793,1.6644885819381876
0.9473977695167286,-1.4485498597992967
0.947459727385378,-2.518029936998575
0.9475216852540272,0.6869081434413362
0.9475836431226766,2.821660012960269
0.9476456009913259,0.3519474077723823
0.9477075588599753,-2.3672573251657143
0.9477695167286245,-1.0644202725940377
0.9478314745972739,1.5410944153135402
0.9478934324659232,1.3663730517624482
0.9479553903345725,-0.6466880465973013
0.9480173482032218,-1.567095265840154
0.9480793060718711,-0.8554745834192478
0.9481412639405205,0.5685139128183113
0.9482032218091697,1.44230980491897
0.9482651796778191,0.23264225953365847
0.9483271375464684,-2.009419645143088
0.9483890954151177,-1.3419714244022767
0.948451053283767,2.1767968719393602
0.9485130111524164,2.4751954343363773
0.9485749690210656,-2.0486027392352475
0.948636926889715,-3.693617396218621
0.9486988847583643,1.2855687027483975
0.9487608426270137,4.213708949296532
0.9488228004956629,-1.0376774355192746
0.9488847583643123,-5.469387573096705
0.9489467162329616,-0.4134728663263799
0.9490086741016109,5.603323770311782
0.9490706319702602,1.4444008095505647
0.9491325898389096,-5.750022406483056
0.9491945477075588,-2.8618900744306357
0.9492565055762082,5.103517161397969
0.9493184634448575,3.82795078624173
0.9493804213135069,-4.326230403575812
0.9494423791821561,-4.8970675085449775
0.9495043370508055,2.471576780937781
0.9495662949194548,4.337111489669347
0.9496282527881041,-1.8338243591098062
0.9496902106567534,-4.427288395252758
0.9497521685254027,0.3977585141780686
0.949814126394052,3.18446909197927
0.9498760842627013,-0.28788387545398364
0.9499380421313507,-2.590785242173435
0.95,0.07068453271182051
0.9500619578686493,1.7043905028436444
0.9501239157372986,-0.7281177133553243
0.950185873605948,-1.9892103798766492
0.9502478314745972,0.34092346032075505
0.9503097893432466,1.3215545656221386
0.9503717472118959,-1.1993622355309252
0.9504337050805453,-2.342151966689449
0.9504956629491945,0.28824801355182117
0.9505576208178439,1.9909773379236593
0.9506195786864932,-0.31155444714775316
0.9506815365551425,-2.526018432966069
0.9507434944237918,-0.7528704276821376
0.9508054522924412,1.9856261683131244
0.9508674101610904,1.016959373468225
0.9509293680297398,-2.2093745485632184
0.9509913258983891,-2.542282723082813
0.9510532837670385,0.599991021384311
0.9511152416356877,2.204433986739118
0.9511771995043371,-0.49691146061305735
0.9512391573729864,-3.34329887781959
0.9513011152416357,-1.506156747363427
0.951363073110285,2.4581034315738295
0.9514250309789343,2.119887589017564
0.9514869888475836,-2.262552022152076
0.9515489467162329,-3.5736230328631304
0.9516109045848823,0.49619350914627613
0.9516728624535316,3.2338469149612696
0.9517348203221809,-0.01715604591869946
0.9517967781908302,-3.9646397582901747
0.9518587360594796,-2.249676784404813
0.9519206939281288,2.0813369309874656
0.9519826517967782,2.063091246949159
0.9520446096654275,-1.8014771419194797
0.9521065675340769,-3.162490438020482
0.9521685254027261,-0.25612763772740976
0.9522304832713755,2.205051457576561
0.9522924411400248,0.8357716728915519
0.9523543990086741,-2.0709304150970693
0.9524163568773234,-2.5129397255596553
0.9524783147459728,-0.032794033122384325
0.952540272614622,1.905445255134683
0.9526022304832714,0.30671700402717517
0.9526641883519207,-2.9029301349079493
0.9527261462205701,-2.7687206394198416
0.9527881040892193,1.1440818086272486
0.9528500619578687,2.9004626459806166
0.952912019826518,-0.7312547840640353
0.9529739776951673,-4.114118583336736
0.9530359355638166,-1.4274067740829361
0.9530978934324659,3.1683962813070687
0.9531598513011152,2.0034416357978433
0.9532218091697645,-3.1263572568153215
0.9532837670384139,-3.9019911389075785
0.9533457249070632,0.594773843779695
0.9534076827757125,2.8608255017342326
0.9534696406443618,-0.2656892277171541
0.9535315985130112,-3.2626579563667644
0.9535935563816604,-1.778163933399835
0.9536555142503098,1.2147472658375886
0.9537174721189591,1.4533921323958114
0.9537794299876085,-0.550508937591452
0.9538413878562577,-1.8403351095369809
0.9539033457249071,-1.2514278875432958
0.9539653035935564,0.23617385012349246
0.9540272614622057,0.8552255598537557
0.954089219330855,-0.388589667173635
0.9541511771995044,-2.014055583770786
0.9542131350681536,-1.4472572209553223
0.954275092936803,0.7208450791509335
0.9543370508054523,0.9744139695457531
0.9543990086741017,-1.1843460765575604
0.9544609665427509,-1.901966946842562
0.9545229244114003,0.27625934279970965
0.9545848822800496,1.4774427494013127
0.9546468401486989,-0.6118110704913065
0.9547087980173482,-2.33652442455479
0.9547707558859975,-0.5723660705757249
0.9548327137546468,1.5242056820685972
0.9548946716232961,0.1192726211321018
0.9549566294919455,-2.4138612737249088
0.9550185873605948,-1.6653892935005885
0.9550805452292441,1.1630904332333702
0.9551425030978934,1.4668664591924299
0.9552044609665428,-1.015061100034596
0.955266418835192,-2.1370558510624127
0.9553283767038414,-0.28086809014215053
0.9553903345724907,1.4594979470720326
0.95545229244114,0.5157183392857916
0.9555142503097893,-1.4744709645119225
0.9555762081784387,-1.632614408392711
0.955638166047088,-0.056051134669972136
0.9557001239157373,0.814077086706078
0.9557620817843866,-0.06531535935559418
0.955824039653036,-1.148218885205772
0.9558859975216852,-0.8629107521681965
0.9559479553903346,0.2361013428772567
0.9560099132589839,0.6261169954234442
0.9560718711276333,0.009677892656344667
0.9561338289962825,-0.6562461399078612
0.9561957868649319,-0.6308420324918491
0.9562577447335812,-0.049525209867469666
0.9563197026022305,0.37521227222757236
0.9563816604708798,-0.048231416183723175
0.9564436183395291,-0.9972778765282704
0.9565055762081784,-1.0024762459694805
0.9565675340768277,0.3922055480577642
0.9566294919454771,1.1594699411380216
0.9566914498141263,-0.2554392978254654
0.9567534076827757,-1.6682436714503117
0.956815365551425,-0.3132209042516112
0.9568773234200744,1.8980546131526048
0.9569392812887236,1.019680895913326
0.957001239157373,-1.818136499804845
0.9570631970260223,-1.8207118773649347
0.9571251548946716,1.0615425079903686
0.9571871127633209,1.8407272697630286
0.9572490706319703,-0.6838413605122717
0.9573110285006196,-1.959902238968661
0.9573729863692689,-0.02065934497224786
0.9574349442379182,1.4438022984548828
0.9574969021065676,0.3558980138621214
0.9575588599752168,-0.5108866543809722
0.9576208178438662,0.26626469244655837
0.9576827757125155,0.3103574693938884
0.9577447335811649,-0.7603023989399125
0.9578066914498141,-0.17106914320089794
0.9578686493184635,1.5937501988727836
0.9579306071871128,0.691082385680182
0.9579925650557621,-2.13351805386902
0.9580545229244114,-1.6169483464547538
0.9581164807930607,2.167743260524624
0.95817843866171,2.8050404181875432
0.9582403965303593,-1.1368248452629175
0.9583023543990087,-2.936556868657297
0.958364312267658,0.6395834423480926
0.9584262701363073,3.5545363919099637
0.9584882280049566,0.9857962352380125
0.958550185873606,-2.61862613475019
0.9586121437422552,-1.5389529466595702
0.9586741016109046,1.9322973220671096
0.9587360594795539,2.1943161968570792
0.9587980173482032,-0.598757310930627
0.9588599752168525,-1.8700812472926611
0.9589219330855019,-0.033148478221411815
0.9589838909541512,2.03352315501067
0.9590458488228005,1.6203723198545503
0.9591078066914498,-0.5451817406384347
0.9591697645600992,-1.4614318643427993
0.9592317224287484,0.36767201130978355
0.9592936802973978,2.454168727983903
0.9593556381660471,1.284060149478606
0.9594175960346965,-1.8918577244891421
0.9594795539033457,-1.954369795055651
0.9595415117719951,1.7783977413445962
0.9596034696406444,3.3676483662763506
0.9596654275092937,-0.19475447621867234
0.959727385377943,-3.162696777998976
0.9597893432465923,-0.24111623443241054
0.9598513011152416,4.040305048184356
0.9599132589838909,2.543888613233667
0.9599752168525403,-2.3668213630514106
0.9600371747211895,-2.6822130508278903
0.9600991325898389,1.9075600628116198
0.9601610904584882,3.7938586198454654
0.9602230483271376,0.15163298168733813
0.9602850061957868,-2.9575854006733016
0.9603469640644362,-0.8580307724301981
0.9604089219330855,2.79055619163542
0.9604708798017348,2.5572811938655966
0.9605328376703841,-0.6079025833477719
0.9605947955390335,-1.7740145342900258
0.9606567534076828,0.44184510183145076
0.9607187112763321,2.5569033705344237
0.9607806691449814,1.6100642545685533
0.9608426270136308,-0.9223677428013242
0.96090458488228,-1.442574607139077
0.9609665427509294,0.7219068251691452
0.9610285006195787,2.3240963591029495
0.961090458488228,0.8868138091958484
0.9611524163568773,-1.4087061151864941
0.9612143742255267,-0.8449280997843431
0.961276332094176,1.9123064306117292
0.9613382899628253,2.5603633232674246
0.9614002478314746,-0.018237981127153136
0.9614622057001239,-1.755326197005952
0.9615241635687732,0.1620384315153537
0.9615861214374225,2.6910371229001755
0.9616480793060719,1.733312456672446
0.9617100371747211,-1.3570716796157323
0.9617719950433705,-1.895071659118663
0.9618339529120198,0.9470268555435255
0.9618959107806692,3.01092757676913
0.9619578686493184,1.3414398279764665
0.9620198265179678,-1.6749650440612704
0.9620817843866171,-1.724511048885716
0.9621437422552664,1.5297853345437158
0.9622057001239157,3.7630827538994627
0.9622676579925651,1.52441215107884
0.9623296158612143,-2.6482334226278152
0.9623915737298637,-2.785201551657027
0.962453531598513,2.060662953474374
0.9625154894671624,5.077039204159142
0.9625774473358116,0.9690791756847716
0.962639405204461,-4.868170626657167
0.9627013630731103,-3.0758575979748706
0.9627633209417596,4.668678081291602
0.9628252788104089,6.5114357886210374
0.9628872366790583,-1.2130978545987192
0.9629491945477076,-6.771329457280486
0.9630111524163569,-0.9450977390510767
0.9630731102850062,7.4421153411911
0.9631350681536555,4.8849366622232235
0.9631970260223048,-4.881745579083393
0.9632589838909541,-6.4696204448119
0.9633209417596035,2.483420403667789
0.9633828996282527,7.717567308037951
0.9634448574969021,1.364615098339551
0.9635068153655514,-6.11495183885122
0.9635687732342008,-3.282753158189868
0.96363073110285,4.826030017802462
0.9636926889714994,5.837381279301443
0.9637546468401487,-1.007852621227804
0.963816604708798,-5.188296525224425
0.9638785625774473,-1.1484388714376597
0.9639405204460967,4.666632710120276
0.964002478314746,3.937290669783173
0.9640644361833953,-2.1104524951129675
0.9641263940520446,-4.8048580059590495
0.964188351920694,-0.09253282837913246
0.9642503097893432,5.389060427568975
0.9643122676579926,3.327337629908513
0.9643742255266419,-3.5536075762762476
0.9644361833952912,-4.570656524913163
0.9644981412639405,2.370733918541694
0.9645600991325899,6.394430429845411
0.9646220570012392,0.6517289327377143
0.9646840148698885,-5.8729480320130705
0.9647459727385378,-2.554979309820152
0.9648079306071871,5.123983262585558
0.9648698884758364,4.491618302789165
0.9649318463444857,-3.153216667878989
0.9649938042131351,-4.9742866363551155
0.9650557620817843,1.7047826730832332
0.9651177199504337,5.488012644149481
0.965179677819083,0.5745824265608865
0.9652416356877324,-4.1816255343605135
0.9653035935563816,-1.12772404401269
0.965365551425031,3.7669749456208503
0.9654275092936803,2.1673612854757645
0.9654894671623296,-2.6216606473920674
0.9655514250309789,-2.3388710819740446
0.9656133828996283,2.0056005484140416
0.9656753407682775,2.6747676209151767
0.9657372986369269,-1.2283277165618376
0.9657992565055762,-2.668230772273006
0.9658612143742256,0.9457590323951242
0.9659231722428748,3.3904574997205588
0.9659851301115242,0.3828470128452177
0.9660470879801735,-3.0100761220000254
0.9661090458488228,-0.9459406812150448
0.9661710037174721,3.091279980620934
0.9662329615861215,2.057483201462911
0.9662949194547708,-2.481024493901997
0.9663568773234201,-2.7961118013166706
0.9664188351920694,1.6568532564998135
0.9664807930607187,3.1708988094447292
0.966542750929368,-0.7290013786988565
0.9666047087980173,-2.9573930849747256
0.9666666666666667,0.40383788835252477
0.9667286245353159,3.1451550176680954
0.9667905824039653,0.37878180360668146
0.9668525402726146,-2.6062464244281145
0.966914498141264,-0.3659617240566959
0.9669764560099132,2.5850057776787025
0.9670384138785626,0.4899182469824219
0.9671003717472119,-2.671572117460853
0.9671623296158612,-0.8028455837705718
0.9672242874845105,2.597137017723173
0.9672862453531599,1.0492278360017626
0.9673482032218091,-2.4795527889759885
0.9674101610904585,-1.1366950381015641
0.9674721189591078,2.696679693031294
0.9675340768277572,1.762548813749139
0.9675960346964064,-2.3113541625958582
0.9676579925650558,-1.920788362867249
0.9677199504337051,2.233844286280079
0.9677819083023544,2.304380060737623
0.9678438661710037,-2.116609301741878
0.9679058240396531,-3.02447779830986
0.9679677819083023,1.4512931124694528
0.9680297397769517,3.4881389426051586
0.968091697645601,-0.5739474332880472
0.9681536555142503,-3.713180288965864
0.9682156133828996,-0.39358043823149025
0.9682775712515489,3.9169599858864492
0.9683395291201983,2.0020078472665186
0.9684014869888475,-3.074392618076822
0.9684634448574969,-3.1013969788510813
0.9685254027261462,1.8584931493525518
0.9685873605947956,3.678170767652001
0.9686493184634448,-0.602578799089567
0.9687112763320942,-3.9778019754249336
0.9687732342007435,-0.9003256567889188
0.9688351920693928,3.5527767569231927
0.9688971499380421,2.03244450628607
0.9689591078066915,-2.7001624943163023
0.9690210656753407,-2.3972958843339276
0.9690830235439901,2.3538571556579875
0.9691449814126394,2.9917092621783525
0.9692069392812888,-1.7689488634402104
0.969268897149938,-3.3181184625365487
0.9693308550185874,1.3064893562947557
0.9693928128872367,3.5961495095398757
0.969454770755886,-1.0142109412271636
0.9695167286245353,-4.236661115342355
0.9695786864931847,0.2235731324510386
0.969640644361834,4.671932531022475
0.9697026022304833,1.0114267265985233
0.9697645600991326,-4.33237057826345
0.9698265179677819,-1.813152817592169
0.9698884758364312,4.011049649442356
0.9699504337050805,2.8572831077397636
0.9700123915737299,-2.9000838092543497
0.9700743494423791,-3.1998899252981245
0.9701363073110285,1.622726422283133
0.9701982651796778,2.727169733523372
0.9702602230483272,-0.8199227983312731
0.9703221809169764,-1.9398015318984907
0.9703841387856258,0.5096708672866965
0.9704460966542751,1.1428367860707
0.9705080545229244,-0.42576388484340955
0.9705700123915737,0.04259788884374993
0.9706319702602231,1.4714844077428486
0.9706939281288723,-0.20075394177896833
0.9707558859975217,-2.28977890249159
0.970817843866171,0.13175853259753323
0.9708798017348204,3.2080712756495102
0.9709417596034696,0.38874436132345336
0.971003717472119,-4.043328735640224
0.9710656753407683,-1.4497678625129864
0.9711276332094176,4.465740092039197
0.9711895910780669,2.9529809211730313
0.9712515489467163,-3.958875152170143
0.9713135068153655,-3.931279521454163
0.9713754646840149,3.5382499473312956
0.9714374225526642,5.398969997262008
0.9714993804213135,-1.9485325322265838
0.9715613382899628,-5.9440037672778185
0.9716232961586121,0.19598613241304375
0.9716852540272615,5.795582369811485
0.9717472118959107,1.5281176354084463
0.9718091697645601,-4.929021062328495
0.9718711276332094,-2.890801964579211
0.9719330855018588,3.5574418090041506
0.971995043370508,3.8823776922305524
0.9720570012391574,-1.3278093006789526
0.9721189591078067,-3.2643047669714766
0.972180916976456,0.014736665144413186
0.9722428748451053,2.4791506241743195
0.9723048327137547,1.167633106378026
0.9723667905824039,-0.9156580130477446
0.9724287484510533,-1.3760457531747465
0.9724907063197026,-0.7133517685051398
0.972552664188352,0.6013721941550146
0.9726146220570012,1.8334463303743151
0.9726765799256506,0.8725059877202058
0.9727385377942999,-1.9241056704983683
0.9728004956629492,-2.098655430074545
0.9728624535315985,1.7791729254334308
0.9729244114002479,3.797735084801345
0.9729863692688971,-0.2570995667690528
0.9730483271375465,-4.437984392685742
0.9731102850061958,-1.4466837037662932
0.973172242874845,4.355915393005205
0.9732342007434944,3.145370642046742
0.9732961586121437,-3.6156013746473192
0.9733581164807931,-4.729388630722858
0.9734200743494423,2.0562391308026453
0.9734820322180917,5.7433817241032
0.973543990086741,0.2382844356325824
0.9736059479553903,-5.4059854234073335
0.9736679058240396,-2.027631437471847
0.973729863692689,4.634887945092484
0.9737918215613383,3.7715070682455996
0.9738537794299876,-2.9155160575153882
0.9739157372986369,-4.731967885521
0.9739776951672863,0.5975806525636942
0.9740396530359355,4.32076192075134
0.9741016109045849,1.1866797822503068
0.9741635687732342,-3.302863770142414
0.9742255266418836,-2.5506804250563744
0.9742874845105328,1.6723096670560675
0.9743494423791822,3.20656527164219
0.9744114002478315,0.41240112333509743
0.9744733581164808,-2.6376931051235313
0.9745353159851301,-2.0278782876741035
0.9745972738537795,1.3102997804628034
0.9746592317224287,2.795560514146501
0.9747211895910781,0.0005972200393563609
0.9747831474597274,-3.40389520447338
0.9748451053283766,-2.0666904437245304
0.974907063197026,2.606384857276464
0.9749690210656753,3.353240695641464
0.9750309789343247,-1.563015176703583
0.9750929368029739,-4.3478543422939655
0.9751548946716233,0.08096020989118657
0.9752168525402726,4.720937000401133
0.975278810408922,1.4274717402988708
0.9753407682775712,-4.7566929449137145
0.9754027261462206,-3.328740635783608
0.9754646840148699,3.516163024340738
0.9755266418835192,3.990720703966368
0.9755885997521685,-2.9216744031543547
0.9756505576208179,-5.246661023695655
0.9757125154894671,1.194059646657588
0.9757744733581165,5.22894994254264
0.9758364312267658,-0.10594656433767224
0.9758983890954152,-5.262565763955605
0.9759603469640644,-1.2001311245427104
0.9760223048327138,4.559529570273591
0.9760842627013631,1.623543840616977
0.9761462205700124,-4.580917566391706
0.9762081784386617,-2.868900235054535
0.9762701363073111,3.3583818102314567
0.9763320941759603,2.5633522751566824
0.9763940520446097,-3.675091159228357
0.976456009913259,-3.654026391145261
0.9765179677819082,2.7649851816798257
0.9765799256505576,3.7594193260301
0.9766418835192069,-2.6721595524967343
0.9767038413878563,-4.7858485962323325
0.9767657992565055,1.4855480538173196
0.9768277571251549,4.8213357657391
0.9768897149938042,-1.1356641042362254
0.9769516728624535,-6.055770836382264
0.9770136307311028,-1.1575339225099799
0.9770755885997522,5.093017906351041
0.9771375464684015,1.765856046519263
0.9771995043370508,-5.415686726157461
0.9772614622057001,-4.0402533914434855
0.9773234200743495,3.619318519596971
0.9773853779429987,4.651186214044092
0.9774473358116481,-2.573641346440045
0.9775092936802974,-5.957366142144733
0.9775712515489468,-0.07347590065114962
0.977633209417596,5.109124796123387
0.9776951672862454,1.0205469253559536
0.9777571251548947,-5.525485815356945
0.977819083023544,-3.815153069265558
0.9778810408921933,3.1792359011648754
0.9779429987608427,3.901936697845385
0.9780049566294919,-2.63751865993451
0.9780669144981413,-5.338220198543281
0.9781288723667906,0.3123375128178413
0.9781908302354398,4.625667161447754
0.9782527881040892,0.26845433150357634
0.9783147459727385,-5.121958094225534
0.9783767038413879,-2.267653825142423
0.9784386617100371,3.484523274367956
0.9785006195786865,1.7768563498163794
0.9785625774473358,-4.1752757688618
0.9786245353159851,-3.516499542404043
0.9786864931846344,2.419288070546311
0.9787484510532838,2.688684786480671
0.978810408921933,-2.9692744897201244
0.9788723667905824,-3.8119820402662175
0.9789343246592317,1.683908227578417
0.9789962825278811,3.079345607178226
0.9790582403965303,-2.2036201077563775
0.9791201982651797,-4.141511282940699
0.979182156133829,0.7019447441401824
0.9792441140024783,2.842023565251413
0.9793060718711276,-1.7389727516347577
0.979368029739777,-4.081412089110659
0.9794299876084263,0.22005102729216708
0.9794919454770756,2.7129930234643673
0.9795539033457249,-1.209012221357441
0.9796158612143743,-3.556621671863175
0.9796778190830235,0.2634232897093464
0.9797397769516729,2.5447214041834205
0.9798017348203222,-1.2223807531488409
0.9798636926889716,-3.4655879346483696
0.9799256505576208,0.21344283436319622
0.9799876084262701,2.2296072296685683
0.9800495662949195,-1.69131482420203
0.9801115241635687,-3.7013590650516495
0.9801734820322181,0.5443282897111522
0.9802354399008674,2.781497529552651
0.9802973977695167,-1.7233756094784924
0.980359355638166,-4.2749705123860195
0.9804213135068154,0.6429479605574955
0.9804832713754646,4.037722517527042
0.980545229244114,-0.9144643519904967
0.9806071871127633,-5.451502429171952
0.9806691449814127,-1.0935815691216786
0.9807311028500619,4.476159952888672
0.9807930607187113,1.1813039000078867
0.9808550185873606,-5.294442248710995
0.98091697645601,-3.744396670741323
0.9809789343246592,3.036251252481248
0.9810408921933086,3.7183485402387833
0.9811028500619579,-2.285672574263379
0.9811648079306072,-4.90817790629562
0.9812267657992565,-0.3751740661455749
0.9812887236679059,3.82060087587581
0.9813506815365551,1.4874660152237196
0.9814126394052045,-3.5030249795001307
0.9814745972738538,-3.825262094155703
0.9815365551425032,0.7828935061295216
0.9815985130111524,3.4591970270183046
0.9816604708798017,0.0817397816275679
0.9817224287484511,-4.370530491917346
0.9817843866171003,-2.7844246588367576
0.9818463444857497,2.780732984625978
0.981908302354399,3.517588950379955
0.9819702602230483,-1.938082301796978
0.9820322180916976,-4.662444680141588
0.982094175960347,-0.14897932213163684
0.9821561338289962,3.944530567668397
0.9822180916976456,0.8821019445525168
0.9822800495662949,-3.8415445999772144
0.9823420074349443,-2.54729680867439
0.9824039653035935,1.7198576620984145
0.9824659231722429,1.8042765177620375
0.9825278810408922,-1.1377139081917347
0.9825898389095415,-1.5764087687997734
0.9826517967781908,0.007273845414999203
0.9827137546468402,0.02331182393376738
0.9827757125154895,-0.3650163447848431
0.9828376703841388,0.9941245465113459
0.9828996282527881,1.136227690038683
0.9829615861214375,-1.951476121061281
0.9830235439900867,-3.174629178374309
0.9830855018587361,1.0011713984962354
0.9831474597273854,4.151979115782142
0.9832094175960348,-0.007754582499611695
0.983271375464684,-5.334291948988593
0.9833333333333333,-2.43665888337772
0.9833952912019827,4.775610527720774
0.9834572490706319,4.570548474242813
0.9835192069392813,-3.0543914205733245
0.9835811648079306,-5.869347891355754
0.9836431226765799,0.6721988790210007
0.9837050805452292,6.059015387619457
0.9837670384138786,1.7929730785122975
0.9838289962825278,-5.197575495072826
0.9838909541511772,-4.005729735450394
0.9839529120198265,3.0824696307986863
0.9840148698884759,4.858093548704945
0.9840768277571251,-0.9078568837999582
0.9841387856257745,-4.618176550443342
0.9842007434944238,-0.6583004738888731
0.9842627013630731,4.11093986798799
0.9843246592317224,2.2152662636865195
0.9843866171003718,-2.5065114040772314
0.984448574969021,-2.2311344268121536
0.9845105328376704,1.7038180582227853
0.9845724907063197,2.1615424414452136
0.9846344485749691,-1.0070284793296227
0.9846964064436183,-1.6021919981752382
0.9847583643122677,1.1031796561411285
0.984820322180917,1.5447371006597883
0.9848822800495663,-1.029557504236049
0.9849442379182156,-1.0710803087197782
0.9850061957868649,2.1368566804645743
0.9850681536555143,2.3618375715204363
0.9851301115241635,-1.6483148595793584
0.9851920693928129,-2.687046858867366
0.9852540272614622,1.9203247278088833
0.9853159851301115,4.289524266924793
0.9853779429987608,-0.5233012604821003
0.9854399008674102,-4.792573061032941
0.9855018587360594,-0.7216370021407684
0.9855638166047088,5.514545726148876
0.9856257744733581,3.3983478491922483
0.9856877323420075,-3.990575361380218
0.9857496902106567,-4.445307599446383
0.9858116480793061,3.178918647756716
0.9858736059479554,6.67821043104599
0.9859355638166047,0.276946691169914
0.985997521685254,-5.936989464171054
0.9860594795539034,-2.2427454576320356
0.9861214374225526,5.346038824745597
0.986183395291202,5.009877702775401
0.9862453531598513,-2.351108637281803
0.9863073110285007,-5.284868792062946
0.9863692688971499,0.2352351117276852
0.9864312267657993,5.630327232423845
0.9864931846344486,3.458863683485918
0.986555142503098,-2.4396412287047307
0.9866171003717472,-3.8505802362935286
0.9866790582403965,0.5903744225544438
0.9867410161090459,4.838711989572753
0.9868029739776951,3.408880005633064
0.9868649318463445,-2.2498909480908083
0.9869268897149938,-4.879258533423245
0.9869888475836431,-0.03537712448081992
0.9870508054522924,6.39592279613924
0.9871127633209418,4.464723319409755
0.987174721189591,-4.291968272034614
0.9872366790582404,-6.400475429928496
0.9872986369268897,2.8675324962830397
0.9873605947955391,9.455449272173087
0.9874225526641883,1.9201094529026599
0.9874845105328377,-8.325261563809441
0.987546468401487,-4.368885227009473
0.9876084262701363,7.594773071099645
0.9876703841387856,7.7907417841533455
0.987732342007435,-3.934763141523243
0.9877942998760842,-8.003248045042833
0.9878562577447336,1.6671448436873073
0.9879182156133829,8.444089709668663
0.9879801734820323,2.1061375130114808
0.9880421313506815,-5.391004686562763
0.9881040892193309,-2.300316746888682
0.9881660470879802,4.311077626805194
0.9882280049566295,3.6319314248290255
0.9882899628252788,-1.1128134885986014
0.9883519206939281,-1.7197257721840273
0.9884138785625775,0.661139611885288
0.9884758364312267,1.0473560103543813
0.9885377942998761,0.45300214071464934
0.9885997521685254,1.1814418238103737
0.9886617100371747,0.9793337025869582
0.988723667905824,-0.9937815536782595
0.9887856257744734,-0.7405356025203079
0.9888475836431226,2.394472405077411
0.988909541511772,2.8626570473652713
0.9889714993804213,-0.8642588117020058
0.9890334572490707,-2.441282816021956
0.9890954151177199,1.0629660349079186
0.9891573729863693,3.4590853600360845
0.9892193308550186,0.4648671573676084
0.9892812887236679,-2.629476225801829
0.9893432465923172,-0.5124236535574165
0.9894052044609666,2.9785528003719044
0.9894671623296158,2.021005360426363
0.9895291201982652,-1.3216836817694864
0.9895910780669145,-1.367499107967011
0.9896530359355639,1.5835303389961901
0.9897149938042131,2.5456658504447924
0.9897769516728625,0.23248305796602398
0.9898389095415118,-1.571474685521155
0.9899008674101611,-0.3682207915077459
0.9899628252788104,1.6627847564406149
0.9900247831474597,1.4548917826384165
0.990086741016109,-0.4567794285542104
0.9901486988847583,-1.0681796247597815
0.9902106567534077,0.46504636974088887
0.990272614622057,1.6867091169266586
0.9903345724907063,0.8575849105712074
0.9903965303593556,-0.3853174057177392
0.990458488228005,-0.09185650032921577
0.9905204460966542,0.7452689598032982
0.9905824039653036,0.4915867143429308
0.9906443618339529,-0.02177780808542651
0.9907063197026023,0.35788793037141176
0.9907682775712515,0.46367298022416137
0.9908302354399009,-0.47468484242640363
0.9908921933085502,-0.5076482772044645
0.9909541511771995,1.1553108095153601
0.9910161090458488,1.6118070083621336
0.9910780669144982,-0.47397413888696593
0.9911400247831474,-1.460177455178969
0.9912019826517968,0.8564489067595149
0.9912639405204461,2.437179305991633
0.9913258983890955,0.0566487890889308
0.9913878562577447,-2.264664049214075
0.9914498141263941,-0.3077350622178766
0.9915117719950434,2.365690050429672
0.9915737298636927,0.8362403664127818
0.991635687732342,-2.0274642326782684
0.9916976456009913,-0.9483284069799165
0.9917596034696406,1.9906712165536296
0.9918215613382899,1.50477905227514
0.9918835192069393,-1.102948500867216
0.9919454770755886,-0.9600943112996241
0.9920074349442379,1.136394756011068
0.9920693928128872,0.9764293610445114
0.9921313506815366,-0.7385386458491474
0.9921933085501858,-0.46840425827796284
0.9922552664188352,0.7810553903653543
0.9923172242874845,-0.04569053398292433
0.9923791821561339,-1.2604135140083228
0.9924411400247831,0.2115160220246199
0.9925030978934325,1.9374600291602384
0.9925650557620818,0.20858941912751944
0.9926270136307311,-2.182258666646675
0.9926889714993804,-0.5260091015143065
0.9927509293680298,2.626007930291329
0.992812887236679,1.5135022956092126
0.9928748451053284,-2.253802262028489
0.9929368029739777,-2.2561104745253715
0.9929987608426271,1.3505678003174622
0.9930607187112763,2.2758672556337096
0.9931226765799257,-0.7260664847478513
0.993184634448575,-2.205454058305557
0.9932465923172243,-0.012674572711819154
0.9933085501858736,1.6085208976325622
0.9933705080545229,0.31276592471983944
0.9934324659231722,-0.7839498215018905
0.9934944237918215,0.15908766960181953
0.9935563816604709,0.5318912600097614
0.9936183395291202,-0.7716036635615274
0.9936802973977695,-0.8494491084974982
0.9937422552664188,1.0393231245280203
0.9938042131350682,1.1832605786767794
0.9938661710037174,-1.4991652637083315
0.9939281288723668,-2.38054233975953
0.9939900867410161,0.8306575477043955
0.9940520446096655,3.0688003808654787
0.9941140024783147,0.17480005675516042
0.9941759603469641,-3.3311000751056716
0.9942379182156134,-1.3676779795010154
0.9942998760842627,3.12502458406135
0.994361833952912,2.6189388522026906
0.9944237918215614,-2.3942771245114876
0.9944857496902106,-3.870557361112697
0.99454770755886,0.6620792005566242
0.9946096654275093,3.9425310870239647
0.9946716232961587,0.6547875212666447
0.9947335811648079,-3.990504390415089
0.9947955390334573,-2.4914151952437136
0.9948574969021066,3.031648928104226
0.9949194547707559,3.9742138989847224
0.9949814126394052,-1.3511951515659013
0.9950433705080545,-4.759396618248315
0.9951053283767038,-0.6899324964981014
0.9951672862453531,4.710928151658215
0.9952292441140025,2.652322073926422
0.9952912019826518,-4.1471112598954445
0.9953531598513011,-4.89683675178732
0.9954151177199504,2.0882552148134526
0.9954770755885998,5.813550921042047
0.995539033457249,0.036031593920947236
0.9956009913258984,-5.990940539569902
0.9956629491945477,-2.276458007084932
0.995724907063197,5.215515540824507
0.9957868649318463,4.262796816690742
0.9958488228004957,-3.348155635544587
0.995910780669145,-5.173955504537231
0.9959727385377943,1.073101625832525
0.9960346964064436,4.7350230389834795
0.996096654275093,0.6233197570425121
0.9961586121437422,-3.738564699728853
0.9962205700123916,-2.06335793941573
0.9962825278810409,1.7212593300108616
0.9963444857496903,2.266631677483232
0.9964064436183395,0.46187065482169093
0.9964684014869889,-1.0852822053021651
0.9965303593556382,-1.7777938236448523
0.9965923172242875,-0.537554516847063
0.9966542750929368,2.5608622525359674
0.9967162329615861,2.829858797800033
0.9967781908302354,-2.1430082232915733
0.9968401486988847,-5.09493857855977
0.9969021065675341,0.40394922501503866
0.9969640644361834,6.407811899135831
0.9970260223048327,1.9108769364253417
0.997087980173482,-6.651707569798112
0.9971499380421314,-4.240663227087088
0.9972118959107806,6.136237378484388
0.99727385377943,6.8296743570600205
0.9973358116480793,-3.899444170883875
0.9973977695167286,-7.915252161722689
0.9974597273853779,1.5674375409906254
0.9975216852540273,8.21835718236132
0.9975836431226766,1.0288167302161892
0.9976456009913259,-7.31703754609869
0.9977075588599752,-3.192133522358363
0.9977695167286246,5.50272581129089
0.9978314745972738,4.654305740528622
0.9978934324659232,-2.7786290190925462
0.9979553903345725,-4.409118973771159
0.9980173482032219,0.8366820747576562
0.9980793060718711,3.9911611391540402
0.9981412639405205,1.5484021100859051
0.9982032218091698,-1.9127406234392441
0.9982651796778191,-2.4562019071762196
0.9983271375464684,-0.1805512846843712
0.9983890954151177,2.6201752739731536
0.998451053283767,2.4721050250031453
0.9985130111524163,-1.5535086549604844
0.9985749690210657,-3.9843293908418276
0.998636926889715,0.19126115440506075
0.9986988847583643,5.417185081710398
0.9987608426270136,2.545954112885718
0.998822800495663,-4.778194512392293
0.9988847583643122,-4.175751006818548
0.9989467162329616,4.16131268710588
0.9990086741016109,6.202778787380827
0.9990706319702602,-2.1072983035457358
0.9991325898389095,-6.955262711452162
0.9991945477075589,-0.007995724210513533
0.9992565055762082,7.062318665113993
0.9993184634448575,2.504000993798406
0.9993804213135068,-5.668318653394454
0.9994423791821562,-3.8130150830380756
0.9995043370508054,4.49874258816109
0.9995662949194548,5.512991203411451
0.9996282527881041,-1.7297018345896038
0.9996902106567535,-5.206563311418856
0.9997521685254027,-0.1346847154996269
0.9998141263940521,4.746972251422451
0.9998760842627014,2.2379831736205222
0.9999380421313507,-3.096731518154549
1.0,-3.3543747778513504
1.0000619578686494,1.2877363981281946
1.0001239157372985,4.061326164269571
1.000185873605948,1.3286337643893573
1.0002478314745973,-2.9150165417419247
1.0003097893432467,-2.590441821744947
1.0003717472118958,2.030018771588959
1.0004337050805452,4.184962686281568
1.0004956629491946,0.2767117355797166
1.000557620817844,-4.060806733995181
1.000619578686493,-2.053630371196535
1.0006815365551425,3.2898924766752806
1.0007434944237918,3.5123049636870878
1.0008054522924412,-1.6514563345212685
1.0008674101610904,-3.810037150458836
1.0009293680297398,0.2861366841432904
1.0009913258983891,3.8045039693683584
1.0010532837670385,1.5267096622750915
1.0011152416356877,-2.209424056879663
1.001177199504337,-1.7408056704177621
1.0012391573729864,1.1105657448985333
1.0013011152416358,1.685341346618222
1.001363073110285,0.09819512048766121
1.0014250309789343,-0.8613120103146475
1.0014869888475837,-0.7826218416590565
1.001548946716233,-0.3687920638002591
1.0016109045848822,0.7174725703184941
1.0016728624535316,1.5944997168674533
1.001734820322181,0.2149979481009241
1.0017967781908301,-2.0046516306745867
1.0018587360594795,-1.004834207181096
1.0019206939281289,2.381096254364378
1.0019826517967783,2.3253232155856507
1.0020446096654274,-1.9106168097768552
1.0021065675340768,-3.450844705062468
1.0021685254027262,0.6987959279137285
1.0022304832713755,3.742907915069537
1.0022924411400247,0.34231581510968334
1.002354399008674,-3.945594268502
1.0024163568773234,-1.8732791634983954
1.0024783147459728,3.230638895378287
1.002540272614622,3.0945296163285603
1.0026022304832714,-1.8713637842109685
1.0026641883519207,-3.7040967327145786
1.00272614622057,0.13520986227403214
1.0027881040892193,3.381329981537254
1.0028500619578686,1.1987764275578427
1.002912019826518,-2.926981284894905
1.0029739776951674,-3.003080230717608
1.0030359355638165,0.8769142667303347
1.003097893432466,3.0665861868007838
1.0031598513011153,0.4203155704090494
1.0032218091697647,-3.1722385419583228
1.0032837670384138,-2.1903529390668295
1.0033457249070632,2.1115281596045614
1.0034076827757126,2.99854217606231
1.0034696406443617,-1.242254968687972
1.003531598513011,-3.896485606152894
1.0035935563816605,-0.5250393311984365
1.0036555142503099,3.187913842168602
1.003717472118959,0.7421960045443189
1.0037794299876084,-3.738166067806684
1.0038413878562578,-2.356771458685734
1.0039033457249071,2.585941479050293
1.0039653035935563,2.392476516321568
1.0040272614622057,-2.599858151793799
1.004089219330855,-3.4782215998481822
1.0041511771995044,1.3835320637545576
1.0042131350681536,3.3714508550253393
1.004275092936803,-1.1012780903571122
1.0043370508054523,-4.3455134846933055
1.0043990086741017,-0.9724399932039192
1.0044609665427509,3.005022103557769
1.0045229244114002,0.9625721637378102
1.0045848822800496,-3.3040684492487697
1.004646840148699,-2.7680990517300965
1.0047087980173481,1.2050204571526706
1.0047707558859975,2.166816796957814
1.004832713754647,-0.7270497703277744
1.0048946716232963,-2.5664500986951877
1.0049566294919454,-1.0720690316366692
1.0050185873605948,0.8910640089210675
1.0050805452292442,0.600753492062337
1.0051425030978933,-1.0920344984092765
1.0052044609665427,-1.9006569733977763
1.005266418835192,-1.0696846819221626
1.0053283767038415,0.21577692621473696
1.0053903345724906,0.3310168338492657
1.00545229244114,-0.8651854253564394
1.0055142503097894,-1.6370193206241965
1.0055762081784387,-0.689797460446101
1.005638166047088,0.6475447463104587
1.0057001239157373,0.20421710115130454
1.0057620817843866,-1.4922063369866714
1.005824039653036,-1.777312306860845
1.0058859975216852,-0.13416483806108903
1.0059479553903345,0.7112452072996283
1.006009913258984,-0.8772511336200938
1.0060718711276333,-2.46840300010535
1.0061338289962825,-1.2202758752456846
1.0061957868649318,1.1891362224202762
1.0062577447335812,0.743015396131951
1.0063197026022306,-2.1818367961994487
1.0063816604708797,-2.6778427241182072
1.0064436183395291,0.618504819721593
1.0065055762081785,2.3182660459834423
1.0065675340768279,-1.0576920158340153
1.006629491945477,-4.240701910265026
1.0066914498141264,-1.4390498432592083
1.0067534076827758,2.966900788168684
1.006815365551425,1.0246640458793634
1.0068773234200743,-4.4456408438422415
1.0069392812887237,-3.671373447944197
1.007001239157373,2.6845834514348366
1.0070631970260222,3.557430897316996
1.0071251548946716,-3.055843195998111
1.007187112763321,-5.590518384470737
1.0072490706319703,0.8356687093638535
1.0073110285006195,5.018013553668911
1.0073729863692689,-0.7809277997486532
1.0074349442379182,-6.631027730551859
1.0074969021065676,-2.2315174973723924
1.0075588599752168,4.733534446458142
1.0076208178438661,2.1540749267708894
1.0076827757125155,-5.245608231277206
1.007744733581165,-4.611823184682005
1.007806691449814,2.6305171220713963
1.0078686493184634,4.118516294186692
1.0079306071871128,-1.945713740047774
1.0079925650557622,-5.033114561427098
1.0080545229244113,-0.8248693636245936
1.0081164807930607,3.0503482029628026
1.00817843866171,0.933801351273371
1.0082403965303595,-2.995686586141572
1.0083023543990086,-3.1190223868086515
1.008364312267658,-0.13837809388123534
1.0084262701363074,1.8335375850264226
1.0084882280049565,0.6817069781672696
1.008550185873606,-2.1640219588669587
1.0086121437422553,-2.998626614479708
1.0086741016109046,-0.012419044305883808
1.0087360594795538,2.9164939792173246
1.0087980173482032,0.7888733093312799
1.0088599752168526,-3.7701256561684366
1.008921933085502,-3.31498855308445
1.008983890954151,1.8605268106504629
1.0090458488228005,3.183438013981636
1.0091078066914498,-1.7239761913258334
1.0091697645600992,-4.563654981023818
1.0092317224287484,-0.6262409814827441
1.0092936802973977,3.2576593116675236
1.0093556381660471,0.9670390843388237
1.0094175960346965,-2.8365062312836242
1.0094795539033456,-1.9155045511665345
1.009541511771995,1.1428258522746417
1.0096034696406444,1.0825588308151874
1.0096654275092938,-0.9106087964164872
1.009727385377943,-1.1527729463099377
1.0097893432465923,-0.3156525986070786
1.0098513011152417,-0.4606201231053577
1.009913258983891,-0.5826293116716484
1.0099752168525402,0.2825869334734685
1.0100371747211896,0.4319793202627704
1.010099132589839,-0.7190629306434767
1.0101610904584881,-1.0096345371686781
1.0102230483271375,0.18607494848843634
1.0102850061957869,0.7746242934817386
1.0103469640644362,0.06809652441493186
1.0104089219330854,-0.5010641337323204
1.0104708798017348,-0.6507193242966673
1.0105328376703842,-0.834611561336948
1.0105947955390335,-0.10283057775197091
1.0106567534076827,1.3295468308087133
1.010718711276332,0.6190925225611226
1.0107806691449814,-2.114757871614576
1.0108426270136308,-1.8988187346861478
1.01090458488228,2.2013722635930124
1.0109665427509293,3.358841342608782
1.0110285006195787,-1.3416574246608188
1.011090458488228,-4.1059369518885696
1.0111524163568772,0.39348192743866406
1.0112143742255266,4.544112234734779
1.011276332094176,0.8162861801533776
1.0113382899628254,-4.352647418141329
1.0114002478314745,-1.895986830972776
1.011462205700124,3.618055903739302
1.0115241635687733,2.6258647740899814
1.0115861214374227,-2.3088361282721284
1.0116480793060718,-2.208248316752041
1.0117100371747212,1.9085532424452336
1.0117719950433706,2.370125371109714
1.0118339529120197,-0.6306561444189815
1.011895910780669,-1.0779900836794438
1.0119578686493185,0.8310410347080398
1.0120198265179678,0.6716294080215897
1.012081784386617,-0.6034255574283344
1.0121437422552664,0.3066033853709531
1.0122057001239158,1.3163107962488598
1.0122676579925651,-0.26949947259660945
1.0123296158612143,-1.1210132678918827
1.0123915737298637,1.2974952183362207
1.012453531598513,2.4308882891293346
1.0125154894671624,-0.49835990036005107
1.0125774473358116,-1.8756756226790732
1.012639405204461,1.548414718708267
1.0127013630731103,3.1980564358886223
1.0127633209417597,-0.8719974919562843
1.0128252788104088,-3.1486604751362846
1.0128872366790582,1.4162612778133878
1.0129491945477076,4.581259487294926
1.013011152416357,-0.2344705595814196
1.0130731102850061,-4.458644177063426
1.0131350681536555,0.4233593917419609
1.0131970260223049,6.152818533711852
1.0132589838909543,2.0235130142428357
1.0133209417596034,-4.978801806091184
1.0133828996282528,-2.184711399550066
1.0134448574969022,5.614793299844216
1.0135068153655513,4.475090516746943
1.0135687732342007,-3.625281027916718
1.01363073110285,-4.421368637700187
1.0136926889714994,3.1590541147674256
1.0137546468401486,5.657783100741035
1.013816604708798,-0.7053169489569644
1.0138785625774474,-4.1922553343671245
1.0139405204460967,0.9004693683661331
1.0140024783147459,4.979117595386165
1.0140644361833953,1.2718105439646379
1.0141263940520446,-2.807057204435189
1.014188351920694,-0.23331013262695643
1.0142503097893432,3.3908707566283476
1.0143122676579925,1.3493052174804747
1.014374225526642,-1.9268209566201437
1.0144361833952913,-0.1400395625698121
1.0144981412639404,2.8856947859587176
1.0145600991325898,1.1138232760379525
1.0146220570012392,-1.7971428172535613
1.0146840148698886,0.31025951038929755
1.0147459727385377,3.6931644228962712
1.014807930607187,1.4761869282197821
1.0148698884758365,-2.676814178185885
1.0149318463444859,-0.6675525631778688
1.014993804213135,4.389889001775258
1.0150557620817844,2.8838497274679744
1.0151177199504338,-3.3086947202682495
1.015179677819083,-3.062411930577328
1.0152416356877323,3.8644885577064017
1.0153035935563817,5.394721460308981
1.015365551425031,-1.5093706839502161
1.0154275092936802,-4.841460282762322
1.0154894671623296,1.4025431319784407
1.015551425030979,6.460253502180671
1.0156133828996283,1.73548585302479
1.0156753407682775,-4.378261728523111
1.0157372986369269,-1.7202345120109528
1.0157992565055762,4.314559730536708
1.0158612143742256,3.417090323165444
1.0159231722428748,-1.8502136523367898
1.0159851301115241,-2.280767655130113
1.0160470879801735,1.6332524742269958
1.016109045848823,2.6193919932310767
1.016171003717472,0.2613454573897702
1.0162329615861214,-0.2899390407202227
1.0162949194547708,1.0709355229412205
1.0163568773234202,0.7727727870484804
1.0164188351920693,-0.2240285967983331
1.0164807930607187,0.9312926807722832
1.016542750929368,1.9990508286945303
1.0166047087980175,-0.008903046941648118
1.0166666666666666,-1.8012694058581449
1.016728624535316,0.4508912159608067
1.0167905824039654,3.040462187347714
1.0168525402726145,1.0324414942051143
1.016914498141264,-2.1573673171127683
1.0169764560099133,-0.6159213632895564
1.0170384138785626,3.0886975436966315
1.0171003717472118,2.3900694080821667
1.0171623296158612,-1.4470480594811597
1.0172242874845105,-1.7863532956201584
1.01728624535316,1.5821097915631657
1.017348203221809,2.649272394865786
1.0174101610904585,-0.07102297537724825
1.0174721189591078,-1.7753452649747614
1.0175340768277572,-0.14039010238964483
1.0175960346964064,1.6815187209443607
1.0176579925650557,1.2729955631826937
1.0177199504337051,0.0681135289003838
1.0177819083023545,-0.2945759815577269
1.0178438661710036,-0.036918789848507494
1.017905824039653,0.5379978574134295
1.0179677819083024,1.2715763469586583
1.0180297397769518,1.0441386808064306
1.018091697645601,-0.5389694454079683
1.0181536555142503,-1.4276895041415973
1.0182156133828997,0.03596598236575943
1.018277571251549,1.929942795430325
1.0183395291201982,1.3478870366684996
1.0184014869888476,-0.996912638560615
1.018463444857497,-1.6893174395661328
1.0185254027261461,0.3917603524385488
1.0185873605947955,2.4674062851694165
1.0186493184634449,1.6097265886296783
1.0187112763320942,-1.2710292195758248
1.0187732342007434,-2.2803818013778923
1.0188351920693928,0.2729009348427923
1.0188971499380421,2.8424421798652917
1.0189591078066915,1.2380216164640805
1.0190210656753407,-2.505561846219911
1.01908302354399,-2.408264363730911
1.0191449814126394,1.7368496518644292
1.0192069392812888,3.2252637651837373
1.019268897149938,-0.48469881939581977
1.0193308550185873,-2.9884271376800235
1.0193928128872367,0.06592736488155587
1.019454770755886,3.080903260573189
1.0195167286245352,0.5403481282690468
1.0195786864931846,-2.811235962888893
1.019640644361834,-0.7582264741159201
1.0197026022304834,2.6147917854554183
1.0197645600991325,0.6067467588122382
1.019826517967782,-3.0587289600021217
1.0198884758364313,-1.0399168507274197
1.0199504337050807,3.243249839796821
1.0200123915737298,1.5319409752920439
1.0200743494423792,-3.331441820919873
1.0201363073110286,-2.086413423090349
1.0201982651796777,3.3673008566323435
1.020260223048327,2.837523054645705
1.0203221809169765,-3.1483474479660942
1.0203841387856258,-3.7619236195068777
1.020446096654275,2.2186119092790872
1.0205080545229244,3.8696560690542006
1.0205700123915737,-1.897329561528463
1.0206319702602231,-4.610841191794238
1.0206939281288723,0.6658492160998972
1.0207558859975217,4.49595957197174
1.020817843866171,0.26322785597708975
1.0208798017348204,-4.286258236987855
1.0209417596034696,-1.350074439398642
1.021003717472119,3.504354248738029
1.0210656753407683,1.9889837978678833
1.0211276332094177,-2.7780363199733857
1.0211895910780668,-2.8950942991003847
1.0212515489467162,0.9311833411653012
1.0213135068153656,2.1937285498941543
1.021375464684015,-0.21450374680484097
1.0214374225526641,-1.9124978310637863
1.0214993804213135,-0.9725889850551037
1.0215613382899629,0.5672971053477728
1.0216232961586122,1.0455032546397491
1.0216852540272614,0.46495559795090746
1.0217472118959108,-0.7617732733506773
1.0218091697645602,-1.5053455995285387
1.0218711276332093,-0.485704112312142
1.0219330855018587,1.197194303333108
1.021995043370508,0.8614663604764037
1.0220570012391574,-1.3231359275385626
1.0221189591078066,-2.038856321313386
1.022180916976456,-0.07505940084571461
1.0222428748451053,1.6494091964850295
1.0223048327137547,0.7370778605272466
1.0223667905824039,-1.2113523077546824
1.0224287484510532,-1.4337006429018309
1.0224907063197026,0.10181679988154929
1.022552664188352,1.2264094020410035
1.0226146220570012,0.5623977017081238
1.0226765799256505,-1.0648977396523152
1.0227385377943,-1.6656383255467793
1.0228004956629493,-0.39906082865501125
1.0228624535315984,1.1304460443117157
1.0229244114002478,0.7847447571187102
1.0229863692688972,-0.9547575840965911
1.0230483271375466,-1.4971885571953478
1.0231102850061957,-0.025785253277691156
1.023172242874845,1.3281828067586123
1.0232342007434945,0.7881044080427174
1.0232961586121438,-0.7399198399572924
1.023358116480793,-1.3745289792114193
1.0234200743494424,-0.5513318426905958
1.0234820322180918,0.7985220550848554
1.023543990086741,1.0887734901538608
1.0236059479553903,-0.45328766003887233
1.0236679058240397,-2.084304163598537
1.023729863692689,-1.0226478303202258
1.0237918215613382,1.9224689423394223
1.0238537794299876,2.2500728381498094
1.023915737298637,-1.1925896702096097
1.0239776951672863,-3.1245978883819143
1.0240396530359355,0.06801334873546688
1.0241016109045848,3.5242633011070073
1.0241635687732342,1.2627715958718628
1.0242255266418836,-3.4457375817538267
1.0242874845105328,-2.8852722612473993
1.0243494423791821,2.2123765781974405
1.0244114002478315,3.561875047937812
1.0244733581164809,-0.9964922064823991
1.02453531598513,-3.9219305241872386
1.0245972738537794,-0.4411635229323223
1.0246592317224288,3.7727771974527626
1.0247211895910782,2.0592155775351833
1.0247831474597273,-2.6036507038473213
1.0248451053283767,-2.801706216544146
1.024907063197026,1.4326545659670367
1.0249690210656754,3.1420410335069855
1.0250309789343246,-0.22133239317760467
1.025092936802974,-3.0629135251641686
1.0251548946716234,-0.9571746039309299
1.0252168525402725,2.4186162002856264
1.0252788104089219,1.690820935812233
1.0253407682775713,-1.442027859949952
1.0254027261462206,-1.550733005470145
1.0254646840148698,1.2089732908939768
1.0255266418835192,1.8443265873380084
1.0255885997521685,-0.47196376314558597
1.025650557620818,-1.3303815568108939
1.025712515489467,0.5687158579585168
1.0257744733581164,1.2797476595239043
1.0258364312267658,-0.6161876801461685
1.0258983890954152,-1.3117587080219542
1.0259603469640644,0.7400952619131758
1.0260223048327137,1.697505571004313
1.026084262701363,-0.28355581984692685
1.0261462205700125,-1.4165988870673691
1.0262081784386616,0.5018976595172626
1.026270136307311,1.9314772835627467
1.0263320941759604,0.364476232417692
1.0263940520446098,-1.1808305109649304
1.026456009913259,-0.21392024101611007
1.0265179677819083,0.8979242030263078
1.0265799256505577,0.21492860337893882
1.026641883519207,-0.2714725111638421
1.0267038413878562,0.4529923833387882
1.0267657992565056,0.2612935729669703
1.026827757125155,-0.8195221008456157
1.026889714993804,0.10178178580109165
1.0269516728624535,2.165512426577095
1.0270136307311029,1.0840106140594004
1.0270755885997522,-2.105411985311057
1.0271375464684014,-1.4416397209766636
1.0271995043370508,2.6943677839162925
1.0272614622057001,2.8036124319594107
1.0273234200743495,-2.1783898999153624
1.0273853779429987,-3.663902086515963
1.027447335811648,1.5760507588075299
1.0275092936802974,4.722092519581695
1.0275712515489468,-0.002523263496333472
1.027633209417596,-4.644981426499218
1.0276951672862453,-0.9598804591955172
1.0277571251548947,5.071664522606821
1.027819083023544,3.2129834989928243
1.0278810408921932,-3.6049154652637183
1.0279429987608426,-4.189610965336068
1.028004956629492,2.2999891809909006
1.0280669144981414,5.2182317829578935
1.0281288723667905,-0.06589834392281979
1.02819083023544,-5.016172195580241
1.0282527881040893,-1.8973596014796532
1.0283147459727386,4.218963147826949
1.0283767038413878,3.9064151334248907
1.0284386617100372,-1.940572935517133
1.0285006195786865,-4.083347681526409
1.0285625774473357,0.4329279349747135
1.028624535315985,4.2121984601509315
1.0286864931846345,1.6207663168306352
1.0287484510532838,-2.7879597815218737
1.028810408921933,-2.348069082491436
1.0288723667905824,1.3386904699794755
1.0289343246592317,2.241317661826427
1.0289962825278811,-0.12104216752684427
1.0290582403965303,-1.355247515684549
1.0291201982651796,-0.2255670042179312
1.029182156133829,0.6328813628289136
1.0292441140024784,0.40644425818747454
1.0293060718711275,0.4919125638233657
1.029368029739777,0.5450896882861397
1.0294299876084263,-0.49718298353528556
1.0294919454770757,-1.0968624102757063
1.0295539033457248,0.24635026187070297
1.0296158612143742,1.313873483693847
1.0296778190830236,-0.05537894576904501
1.029739776951673,-1.4940340766073115
1.0298017348203221,-0.3585311450593287
1.0298636926889715,1.1606079781571539
1.0299256505576209,0.34306761590288204
1.0299876084262702,-0.7925244417771238
1.0300495662949194,0.13169816018131741
1.0301115241635688,0.8747673826690918
1.0301734820322181,-0.5425456212138275
1.0302354399008673,-1.2396759395059322
1.0302973977695167,0.6275831383509012
1.030359355638166,1.3366812378964927
1.0304213135068154,-1.1808281762009007
1.0304832713754646,-2.3338622895124637
1.030545229244114,0.6003235262491965
1.0306071871127633,2.4160245710034456
1.0306691449814127,-0.5522731213406182
1.0307311028500619,-2.9089417083283435
1.0307930607187112,-0.014092284833598256
1.0308550185873606,2.907241250428168
1.03091697645601,0.2819656324502704
1.0309789343246591,-3.2289153402430983
1.0310408921933085,-1.3032247610138352
1.031102850061958,2.3532529328748617
1.0311648079306073,1.0729640200633779
1.0312267657992564,-2.605471312020576
1.0312887236679058,-2.143669151067563
1.0313506815365552,1.173784766997501
1.0314126394052046,1.5380263021666891
1.0314745972738537,-0.846627032649411
1.031536555142503,-1.5403510073906288
1.0315985130111525,-0.2646768164458968
1.0316604708798018,0.225976074997457
1.031722428748451,-0.05479336437766169
1.0317843866171004,0.03182799844240036
1.0318463444857497,-0.5894259216773281
1.031908302354399,-1.898569492371542
1.0319702602230483,-1.1489680419507948
1.0320322180916977,1.350128439722763
1.032094175960347,1.0823737989537532
1.0321561338289962,-2.260036835213473
1.0322180916976456,-2.7827116699317296
1.032280049566295,1.0840909004999797
1.0323420074349443,2.7088540079657433
1.0324039653035935,-1.1076411821435936
1.0324659231722428,-3.8212247990717065
1.0325278810408922,-0.6556245452222143
1.0325898389095416,2.673290022900246
1.0326517967781907,0.19721149322562848
1.0327137546468401,-3.6550755943221107
1.0327757125154895,-2.1565806694064724
1.0328376703841389,1.887380404153025
1.032899628252788,1.5165900031915611
1.0329615861214374,-2.2694918175014593
1.0330235439900868,-2.8766924428389906
1.0330855018587362,0.4670218731331399
1.0331474597273853,2.075856615029771
1.0332094175960347,-0.47071486327403633
1.033271375464684,-3.00292831839574
1.0333333333333334,-1.8104736559008106
1.0333952912019826,1.0319241297542077
1.033457249070632,1.2185557418769628
1.0335192069392813,-1.5514211621152247
1.0335811648079305,-3.191825050096039
1.0336431226765799,-1.0257942738907164
1.0337050805452292,1.972526530907471
1.0337670384138786,1.113175441605255
1.0338289962825278,-2.587135803673347
1.0338909541511772,-3.243294963188594
1.0339529120198265,0.5532252161331519
1.034014869888476,2.724718381675363
1.034076827757125,-0.6454216539232303
1.0341387856257744,-4.342416632822051
1.0342007434944238,-2.239213565295601
1.0342627013630732,2.3590029063042808
1.0343246592317223,1.9281949661166602
1.0343866171003717,-2.840876762733378
1.034448574969021,-4.15580613034192
1.0345105328376705,0.15372964279458268
1.0345724907063196,3.278169895942403
1.034634448574969,0.41133210132287024
1.0346964064436184,-3.9117616230183128
1.0347583643122678,-3.1374853947897474
1.034820322180917,1.3919270286107472
1.0348822800495663,2.75742447338534
1.0349442379182157,-1.141124523515554
1.035006195786865,-4.522315276941658
1.0350681536555142,-2.2667929829610434
1.0351301115241636,2.378390342015554
1.035192069392813,2.4499175388730707
1.035254027261462,-2.1712614794850804
1.0353159851301115,-4.337490290595402
1.0353779429987608,-0.6352015588649156
1.0354399008674102,3.172058259171034
1.0355018587360594,1.2008420551920147
1.0355638166047088,-3.339273222192336
1.0356257744733581,-3.51386401943134
1.0356877323420075,0.4788522270532469
1.0357496902106567,2.3335668877240803
1.035811648079306,-0.2911793575459435
1.0358736059479554,-3.056899014078934
1.0359355638166048,-2.177729177785399
1.035997521685254,0.723133262567609
1.0360594795539033,1.8200615437107173
1.0361214374225527,-0.051122989057439006
1.036183395291202,-2.4796763627822784
1.0362453531598512,-2.2308552519886247
1.0363073110285006,0.7079602421232559
1.03636926889715,2.2234019622501235
1.0364312267657994,-0.4795228341639884
1.0364931846344485,-3.709327402652361
1.0365551425030979,-2.1376134769840234
1.0366171003717473,2.1861352751080085
1.0366790582403966,2.3278969413582526
1.0367410161090458,-2.020854679592276
1.0368029739776952,-3.6485872218546413
1.0368649318463445,0.07744549684599145
1.0369268897149937,2.9313782941252873
1.036988847583643,0.6143073050761595
1.0370508054522924,-2.604079910674275
1.0371127633209418,-1.9831756433319794
1.037174721189591,0.48274193580905855
1.0372366790582404,1.0723370871146916
1.0372986369268897,0.054374940324464216
1.037360594795539,-0.9779568617657364
1.0374225526641883,-1.6920230972081818
1.0374845105328376,-1.0374380150763185
1.037546468401487,1.4615166650298188
1.0376084262701364,2.3397519507704283
1.0376703841387855,-1.0237923876772477
1.037732342007435,-3.770873273988121
1.0377942998760843,-0.42078861849997495
1.0378562577447337,4.131833196330666
1.0379182156133828,1.5691852525807164
1.0379801734820322,-4.448270095624351
1.0380421313506816,-3.3852588244058834
1.038104089219331,3.2940736090044784
1.03816604708798,3.9581761213976305
1.0382280049566295,-2.4437214258499207
1.0382899628252789,-4.377249843046551
1.0383519206939282,1.4171590984849236
1.0384138785625774,4.392261699882408
1.0384758364312268,-0.2911282152115648
1.0385377942998761,-3.634856370823208
1.0385997521685253,-0.077074284695972
1.0386617100371747,3.024264287821657
1.038723667905824,0.20835179545216675
1.0387856257744734,-2.4405560995515305
1.0388475836431226,-0.04571068417159041
1.038909541511772,2.0668450132206613
1.0389714993804213,-0.20237517970418972
1.0390334572490707,-1.7019964624172457
1.0390954151177199,1.032998647660407
1.0391573729863692,2.519035379772334
1.0392193308550186,-0.5878618536853331
1.039281288723668,-2.353676438737992
1.0393432465923171,1.0041844021053823
1.0394052044609665,3.32542400296492
1.039467162329616,-0.047542182340891914
1.0395291201982653,-3.208413036361752
1.0395910780669144,-0.4021947875652727
1.0396530359355638,3.43271532735457
1.0397149938042132,1.6945287042576052
1.0397769516728625,-2.222346657127268
1.0398389095415117,-1.4817403904046236
1.039900867410161,2.259924963242977
1.0399628252788105,2.6114805368459915
1.0400247831474598,-0.3694968306939145
1.040086741016109,-1.3794316929021484
1.0401486988847584,0.5904997854980633
1.0402106567534077,1.641378126088762
1.040272614622057,0.41688285657921953
1.0403345724907063,-0.4209169641509205
1.0403965303593556,0.32945479060519756
1.040458488228005,0.855566977940637
1.0405204460966542,0.35306461354950724
1.0405824039653035,0.24861760968635416
1.040644361833953,0.9934638248580552
1.0407063197026023,1.1623977637633263
1.0407682775712515,0.33096086333303654
1.0408302354399008,-0.06013010635692151
1.0408921933085502,0.6229967054344571
1.0409541511771996,1.1418513710399676
1.0410161090458487,0.6864502526704912
1.0410780669144981,0.0876352369438731
1.0411400247831475,0.092747786020139
1.0412019826517969,0.39784391347032066
1.041263940520446,0.8110611352197264
1.0413258983890954,1.3507220042015669
1.0413878562577448,1.1633990985499612
1.0414498141263941,-0.16107843635147123
1.0415117719950433,-0.6158257204403994
1.0415737298636927,1.4089036410091191
1.041635687732342,3.0481537696042613
1.0416976456009914,0.7126062439946881
1.0417596034696406,-2.6319353809639505
1.04182156133829,-0.9203892514284013
1.0418835192069393,3.9485173046424733
1.0419454770755887,3.5899648867143874
1.0420074349442379,-2.287196657641198
1.0420693928128872,-3.7136913439171706
1.0421313506815366,2.585071412650386
1.0421933085501858,6.197671396306566
1.0422552664188351,0.565406220706067
1.0423172242874845,-4.858998772163525
1.042379182156134,-0.6888002740153856
1.042441140024783,5.74948869887602
1.0425030978934324,3.2909097316553426
1.0425650557620818,-3.4724487796557835
1.0426270136307312,-2.8795359723049936
1.0426889714993803,3.2454682294131114
1.0427509293680297,4.067578162246259
1.042812887236679,-0.7134084088204762
1.0428748451053285,-2.047775240624548
1.0429368029739776,1.3737182953849838
1.042998760842627,2.5990495263332254
1.0430607187112764,0.4542554508198906
1.0431226765799257,0.00046397474606618694
1.043184634448575,1.2613761207990968
1.0432465923172243,0.3713133196593579
1.0433085501858737,-0.8878188590771604
1.043370508054523,1.1953930147517982
1.0434324659231722,2.973029311375056
1.0434944237918216,-0.09818929045862873
1.043556381660471,-2.881499284216101
1.0436183395291203,0.8113018295809764
1.0436802973977695,5.099204727083787
1.0437422552664188,1.6202756696240064
1.0438042131350682,-4.083420899079867
1.0438661710037174,-1.502516063485436
1.0439281288723667,5.228784965464749
1.0439900867410161,3.965616809883861
1.0440520446096655,-3.424774190909937
1.0441140024783147,-4.053607894196791
1.044175960346964,3.017325924696004
1.0442379182156134,5.405673014906162
1.0442998760842628,-0.5324711938116057
1.044361833952912,-4.1319574448897765
1.0444237918215613,0.2436524526376759
1.0444857496902107,4.4653913091362165
1.04454770755886,1.968326991460323
1.0446096654275092,-1.9833459053774187
1.0446716232961586,-1.1591495054612344
1.044733581164808,1.6732254093539598
1.0447955390334573,1.6477925856263353
1.0448574969021065,-0.01576904389172118
1.0449194547707559,-0.21799120313363907
1.0449814126394052,0.3071244203644105
1.0450433705080546,0.053081340790370746
1.0451053283767038,0.19504947003405404
1.0451672862453532,1.3458278406836213
1.0452292441140025,1.392968298794547
1.045291201982652,-0.393967480325045
1.045353159851301,-1.1576511484606864
1.0454151177199504,0.7545369683318655
1.0454770755885998,2.3812396552198716
1.045539033457249,0.7478097710165278
1.0456009913258983,-1.9163930781857745
1.0456629491945477,-1.3590233433560552
1.045724907063197,1.7836883555098253
1.0457868649318462,2.5656313038574114
1.0458488228004956,-0.4643422164184241
1.045910780669145,-2.499530592545832
1.0459727385377944,0.02529314397475213
1.0460346964064435,3.218577963785777
1.046096654275093,1.6922298859555194
1.0461586121437423,-2.245545991342029
1.0462205700123917,-2.015765732482423
1.0462825278810408,1.9877379617250641
1.0463444857496902,2.7569403833123514
1.0464064436183396,-1.1467470859947293
1.046468401486989,-2.8788384353927303
1.046530359355638,0.5633541502816599
1.0465923172242875,2.9468521907144463
1.0466542750929368,0.14150764912261726
1.0467162329615862,-2.439164595630879
1.0467781908302354,-0.030977550597124814
1.0468401486988848,2.661656901462486
1.0469021065675341,0.514254369664507
1.0469640644361835,-2.3071680942755024
1.0470260223048327,-0.4393685237978193
1.047087980173482,2.327626707381476
1.0471499380421314,0.4134157026895129
1.0472118959107806,-2.6062760986493343
1.04727385377943,-0.7863001731579218
1.0473358116480793,2.5409310413935624
1.0473977695167287,0.9665688222239022
1.0474597273853778,-2.538992800712831
1.0475216852540272,-1.1134635497818663
1.0475836431226766,2.691754594623334
1.047645600991326,1.5241863406845415
1.0477075588599751,-2.6058533563453374
1.0477695167286245,-1.8670525928026729
1.0478314745972739,2.3995239551572034
1.0478934324659233,1.924339816666485
1.0479553903345724,-2.728403996598386
1.0480173482032218,-2.822275995533938
1.0480793060718712,2.137764502505963
1.0481412639405205,3.087384135560214
1.0482032218091697,-1.8537114828015646
1.048265179677819,-3.6761926182525104
1.0483271375464684,1.0576115770658445
1.0483890954151178,3.895014866627597
1.048451053283767,-0.17612404415637983
1.0485130111524164,-3.9148968166163476
1.0485749690210657,-1.0762169650943907
1.048636926889715,2.8905409241561983
1.0486988847583643,1.236835914752407
1.0487608426270136,-2.555761799114584
1.048822800495663,-2.0249591242044582
1.0488847583643122,1.141024679513711
1.0489467162329615,1.4855954881493614
1.049008674101611,-0.5885305195647892
1.0490706319702603,-1.1237781643664637
1.0491325898389094,-0.01605738733599571
1.0491945477075588,0.3081627369670094
1.0492565055762082,-0.07966333984735563
1.0493184634448576,-0.02698783079128142
1.0493804213135067,-0.26712253290662824
1.049442379182156,-1.0666721570439681
1.0495043370508055,-0.6840052380415784
1.0495662949194549,0.8180124194766789
1.049628252788104,0.6281467293496907
1.0496902106567534,-1.3988739129938954
1.0497521685254028,-1.5340355644989225
1.0498141263940521,1.0412788382945815
1.0498760842627013,1.977776253288042
1.0499380421313507,-0.6847002093874455
1.05,-2.615344709545732
1.0500619578686494,-0.5268935486635419
1.0501239157372986,2.1276531576392235
1.050185873605948,1.0285901813837701
1.0502478314745973,-2.0413198616337844
1.0503097893432467,-2.472621890701193
1.0503717472118959,0.17302133034969647
1.0504337050805452,2.2272119225636224
1.0504956629491946,1.1431967463068462
1.0505576208178438,-1.7103518537262565
1.0506195786864931,-2.678445251278414
1.0506815365551425,0.011215307712103939
1.050743494423792,3.14283290678004
1.050805452292441,1.7804814578675527
1.0508674101610904,-2.990640762367339
1.0509293680297398,-4.040556121635788
1.0509913258983892,0.9355848009820917
1.0510532837670383,4.449328360987103
1.0511152416356877,0.6462165249126058
1.051177199504337,-4.584022575490419
1.0512391573729865,-2.819377890604242
1.0513011152416356,3.058895823621219
1.051363073110285,3.8442791757218178
1.0514250309789344,-1.0477452413168338
1.0514869888475837,-3.7589281251978983
1.051548946716233,-1.0416224354956407
1.0516109045848823,2.2762710160665205
1.0516728624535316,2.0510411139504314
1.051734820322181,-0.5956135733453898
1.0517967781908302,-2.7151816742417547
1.0518587360594795,-2.101173403398314
1.051920693928129,1.4603534751765836
1.0519826517967783,3.866104808848932
1.0520446096654275,0.4585388691583344
1.0521065675340768,-4.914029166039329
1.0521685254027262,-2.9661017870718136
1.0522304832713754,4.952198500214811
1.0522924411400247,5.768147195507181
1.0523543990086741,-3.6267185460625093
1.0524163568773235,-8.182279030830127
1.0524783147459726,0.8979581716530913
1.052540272614622,9.129661209730529
1.0526022304832714,2.0172665737737994
1.0526641883519208,-9.128721244720388
1.05272614622057,-5.311870310735626
1.0527881040892193,7.46895440709233
1.0528500619578687,7.947679394829252
1.052912019826518,-4.365364163378189
1.0529739776951672,-8.839532454983576
1.0530359355638166,1.2252529292090037
1.053097893432466,8.55703904584707
1.0531598513011153,1.8293061435024682
1.0532218091697645,-6.900055646700283
1.0532837670384139,-4.032659178828998
1.0533457249070632,4.279842473795474
1.0534076827757126,4.738888613164631
1.0534696406443618,-1.7989121881457164
1.0535315985130111,-4.3430642503467745
1.0535935563816605,0.07453599797151256
1.05365551425031,3.780652965107773
1.053717472118959,1.571337105208731
1.0537794299876084,-2.4078361432969313
1.0538413878562578,-2.056858768839926
1.053903345724907,1.678629917356703
1.0539653035935563,2.64970058808348
1.0540272614622057,-0.9419032925275852
1.054089219330855,-3.2818453512240437
1.0541511771995042,0.02144240236177164
1.0542131350681536,3.9007839063450733
1.054275092936803,1.3633576499735596
1.0543370508054524,-3.942635084103588
1.0543990086741015,-2.5612252848569312
1.054460966542751,4.13997880410331
1.0545229244114003,4.689136530475742
1.0545848822800497,-2.803792858736709
1.0546468401486988,-5.879325139925866
1.0547087980173482,1.273116422720004
1.0547707558859976,6.709167052246192
1.054832713754647,0.7395274469694186
1.054894671623296,-6.7008001016810255
1.0549566294919455,-2.7018104905720435
1.0550185873605948,6.051567255141391
1.0550805452292442,4.609773561648693
1.0551425030978934,-4.328202882820395
1.0552044609665427,-5.260098141686042
1.0552664188351921,3.127562403287302
1.0553283767038415,6.114515695227183
1.0553903345724907,-1.1768029569426082
1.05545229244114,-5.875812868807987
1.0555142503097894,-0.3153766616798874
1.0555762081784386,5.256059862876763
1.055638166047088,1.4697561725244723
1.0557001239157373,-4.306715558772606
1.0557620817843867,-2.118396221656192
1.0558240396530358,3.339513371740612
1.0558859975216852,2.510803534342821
1.0559479553903346,-1.9563124071660387
1.056009913258984,-1.6457420415563178
1.0560718711276331,1.7442288418055316
1.0561338289962825,1.032843029861176
1.0561957868649319,-1.8490503433947363
1.0562577447335812,-0.3036826873203684
1.0563197026022304,2.7087043214473416
1.0563816604708798,0.007303326753088757
1.0564436183395292,-4.260832449001594
1.0565055762081785,-0.8960776165549071
1.0565675340768277,5.562340296763966
1.056629491945477,2.806729534786883
1.0566914498141264,-5.856252538737015
1.0567534076827758,-4.890921498655075
1.056815365551425,5.424126957020038
1.0568773234200743,7.229129781363065
1.0569392812887237,-3.6479343617591438
1.057001239157373,-8.798351102812038
1.0570631970260222,0.9253907968557402
1.0571251548946716,8.749657949774475
1.057187112763321,1.2699448281373389
1.0572490706319702,-8.124449517146559
1.0573110285006195,-3.3680993744963015
1.057372986369269,6.397967564776382
1.0574349442379183,4.3617930111447025
1.0574969021065674,-4.494911194661608
1.0575588599752168,-4.378853041200447
1.0576208178438662,2.91116685723182
1.0576827757125156,3.653970412522951
1.0577447335811647,-2.2143620852022217
1.057806691449814,-3.287160870017467
1.0578686493184635,1.2495691095570387
1.0579306071871128,2.0725481091020432
1.057992565055762,-1.6033175390604355
1.0580545229244114,-2.0365089405399996
1.0581164807930608,1.2044169895696273
1.0581784386617101,1.5124277437992757
1.0582403965303593,-1.215631614165295
1.0583023543990087,-1.395413344696035
1.058364312267658,0.721955755822364
1.0584262701363074,0.6168077722967875
1.0584882280049566,-0.9455891306577371
1.058550185873606,-0.5818798315530295
1.0586121437422553,0.1301307812479119
1.0586741016109047,-1.0055700887739345
1.0587360594795538,-1.0586939970968192
1.0587980173482032,1.2284750442247772
1.0588599752168526,1.0263930898068583
1.0589219330855018,-2.546757320641806
1.0589838909541511,-2.3972131084990536
1.0590458488228005,2.727973608458054
1.0591078066914499,3.2744229850346454
1.059169764560099,-3.398769714845392
1.0592317224287484,-5.4974887726214074
1.0592936802973978,2.1082016971130226
1.0593556381660472,6.150767312783605
1.0594175960346963,-1.862648851244348
1.0594795539033457,-8.372016069118768
1.059541511771995,-0.9778556127152531
1.0596034696406444,8.079569979687538
1.0596654275092936,2.600991540339938
1.059727385377943,-8.281781347535844
1.0597893432465924,-5.571751356040213
1.0598513011152417,6.1258874322329655
1.0599132589838909,6.696829914784191
1.0599752168525403,-4.544743131929862
1.0600371747211896,-8.500043615274008
1.060099132589839,0.6387519890674309
1.0601610904584882,6.971590630270153
1.0602230483271375,0.8377040470821397
1.060285006195787,-6.609799402201915
1.0603469640644363,-3.814177554389686
1.0604089219330854,3.436984898719804
1.0604708798017348,3.8580307124912196
1.0605328376703842,-1.785903696390381
1.0605947955390334,-4.459857220364183
1.0606567534076827,-1.1788275418567564
1.060718711276332,2.5214935719159555
1.0607806691449815,1.6155493104854348
1.0608426270136306,-2.2496065759332877
1.06090458488228,-3.6596462776336245
1.0609665427509294,-0.6176483274043475
1.0610285006195788,2.506061785608658
1.061090458488228,0.8562695513026557
1.0611524163568773,-3.2094808271259154
1.0612143742255267,-3.0131836984739646
1.061276332094176,1.569556272263657
1.0613382899628252,3.02652126386993
1.0614002478314746,-1.4512637347322133
1.061462205700124,-4.52764575639457
1.0615241635687733,-0.8294951575501199
1.0615861214374225,3.4200499116445884
1.0616480793060719,0.7406093639747839
1.0617100371747212,-4.439361290945778
1.0617719950433706,-3.1393543404557933
1.0618339529120198,2.4870561652005723
1.0618959107806691,2.739488535239759
1.0619578686493185,-2.643591517303041
1.062019826517968,-4.0394538363091375
1.062081784386617,0.9535157556523579
1.0621437422552664,3.2650652260046953
1.0622057001239158,-1.281152728230521
1.062267657992565,-4.363322194025112
1.0623296158612143,-0.3109041350283377
1.0623915737298637,3.3278375832138045
1.062453531598513,-0.5119792786402269
1.0625154894671622,-5.023586217082483
1.0625774473358116,-1.519026531462911
1.062639405204461,4.261303777387398
1.0627013630731104,1.7816773636099108
1.0627633209417595,-5.065093357325777
1.062825278810409,-4.131292404562811
1.0628872366790583,3.440375705847292
1.0629491945477076,4.705966368116003
1.0630111524163568,-2.6551873087813522
1.0630731102850062,-6.359616569957106
1.0631350681536555,-0.6145139388246503
1.063197026022305,4.710292557531655
1.063258983890954,1.4377023522314043
1.0633209417596035,-4.216597052141123
1.0633828996282528,-3.551030980996717
1.0634448574969022,1.117728279365459
1.0635068153655514,2.6265743150891883
1.0635687732342007,0.3017006232690247
1.0636307311028501,-1.8466663055265453
1.0636926889714995,-2.0717909317940837
1.0637546468401486,-0.8152668625929187
1.063816604708798,1.210481967890007
1.0638785625774474,1.754069399239763
1.0639405204460965,-0.9636668490482974
1.064002478314746,-3.6589656711841285
1.0640644361833953,-1.6252538766554925
1.0641263940520447,2.6983440727068957
1.0641883519206938,2.420650630746922
1.0642503097893432,-2.187615542273704
1.0643122676579926,-3.5760031613440972
1.064374225526642,0.41948780986472856
1.0644361833952911,3.096273444868464
1.0644981412639405,0.4433244533947418
1.0645600991325899,-2.7407207759540397
1.0646220570012392,-1.7153324831928063
1.0646840148698884,0.9907776138174244
1.0647459727385378,1.1548111118624742
1.0648079306071871,-0.5728421405316237
1.0648698884758365,-1.3349363919559813
1.0649318463444857,-0.6379333471531539
1.064993804213135,0.4147846933486965
1.0650557620817844,0.9663089323047105
1.0651177199504338,0.2999534283369517
1.065179677819083,-1.1492787829887128
1.0652416356877323,-1.141519456732823
1.0653035935563817,0.8923953724369744
1.065365551425031,1.674211195018905
1.0654275092936802,-0.7350077620299678
1.0654894671623296,-2.576139830608674
1.065551425030979,-0.3044796804919912
1.0656133828996281,2.575724499333886
1.0656753407682775,1.022991191273468
1.065737298636927,-2.4080097135944873
1.0657992565055763,-1.631503493018196
1.0658612143742254,2.165894531954327
1.0659231722428748,2.425514211725582
1.0659851301115242,-1.1986859274261321
1.0660470879801736,-2.3054443700856164
1.0661090458488227,0.7914854156099902
1.066171003717472,2.2748608312887626
1.0662329615861215,-0.4612318421181121
1.0662949194547708,-2.1828566109002585
1.06635687732342,0.41177394358946473
1.0664188351920694,2.5000983381576174
1.0664807930607187,0.02666472273369691
1.0665427509293681,-2.474241293550575
1.0666047087980173,0.10669030358677367
1.0666666666666667,3.6197954651869164
1.066728624535316,1.4345923362942687
1.0667905824039654,-3.273621318324836
1.0668525402726146,-2.1784016013234333
1.066914498141264,3.404627859092572
1.0669764560099133,3.841554665890991
1.0670384138785627,-2.1600756427284944
1.0671003717472118,-4.472234025618662
1.0671623296158612,1.2262119453644968
1.0672242874845106,5.441200084641718
1.0672862453531597,0.9813133753421748
1.0673482032218091,-4.3809173077319725
1.0674101610904585,-1.3333744708384685
1.0674721189591079,4.680048564068694
1.067534076827757,3.1340536316388334
1.0675960346964064,-3.032949286667864
1.0676579925650558,-2.9269466091572016
1.0677199504337052,2.8877139524167905
1.0677819083023543,3.833004061842544
1.0678438661710037,-1.5461254263518076
1.067905824039653,-3.365192241591901
1.0679677819083024,1.5823165425663304
1.0680297397769516,4.4037335884717175
1.068091697645601,0.32009651477590184
1.0681536555142503,-3.176310449287195
1.0682156133828997,-0.05958055283002461
1.0682775712515489,3.9441177214652217
1.0683395291201983,2.00314992589439
1.0684014869888476,-2.2305030699912565
1.068463444857497,-1.727984188967084
1.0685254027261462,2.0799443063001055
1.0685873605947955,2.7571538118358587
1.068649318463445,-0.22843491252114134
1.0687112763320943,-1.6710003890214176
1.0687732342007434,0.41423858078914644
1.0688351920693928,2.430154992917196
1.0688971499380422,1.5211408978758811
1.0689591078066913,-0.5132020795255834
1.0690210656753407,-0.6085783045582422
1.06908302354399,1.1288597572584091
1.0691449814126395,1.9695606170277244
1.0692069392812886,0.588693728559617
1.069268897149938,-1.0138333662301138
1.0693308550185874,-0.3639127963662473
1.0693928128872368,1.683277663607333
1.069454770755886,1.989442980737842
1.0695167286245353,-0.006291847748133073
1.0695786864931847,-1.1520217102614196
1.069640644361834,0.5339209313278535
1.0697026022304832,2.556975727158481
1.0697645600991326,1.748535895326813
1.069826517967782,-0.7410454293217787
1.0698884758364313,-1.1915795255436286
1.0699504337050805,0.9915176913189513
1.0700123915737298,2.4437417036251583
1.0700743494423792,0.9580886967427733
1.0701363073110286,-1.229210998679605
1.0701982651796778,-0.7945305933971469
1.0702602230483271,1.6549646953155042
1.0703221809169765,2.4204850103227953
1.0703841387856259,0.4056302214305048
1.070446096654275,-1.0637175573127933
1.0705080545229244,0.4005486274847021
1.0705700123915738,2.183948453155575
1.070631970260223,1.1037069188335673
1.0706939281288723,-0.8973649604527827
1.0707558859975217,-0.15413666547251204
1.070817843866171,1.8530915433413457
1.0708798017348202,1.0603795863380747
1.0709417596034696,-1.2456822774429386
1.071003717472119,-0.34366375481610756
1.0710656753407684,2.6816731628296027
1.0711276332094175,2.0967836915108475
1.0711895910780669,-1.6085324990183358
1.0712515489467163,-1.6059197874764795
1.0713135068153656,2.7018651335278703
1.0713754646840148,3.5710537404775065
1.0714374225526642,-1.1573973388603636
1.0714993804213135,-3.2840894841328865
1.071561338289963,1.2033180197122773
1.071623296158612,4.329020295687496
1.0716852540272614,0.3408821227902519
1.0717472118959108,-3.5474024536056383
1.0718091697645602,-0.16300560325108693
1.0718711276332094,4.3732735308583335
1.0719330855018587,1.8243281841003933
1.071995043370508,-2.9928762889670244
1.0720570012391575,-1.1950511615312922
1.0721189591078066,3.706387383576381
1.072180916976456,2.4829929571288165
1.0722428748451054,-2.6018228266747796
1.0723048327137545,-2.1700552661160577
1.072366790582404,2.765835120722917
1.0724287484510533,2.9449333939753086
1.0724907063197027,-1.7585092818120862
1.0725526641883518,-2.3972037107418083
1.0726146220570012,2.129773536851453
1.0726765799256506,3.2812339195089733
1.0727385377943,-0.9059788486011855
1.072800495662949,-2.390889259928268
1.0728624535315985,1.494769009793353
1.0729244114002479,3.185988075718043
1.0729863692688972,-0.6444230786018872
1.0730483271375464,-2.871539370333874
1.0731102850061958,0.6144773259109011
1.0731722428748451,3.316549680571355
1.0732342007434945,0.3104318478072048
1.0732961586121437,-2.8360046768985177
1.073358116480793,-0.4990507593400253
1.0734200743494424,3.0442057445451915
1.0734820322180918,1.8015173826434092
1.073543990086741,-1.5887969366301893
1.0736059479553903,-1.4631926696939124
1.0736679058240397,1.1379346637255165
1.073729863692689,1.6591058091304114
1.0737918215613382,0.05711045644704604
1.0738537794299876,-0.7594497203669908
1.073915737298637,-0.4828833313435663
1.0739776951672861,-0.1926246912620206
1.0740396530359355,0.577681192751244
1.074101610904585,1.5034039892179365
1.0741635687732343,0.4834993522972073
1.0742255266418834,-1.7283665626209765
1.0742874845105328,-1.1198930662171742
1.0743494423791822,2.221375677594306
1.0744114002478315,2.6568104576697067
1.0744733581164807,-1.3681416028976032
1.07453531598513,-3.414851250480804
1.0745972738537795,0.2675512183607167
1.0746592317224288,3.625183015193219
1.074721189591078,0.8754365248616331
1.0747831474597274,-3.3340067906148416
1.0748451053283767,-1.8737112435954684
1.0749070631970261,2.6346567618347536
1.0749690210656753,2.675955692811898
1.0750309789343246,-1.2865945416599163
1.075092936802974,-2.3997395300529742
1.0751548946716234,0.5412518672767386
1.0752168525402725,2.0337677587494367
1.075278810408922,0.03370608942567932
1.0753407682775713,-1.4678425645523778
1.0754027261462207,-0.39214696592369713
1.0754646840148698,0.5400332170698515
1.0755266418835192,-0.12887304590784865
1.0755885997521686,-0.3146496589289547
1.0756505576208177,0.5976657461309677
1.0757125154894671,0.42029917848294784
1.0757744733581165,-0.91915628843033
1.0758364312267659,-0.6835879163600123
1.075898389095415,1.183913371134525
1.0759603469640644,1.2853552831441681
1.0760223048327138,-1.0318817092225023
1.0760842627013631,-2.0090545144500127
1.0761462205700123,0.06535356095630301
1.0762081784386617,1.7723914038921453
1.076270136307311,0.3879747078437772
1.0763320941759604,-1.6972088919978434
1.0763940520446096,-1.238506659286873
1.076456009913259,0.8303904339119603
1.0765179677819083,1.5226712002423404
1.0765799256505577,0.26839862257840186
1.0766418835192069,-1.1513062772638507
1.0767038413878562,-1.2322361096942172
1.0767657992565056,0.11644359142196192
1.076827757125155,1.4628118993583783
1.0768897149938041,0.7473067550784924
1.0769516728624535,-1.734135946914737
1.077013630731103,-2.386153814839723
1.0770755885997523,0.5550855265781514
1.0771375464684014,2.9535192699644943
1.0771995043370508,0.583970067398091
1.0772614622057002,-3.153957213812408
1.0773234200743493,-1.929352361591589
1.0773853779429987,2.627167706456916
1.077447335811648,2.953592290385437
1.0775092936802975,-1.669958343738529
1.0775712515489466,-3.6429133797651665
1.077633209417596,0.04981008776074569
1.0776951672862454,2.9596847595779385
1.0777571251548947,0.5487592939177719
1.077819083023544,-2.5524140347292166
1.0778810408921933,-1.3524718018187858
1.0779429987608427,1.3799196338810096
1.078004956629492,1.1978117333232436
1.0780669144981412,-0.5273175608483373
1.0781288723667906,-0.6024453933348034
1.07819083023544,0.1262723566177626
1.0782527881040893,-0.1798346732732949
1.0783147459727385,-0.38147026149984686
1.0783767038413878,0.4214254961583428
1.0784386617100372,0.38133092922354095
1.0785006195786866,-1.0258670079534844
1.0785625774473357,-1.1956804746755973
1.0786245353159851,0.5743599045523737
1.0786864931846345,1.265531173588506
1.0787484510532839,-0.27588187907520556
1.078810408921933,-1.159426772898494
1.0788723667905824,0.038392409555845664
1.0789343246592318,0.8914787586991828
1.078996282527881,0.07661726172047034
1.0790582403965303,-0.5381773847571156
1.0791201982651797,-0.14557355387348103
1.079182156133829,-0.1919484054327376
1.0792441140024782,-0.5889560415140865
1.0793060718711276,0.10459077664724825
1.079368029739777,0.8159486522562793
1.0794299876084263,-0.31813338325741336
1.0794919454770755,-1.3741296459245957
1.0795539033457249,0.24969261623474925
1.0796158612143743,1.9877936009038852
1.0796778190830236,0.19942872188810123
1.0797397769516728,-2.298758171209961
1.0798017348203222,-0.6960314720656869
1.0798636926889715,2.404415781307307
1.079925650557621,1.084461091573518
1.07998760842627,-2.6973514875831257
1.0800495662949194,-2.0776551683042883
1.0801115241635688,2.126741267796759
1.0801734820322182,2.5513350329907327
1.0802354399008673,-1.4869094611518694
1.0802973977695167,-2.816416317773936
1.080359355638166,0.7571826239718418
1.0804213135068155,2.9499453875170643
1.0804832713754646,0.3203269563173907
1.080545229244114,-2.3826958026020706
1.0806071871127634,-1.0828880118642616
1.0806691449814125,1.3788173263941323
1.080731102850062,1.148293661155958
1.0807930607187113,-0.7035727869695778
1.0808550185873607,-1.2437908036689187
1.0809169764560098,-0.2291718251354231
1.0809789343246592,0.7554152312931972
1.0810408921933086,0.7800883878561189
1.081102850061958,-0.013264211966853345
1.081164807930607,-0.6744852640448916
1.0812267657992565,-0.24057953921853503
1.0812887236679058,0.6618511021251081
1.0813506815365552,0.43446429663912567
1.0814126394052044,-0.6115121905057638
1.0814745972738538,-0.5868022905113275
1.0815365551425031,0.326148135097156
1.0815985130111525,0.14988065431764003
1.0816604708798017,-0.7070776989500254
1.081722428748451,-0.059990808146997754
1.0817843866171004,1.1887764180117606
1.0818463444857498,0.2538382819658471
1.081908302354399,-1.5298382795308305
1.0819702602230483,-0.4084085218501694
1.0820322180916977,2.1327864037066453
1.082094175960347,1.0764731111808168
1.0821561338289962,-2.4680986616953797
1.0822180916976456,-2.147322345071471
1.082280049566295,2.0241530489860597
1.0823420074349441,2.735069863290523
1.0824039653035935,-1.648973294864513
1.0824659231722429,-3.534989981377068
1.0825278810408923,0.6322334220022603
1.0825898389095414,3.8274236445494942
1.0826517967781908,0.6583907816478975
1.0827137546468402,-3.3486881986577823
1.0827757125154895,-1.5930483327557237
1.0828376703841387,2.5018099510688208
1.082899628252788,2.076293271566738
1.0829615861214374,-1.6384772317814755
1.0830235439900868,-2.469793235197457
1.083085501858736,0.1942721255700413
1.0831474597273854,1.6624693138763882
1.0832094175960347,0.28153124464229773
1.083271375464684,-1.0513936552962884
1.0833333333333333,-0.5814999101204501
1.0833952912019826,0.3242560592721583
1.083457249070632,0.46093728908807674
1.0835192069392814,0.19115412537470333
1.0835811648079305,-0.1573662897809281
1.08364312267658,-0.5692203580568452
1.0837050805452293,-0.528435867186849
1.0837670384138787,0.08711194159103963
1.0838289962825278,0.24268839341846027
1.0838909541511772,-0.4737388149922048
1.0839529120198266,-0.7318780646189558
1.0840148698884757,0.17115892466649818
1.084076827757125,0.6425643189079556
1.0841387856257745,-0.3865597480781371
1.0842007434944239,-1.035567225095206
1.084262701363073,0.29927385581018173
1.0843246592317224,1.3848768105475315
1.0843866171003718,-0.32968275556619653
1.0844485749690211,-2.4305841344426944
1.0845105328376703,-0.9057250269928223
1.0845724907063197,2.2473215744228003
1.084634448574969,1.3299445082340768
1.0846964064436184,-2.8537436232728712
1.0847583643122676,-3.0414001008758444
1.084820322180917,1.9643961990186585
1.0848822800495663,3.8495350411346263
1.0849442379182157,-1.2480777515301047
1.0850061957868649,-4.87371255287874
1.0850681536555142,-0.3034625535147556
1.0851301115241636,4.8157587798363375
1.085192069392813,1.0865151936303477
1.0852540272614621,-5.457758083988787
1.0853159851301115,-3.1482627756102413
1.085377942998761,4.297460723703688
1.0854399008674103,3.593095053364766
1.0855018587360594,-4.311204320080427
1.0855638166047088,-5.250237639022963
1.0856257744733582,2.8446704463998076
1.0856877323420073,5.694109751056591
1.0857496902106567,-1.9426604003595513
1.085811648079306,-6.624725263660226
1.0858736059479555,-0.12060985472451868
1.0859355638166046,5.933864179257569
1.085997521685254,0.8820644523129815
1.0860594795539034,-6.223705180416687
1.0861214374225527,-3.1425581430783773
1.086183395291202,4.201701960711965
1.0862453531598513,3.131650706205657
1.0863073110285006,-3.602622595116764
1.08636926889715,-4.060319634430373
1.0864312267657992,1.683891643035543
1.0864931846344485,3.2746371356156394
1.086555142503098,-1.1340016591804851
1.0866171003717473,-3.300164106992054
1.0866790582403965,-0.37877016405229025
1.0867410161090458,1.629161508564035
1.0868029739776952,-0.21356590934717934
1.0868649318463446,-1.870621690023874
1.0869268897149937,-0.9446497910600273
1.0869888475836431,0.1020730002582495
1.0870508054522925,-0.11923172899012391
1.0871127633209419,-0.2359858816633027
1.087174721189591,-0.19815684410270462
1.0872366790582404,-0.9064601006724771
1.0872986369268898,-1.0166197429761503
1.087360594795539,0.4595348489256026
1.0874225526641883,0.8822651106517219
1.0874845105328377,-1.3490518322651082
1.087546468401487,-2.5701673578977475
1.0876084262701362,-0.1020746152813573
1.0876703841387856,1.8968170595656348
1.087732342007435,-0.48418410111344556
1.0877942998760843,-3.116868048252979
1.0878562577447335,-0.9448469589680035
1.0879182156133829,2.3296580009608436
1.0879801734820322,0.6908535618775917
1.0880421313506816,-2.893835401877848
1.0881040892193308,-1.7586103789556198
1.0881660470879801,1.957740828744347
1.0882280049566295,1.159400773250403
1.088289962825279,-2.86606605592105
1.088351920693928,-2.6740946087918607
1.0884138785625774,1.4772443219005518
1.0884758364312268,2.0061940614989746
1.0885377942998762,-2.038843468461508
1.0885997521685253,-3.301768662654044
1.0886617100371747,0.46633486590699336
1.088723667905824,2.6457682113341394
1.0887856257744735,-0.2065423531518802
1.0888475836431226,-2.87578360273512
1.088909541511772,-1.3102878054260436
1.0889714993804214,1.0990904477834142
1.0890334572490705,0.6345375510133892
1.08909541511772,-1.0051861545241554
1.0891573729863693,-1.3470143999522939
1.0892193308550187,-1.0269807497168584
1.0892812887236678,-0.6212100045587857
1.0893432465923172,0.5271279874337171
1.0894052044609666,1.0619590128817986
1.089467162329616,-0.8578321945035099
1.089529120198265,-2.647100398003264
1.0895910780669145,-0.5962867820133719
1.0896530359355638,2.508937893156664
1.0897149938042132,0.9870134862467499
1.0897769516728624,-3.204373979213031
1.0898389095415117,-2.8469314346148336
1.0899008674101611,1.6846785233709651
1.0899628252788105,2.474051823597394
1.0900247831474597,-1.8700392825916636
1.090086741016109,-3.497273408038341
1.0901486988847584,0.5543281355866054
1.0902106567534078,2.991216181622402
1.090272614622057,-0.4436322788983086
1.0903345724907063,-3.3509111779226615
1.0903965303593557,-0.5088242788615722
1.090458488228005,2.744230330479272
1.0905204460966542,0.4725304623234935
1.0905824039653036,-3.1979008608418176
1.090644361833953,-1.8364557234345191
1.0907063197026021,1.905458620661399
1.0907682775712515,1.563940746129965
1.0908302354399009,-1.7673396641970611
1.0908921933085503,-2.1793133676701
1.0909541511771994,0.5660142820337709
1.0910161090458488,1.615601370766314
1.0910780669144982,-0.12650801651740018
1.0911400247831475,-1.1845026116292314
1.0912019826517967,-0.33770051711757665
1.091263940520446,0.1715599340447279
1.0913258983890954,-0.35365710228306857
1.0913878562577448,-0.3120275922096468
1.091449814126394,0.290418009412308
1.0915117719950433,-0.13324863428566447
1.0915737298636927,-1.0990012615064715
1.091635687732342,-0.5903968385088727
1.0916976456009913,0.9612714263760135
1.0917596034696406,1.0613583249081298
1.09182156133829,-0.5061826057993655
1.0918835192069394,-1.2423793857086471
1.0919454770755885,-0.11036505918391981
1.092007434944238,0.9857811658578967
1.0920693928128873,0.4880194866757619
1.0921313506815367,-0.6582317687321615
1.0921933085501858,-0.9227969961101303
1.0922552664188352,-0.27127442295702475
1.0923172242874846,0.4317989104530331
1.0923791821561337,0.641026589134114
1.092441140024783,0.23478456872213338
1.0925030978934325,-0.45322632137710483
1.0925650557620818,-0.5298724545264499
1.092627013630731,0.3996266315030139
1.0926889714993804,1.165056129380798
1.0927509293680298,0.4272983267997681
1.0928128872366791,-0.9771751575819265
1.0928748451053283,-0.9144583586659887
1.0929368029739777,0.6311631173029837
1.092998760842627,1.22619940253104
1.0930607187112764,-0.12292077191352457
1.0931226765799256,-1.147039444297481
1.093184634448575,-0.004006754261766554
1.0932465923172243,1.4987554396792213
1.0933085501858737,0.8648143213616266
1.0933705080545228,-0.772141205646418
1.0934324659231722,-0.5430536607154577
1.0934944237918216,1.1320935510906192
1.093556381660471,1.2211364963602478
1.0936183395291201,-0.5679374757185645
1.0936802973977695,-1.1893204950393022
1.0937422552664189,0.4406213080307051
1.0938042131350683,1.5729828800807053
1.0938661710037174,0.4056447098960527
1.0939281288723668,-0.9549715616369997
1.0939900867410162,-0.2596127700183444
1.0940520446096653,1.2768299127574347
1.0941140024783147,1.3622266890313273
1.094175960346964,0.18307830000554026
1.0942379182156134,-0.528686795484774
1.0942998760842626,-0.1570542767493892
1.094361833952912,0.6582720040002792
1.0944237918215614,1.0802074274553335
1.0944857496902107,0.4902573246290248
1.0945477075588599,-0.6766683643985432
1.0946096654275093,-0.6766443644599973
1.0946716232961586,1.017333978111817
1.094733581164808,1.969625432990308
1.0947955390334572,0.38586638432658926
1.0948574969021065,-1.205799767031631
1.094919454770756,0.13862126621221715
1.0949814126394053,2.171205280525027
1.0950433705080544,1.0542504370246344
1.0951053283767038,-1.3659978494646503
1.0951672862453532,-0.5424700868420405
1.0952292441140026,2.080317081998052
1.0952912019826517,1.3198298897291467
1.095353159851301,-1.7010155175318986
1.0954151177199505,-0.9735505337819519
1.0954770755885999,2.855132536263085
1.095539033457249,2.6964858635421693
1.0956009913258984,-1.8052997738089172
1.0956629491945478,-2.545934297718033
1.095724907063197,2.4585505408049064
1.0957868649318463,4.508078018854067
1.0958488228004957,-0.5697315922047134
1.095910780669145,-4.298211587145489
1.0959727385377942,-0.07705557646917449
1.0960346964064436,4.9640701114534345
1.096096654275093,2.2015751040840144
1.0961586121437423,-3.5215555783432353
1.0962205700123915,-2.437268601569717
1.0962825278810409,3.406343073976509
1.0963444857496902,4.176741561909109
1.0964064436183396,-0.9178643489385376
1.0964684014869888,-3.0958351498745076
1.0965303593556381,0.766186419942483
1.0965923172242875,3.7133670971887
1.096654275092937,1.077362063878425
1.096716232961586,-2.3453821366728844
1.0967781908302354,-1.0839845980502045
1.0968401486988848,2.3185384006689462
1.0969021065675342,2.3078283502096473
1.0969640644361833,-0.6719985439151164
1.0970260223048327,-1.57669743775761
1.097087980173482,0.925027238549164
1.0971499380421315,2.7143419424014836
1.0972118959107806,1.0299752018217196
1.09727385377943,-1.3322519917265474
1.0973358116480794,-0.7192734177340583
1.0973977695167285,1.6113549713728172
1.097459727385378,1.8121830732401518
1.0975216852540273,-0.2425833260078455
1.0975836431226766,-1.0950140917963085
1.0976456009913258,0.3503680710367829
1.0977075588599752,1.4196000353651947
1.0977695167286246,0.7066218937731261
1.097831474597274,0.1071646403287308
1.097893432465923,0.6479613375174871
1.0979553903345725,0.6657478908237101
1.0980173482032218,-0.2502814655434604
1.0980793060718712,0.03707450834495324
1.0981412639405204,1.6252667819860047
1.0982032218091697,1.396615833768605
1.0982651796778191,-1.144251452181053
1.0983271375464685,-1.843089760431376
1.0983890954151176,1.1077945991023765
1.098451053283767,3.196939398092969
1.0985130111524164,0.787079835501775
1.0985749690210658,-2.4033052315738157
1.098636926889715,-1.1784965219471188
1.0986988847583643,2.5589508635685374
1.0987608426270137,2.9825551561561543
1.098822800495663,-0.3464396952527291
1.0988847583643122,-2.3253033427236973
1.0989467162329616,-0.5034987418471721
1.099008674101611,1.96996528519319
1.0990706319702601,1.8236793971633065
1.0991325898389095,-0.18326013581738443
1.0991945477075589,-1.4029506170750738
1.0992565055762082,-0.6492201948562071
1.0993184634448574,1.232597268621185
1.0993804213135068,2.2541442767988866
1.0994423791821561,0.9167027200433288
1.0995043370508055,-1.513060021771753
1.0995662949194547,-1.5959124365390338
1.099628252788104,1.3659707982281537
1.0996902106567534,3.075689426651128
1.0997521685254028,0.2723720895594828
1.099814126394052,-3.196126906138561
1.0998760842627013,-1.5219779751550029
1.0999380421313507,3.204032019703182
1.1,3.2937837602704723
1.1000619578686492,-1.8738135438679766
1.1001239157372986,-3.8267864292467992
1.100185873605948,1.1797157720654157
1.1002478314745974,5.086244669246849
1.1003097893432465,1.0432024796269186
1.100371747211896,-4.572618875307458
1.1004337050805453,-2.3870644125471903
1.1004956629491947,4.02130620944607
1.1005576208178438,3.9399863498075978
1.1006195786864932,-2.4289641017650623
1.1006815365551426,-4.540300917521103
1.1007434944237917,0.7005445346308885
1.100805452292441,4.532222104043573
1.1008674101610905,1.4951930925894086
1.1009293680297398,-2.717146995012233
1.100991325898389,-2.0543583756400308
1.1010532837670384,1.165644320292277
1.1011152416356877,2.3076268293046693
1.1011771995043371,1.1232831402389578
1.1012391573729863,-0.7887264396397898
1.1013011152416357,-2.3672160731846015
1.101363073110285,-1.4646081369421673
1.1014250309789344,2.338785510293406
1.1014869888475836,3.82221849925298
1.101548946716233,-0.8477686706313295
1.1016109045848823,-5.203129119297094
1.1016728624535317,-1.1220186363603855
1.1017348203221808,5.979287411886844
1.1017967781908302,4.045616224790891
1.1018587360594796,-4.724005081591545
1.101920693928129,-5.909230475466809
1.1019826517967781,2.8169209192112414
1.1020446096654275,6.930765015630742
1.1021065675340769,-0.48456494609681844
1.1021685254027263,-6.9603534848579365
1.1022304832713754,-1.9253197719787427
1.1022924411400248,5.854605500302624
1.1023543990086742,3.8115619782649413
1.1024163568773233,-3.818240591074511
1.1024783147459727,-4.453623911904931
1.102540272614622,2.0300923295145825
1.1026022304832714,4.759840617685732
1.1026641883519206,0.12118920108918685
1.10272614622057,-3.959863762239772
1.1027881040892193,-1.720582664823327
1.1028500619578687,2.47408279494163
1.1029120198265179,2.3283553945787165
1.1029739776951673,-1.1051688655957386
1.1030359355638166,-2.3654673301050124
1.103097893432466,-0.1164158027488974
1.1031598513011152,1.8061621658331992
1.1032218091697645,0.9516763529889429
1.103283767038414,-0.5461984101252666
1.1033457249070633,-0.45042756938483786
1.1034076827757124,0.005817789561006315
1.1034696406443618,-0.44040257640918146
1.1035315985130112,-0.13293641397624567
1.1035935563816606,1.4076606938266956
1.1036555142503097,0.9270201929325071
1.103717472118959,-2.262698806212109
1.1037794299876085,-2.7251466830072233
1.1038413878562578,1.9538541252590216
1.103903345724907,4.589495873715988
1.1039653035935564,-0.3575844177191483
1.1040272614622058,-5.435947841083005
1.104089219330855,-1.4970144910141723
1.1041511771995043,5.607443684809163
1.1042131350681537,3.7452625517835654
1.104275092936803,-4.42397128279643
1.1043370508054522,-5.3608442076326845
1.1043990086741016,2.239787364285034
1.104460966542751,5.540462557940664
1.1045229244114003,-0.255745941225728
1.1045848822800495,-4.799240862087013
1.1046468401486988,-1.2405054035281502
1.1047087980173482,3.460652582537714
1.1047707558859976,2.195803926572723
1.1048327137546468,-1.4155860388817039
1.1048946716232961,-1.6957272984470566
1.1049566294919455,0.10905762980596972
1.1050185873605949,0.784765972083572
1.105080545229244,0.6510770378141882
1.1051425030978934,0.3193575948107438
1.1052044609665428,-0.9372957668925599
1.1052664188351922,-1.6328517606682484
1.1053283767038413,0.38635936303376206
1.1053903345724907,2.5469888538168117
1.10545229244114,0.7852574203252076
1.1055142503097894,-2.520215920261135
1.1055762081784386,-1.6309097850078618
1.105638166047088,2.3868741433652856
1.1057001239157374,2.8871716657230317
1.1057620817843865,-1.1727761125082978
1.1058240396530359,-3.4538778688561953
1.1058859975216853,-0.5395415211362322
1.1059479553903346,3.057549658646807
1.1060099132589838,2.1418408060932643
1.1060718711276332,-1.880351158945984
1.1061338289962825,-3.3584007056225147
1.106195786864932,0.05876224010072373
1.106257744733581,4.019080152037439
1.1063197026022304,2.6284924023876353
1.1063816604708798,-2.8828508008214815
1.1064436183395292,-4.377640530752554
1.1065055762081784,1.2049275378049693
1.1065675340768277,5.496984772871547
1.106629491945477,1.088718072419523
1.1066914498141265,-5.455732009695446
1.1067534076827756,-3.370081730228777
1.106815365551425,4.132695350336811
1.1068773234200744,4.778471202262011
1.1069392812887238,-2.0858645591329132
1.107001239157373,-4.7649408353923395
1.1070631970260223,0.5835038685485696
1.1071251548946717,4.375159863430774
1.107187112763321,0.9595818868924441
1.1072490706319702,-2.8881437024566425
1.1073110285006196,-1.3168704496521502
1.107372986369269,1.5103765336908395
1.107434944237918,0.8930916782148284
1.1074969021065675,-0.6802976279485853
1.1075588599752169,-0.2688906515485676
1.1076208178438662,0.23522539999949033
1.1076827757125154,-0.40123637648418387
1.1077447335811648,-0.04193466203771168
1.1078066914498141,1.2706993447545571
1.1078686493184635,0.6362580148901742
1.1079306071871127,-1.2917053847820208
1.107992565055762,-0.7946684249744604
1.1080545229244114,1.4112937211517438
1.1081164807930608,1.022132178287354
1.10817843866171,-1.467647192239617
1.1082403965303593,-1.4091101250806446
1.1083023543990087,1.1161116302133651
1.108364312267658,1.4182457310925662
1.1084262701363072,-0.8758225025302133
1.1084882280049566,-1.3259433055278693
1.108550185873606,0.7955444149402389
1.1086121437422554,1.4711461671128332
1.1086741016109045,-0.29410527020898836
1.108736059479554,-1.1069633469091718
1.1087980173482033,0.08588726961012894
1.1088599752168526,0.6388295989795258
1.1089219330855018,-0.22973877071202953
1.1089838909541512,-0.5154390327744487
1.1090458488228006,0.058977821910466854
1.1091078066914497,-0.06259132567850645
1.109169764560099,-0.4822125498375063
1.1092317224287485,0.21125443406646593
1.1092936802973978,0.9035715902240362
1.109355638166047,-0.06655676841558
1.1094175960346964,-1.108655575849499
1.1094795539033457,-0.1019503044634994
1.1095415117719951,1.1983590698949769
1.1096034696406443,0.17517729874638055
1.1096654275092936,-1.5215584265293831
1.109727385377943,-0.8264993449620341
1.1097893432465924,0.9725561169111058
1.1098513011152416,0.5678760183389364
1.109913258983891,-1.170457074985737
1.1099752168525403,-0.8427115153972304
1.1100371747211897,1.0179436518784968
1.1100991325898388,0.8644938195554353
1.1101610904584882,-1.134628246678604
1.1102230483271376,-1.181900080017976
1.110285006195787,1.0336440097809783
1.1103469640644361,1.3049219672927546
1.1104089219330855,-1.463660656333969
1.1104708798017349,-2.5516449883397305
1.1105328376703842,0.5053385138244684
1.1105947955390334,2.746536145473134
1.1106567534076828,-0.2220694553606566
1.1107187112763321,-3.8256596804500935
1.1107806691449813,-1.3838664636683062
1.1108426270136307,3.8157500701561657
1.11090458488228,2.768914167454157
1.1109665427509294,-3.6767111719153567
1.1110285006195786,-4.777827678912946
1.111090458488228,2.0610083320572232
1.1111524163568773,5.510327617418797
1.1112143742255267,-0.9936121398609479
1.1112763320941759,-6.988850058382679
1.1113382899628252,-1.9788181298074417
1.1114002478314746,6.0564759397093475
1.111462205700124,3.5015062843651634
1.1115241635687731,-5.491401065965317
1.1115861214374225,-5.697524099256196
1.111648079306072,3.2143352032868826
1.1117100371747213,6.200973695671562
1.1117719950433704,-1.474346330957324
1.1118339529120198,-6.773486092652379
1.1118959107806692,-1.4605071220569288
1.1119578686493186,4.882058839462589
1.1120198265179677,2.1428978238927225
1.112081784386617,-4.168009533990047
1.1121437422552665,-3.879668662228588
1.1122057001239158,1.3569373693741458
1.112267657992565,2.9606557530256206
1.1123296158612144,-0.31517238888100074
1.1123915737298637,-2.6264470250619127
1.112453531598513,-1.3534048923228448
1.1125154894671623,0.6452118936802131
1.1125774473358117,0.8646577441672855
1.112639405204461,-0.2882474698258477
1.1127013630731102,-1.4593058309483453
1.1127633209417596,-1.5880499089274667
1.112825278810409,-0.44669734969619523
1.1128872366790583,0.5985819748332479
1.1129491945477075,0.07376439062928553
1.1130111524163568,-1.1492612722644862
1.1130731102850062,-1.1602846039942887
1.1131350681536556,-0.20010751997500675
1.1131970260223047,0.14413828778029059
1.1132589838909541,-0.16202603603827537
1.1133209417596035,-0.33534665573303934
1.1133828996282529,-0.768100042599959
1.113444857496902,-1.4809642364320057
1.1135068153655514,-0.9551333044817041
1.1135687732342008,0.6691547283912365
1.1136307311028502,0.5183579922693657
1.1136926889714993,-1.8322617055769868
1.1137546468401487,-2.384871914896833
1.113816604708798,0.4261205116614903
1.1138785625774474,2.0290575805699467
1.1139405204460966,-0.5735863849648356
1.114002478314746,-2.991645750428379
1.1140644361833953,-0.9849403562858986
1.1141263940520445,1.8065650329641039
1.1141883519206939,0.3566595422685706
1.1142503097893433,-2.690214363926898
1.1143122676579926,-1.9557732358005793
1.1143742255266418,1.0043356169983115
1.1144361833952912,0.8889827895868322
1.1144981412639405,-1.757079654689678
1.11456009913259,-2.0290781845635877
1.114622057001239,0.3994995732551474
1.1146840148698884,1.2249783784309023
1.1147459727385378,-0.6942252686295063
1.1148079306071872,-1.9753378927224727
1.1148698884758363,-0.8576488107957658
1.1149318463444857,0.5201916530110084
1.114993804213135,0.17846364534814718
1.1150557620817845,-1.137673526845827
1.1151177199504336,-1.70227793161339
1.115179677819083,-0.87413928245806
1.1152416356877324,0.44576115705605335
1.1153035935563818,0.5655423136549889
1.115365551425031,-0.880552922794811
1.1154275092936803,-1.7920423882087202
1.1154894671623297,-0.5036878520194792
1.115551425030979,1.0736007066524942
1.1156133828996282,0.224914681436851
1.1156753407682776,-1.7813641481669094
1.115737298636927,-1.6358670791544654
1.115799256505576,0.2559590598796379
1.1158612143742255,0.5606294355254207
1.1159231722428749,-1.0336851128981799
1.1159851301115242,-1.5279628443179902
1.1160470879801734,-0.147602662268574
1.1161090458488228,0.5925428222665141
1.1161710037174721,-0.35935126125507244
1.1162329615861215,-1.0806268023720047
1.1162949194547707,-0.43377405531053004
1.11635687732342,0.2695656715733623
1.1164188351920694,-0.09408885210897022
1.1164807930607188,-0.8876910063785579
1.116542750929368,-1.0896075482532703
1.1166047087980173,-0.49317018934588264
1.1166666666666667,0.26819999641232917
1.116728624535316,0.1305343517733779
1.1167905824039652,-0.9847789875774964
1.1168525402726146,-1.3099930031711846
1.116914498141264,0.20025557077266493
1.1169764560099134,1.3244503365897096
1.1170384138785625,-0.15308684634264613
1.1171003717472119,-1.9801106802978468
1.1171623296158613,-0.818310425992193
1.1172242874845106,1.4304645874490485
1.1172862453531598,0.5516406505602853
1.1173482032218092,-2.0902550269919584
1.1174101610904585,-1.6205327496433108
1.1174721189591077,1.2904129620991693
1.117534076827757,1.3662409064221084
1.1175960346964064,-1.5118367510135977
1.1176579925650558,-1.944619960703419
1.117719950433705,1.0102199999605403
1.1177819083023544,2.0812909531134984
1.1178438661710037,-0.6046229053525565
1.117905824039653,-2.3538247210875975
1.1179677819083023,-0.41029958805703276
1.1180297397769516,1.7039510380108496
1.118091697645601,0.7420462085170585
1.1181536555142504,-1.4227138721355184
1.1182156133828995,-1.6961889282954012
1.118277571251549,-0.013869984454917383
1.1183395291201983,1.6033024088047818
1.1184014869888477,1.2985740144086562
1.1184634448574968,-0.966751601635957
1.1185254027261462,-2.2819798335040353
1.1185873605947956,0.05448102503264396
1.118649318463445,3.1121519934870983
1.118711276332094,1.40061310477007
1.1187732342007435,-3.2449815892446496
1.1188351920693929,-2.930364625974312
1.1188971499380422,2.5930932230885504
1.1189591078066914,3.9446410801472966
1.1190210656753408,-1.6942287206789342
1.1190830235439901,-4.53760883427022
1.1191449814126393,0.7899226479713599
1.1192069392812887,5.0927680685163494
1.119268897149938,0.8092637044115951
1.1193308550185874,-4.324085627079546
1.1193928128872366,-1.3262900419169055
1.119454770755886,4.01992846472527
1.1195167286245353,2.254659405326922
1.1195786864931847,-2.866408517079664
1.1196406443618339,-2.3066312268690794
1.1197026022304832,1.9677581764036731
1.1197645600991326,2.2137764340287807
1.119826517967782,-0.7140447206172831
1.1198884758364311,-0.9301802955797025
1.1199504337050805,0.8224336746400711
1.12001239157373,0.5403180398012517
1.1200743494423793,-0.15830733870503533
1.1201363073110284,1.2894815375713384
1.1201982651796778,1.5574720336871422
1.1202602230483272,-1.416532112654453
1.1203221809169766,-2.238605033361922
1.1203841387856257,1.8850932499432156
1.120446096654275,3.883032106022014
1.1205080545229245,-0.7644302232790943
1.1205700123915738,-4.231356435957528
1.120631970260223,0.24158880640924663
1.1206939281288724,5.29150384968341
1.1207558859975217,2.0428432616356944
1.120817843866171,-3.817263813890629
1.1208798017348203,-2.1597204111292805
1.1209417596034696,3.6745982685011658
1.121003717472119,3.500589691149764
1.1210656753407682,-1.6671690839228444
1.1211276332094176,-2.697929373786157
1.121189591078067,1.1467002944718006
1.1212515489467163,2.6020120940508975
1.1213135068153655,0.21707303701861835
1.1213754646840148,-0.7922314663400032
1.1214374225526642,0.6462642329420929
1.1214993804213136,0.9202451494354429
1.1215613382899627,0.07242036765627158
1.1216232961586121,0.8495454968814095
1.1216852540272615,1.7346988248256188
1.1217472118959109,-0.04514208636446093
1.12180916976456,-1.6079376630437947
1.1218711276332094,0.6334434358500909
1.1219330855018588,2.9555074087193676
1.1219950433705081,0.5665767188132205
1.1220570012391573,-2.5396083619703225
1.1221189591078067,-0.2499583065476667
1.122180916976456,3.6884049915790484
1.1222428748451054,1.9154845548980162
1.1223048327137546,-2.488246160438604
1.122366790582404,-1.1601023830854362
1.1224287484510533,3.652635086915822
1.1224907063197025,2.7170937078066464
1.1225526641883519,-2.6659492668764533
1.1226146220570012,-2.3949261512246887
1.1226765799256506,3.423946983643375
1.1227385377942998,3.8792064154598056
1.1228004956629491,-2.4260623779255672
1.1228624535315985,-3.8774698009486595
1.122924411400248,2.8781938020058218
1.122986369268897,5.8635467973088415
1.1230483271375464,-0.7250903100976118
1.1231102850061958,-5.291305204873093
1.1231722428748452,0.5876219244567124
1.1232342007434943,6.600294070689785
1.1232961586121437,1.9187086961702549
1.123358116480793,-5.330888713580952
1.1234200743494425,-2.528909101844177
1.1234820322180916,5.123968613918279
1.123543990086741,4.266336005098189
1.1236059479553904,-3.0521981763416584
1.1236679058240397,-3.84961477675546
1.123729863692689,2.700006182957955
1.1237918215613383,4.9099972254593744
1.1238537794299877,-0.34437227378401414
1.123915737298637,-3.3504219653287617
1.1239776951672862,0.47256571992096574
1.1240396530359356,3.6437621367195376
1.124101610904585,0.9674351254232305
1.124163568773234,-2.199976830172496
1.1242255266418835,-0.6800679155838091
1.1242874845105328,2.0659943344986202
1.1243494423791822,1.4182238785040917
1.1244114002478314,-0.6483701295989425
1.1244733581164807,-0.42827812289189837
1.1245353159851301,1.058431283988068
1.1245972738537795,1.1014949848645774
1.1246592317224287,0.23438882501622527
1.124721189591078,0.23812105394787586
1.1247831474597274,0.606590335063819
1.1248451053283768,0.17672966827788406
1.124907063197026,-0.27895490326084094
1.1249690210656753,0.3157700081231112
1.1250309789343247,1.0370861400685478
1.125092936802974,0.49480560067125123
1.1251548946716232,-0.6134077792075538
1.1252168525402726,-0.4364789504293538
1.125278810408922,1.067001031258632
1.1253407682775713,1.789700004060538
1.1254027261462205,0.47259749023490094
1.1254646840148699,-1.1867026331925112
1.1255266418835193,-0.7073728085125663
1.1255885997521686,1.3748098171017555
1.1256505576208178,1.9010732995446842
1.1257125154894672,-0.18857972022240854
1.1257744733581165,-1.9001473897226981
1.125836431226766,-0.5982668892396541
1.125898389095415,1.8308254639449049
1.1259603469640644,1.8220058811905504
1.1260223048327138,-0.42579201032442504
1.126084262701363,-1.470144713135948
1.1261462205700123,0.05002447568671142
1.1262081784386617,1.7049460017662343
1.126270136307311,1.195420423211841
1.1263320941759603,-0.534989390784493
1.1263940520446096,-1.1097170818266877
1.126456009913259,-0.0692431103921412
1.1265179677819084,0.8930504764382795
1.1265799256505575,0.541458381153945
1.126641883519207,-0.30629024906472535
1.1267038413878563,-0.29740873503836435
1.1267657992565057,0.3026582687408603
1.1268277571251548,0.33413619478119116
1.1268897149938042,0.020011887347667345
1.1269516728624536,0.4178803513934992
1.127013630731103,0.8743609782424736
1.127075588599752,-0.10515647991668647
1.1271375464684015,-1.4003438613461738
1.1271995043370509,-0.4284300831876916
1.1272614622057002,1.761177973936558
1.1273234200743494,1.2377350697571428
1.1273853779429988,-1.7771983362418615
1.1274473358116481,-2.2227652083699914
1.1275092936802975,1.2259460618087235
1.1275712515489467,3.0934262763480533
1.127633209417596,0.1277050754157707
1.1276951672862454,-2.878310250502139
1.1277571251548946,-1.0624035148203985
1.127819083023544,2.429757379371485
1.1278810408921933,2.0105892224260997
1.1279429987608427,-1.3491563337058285
1.1280049566294919,-2.5345240362030115
1.1280669144981412,-0.35835945198965646
1.1281288723667906,1.8769437277757686
1.12819083023544,1.5959292314181701
1.1282527881040891,-0.7240321240095763
1.1283147459727385,-2.469666010733596
1.1283767038413879,-0.9346104159472312
1.1284386617100373,2.795297703952722
1.1285006195786864,3.1597495007938026
1.1285625774473358,-1.8587961454205189
1.1286245353159852,-5.018734376029858
1.1286864931846345,-0.08262424692531711
1.1287484510532837,5.88763669050403
1.128810408921933,2.230243511721961
1.1288723667905824,-6.202861532946413
1.1289343246592318,-5.07101882611671
1.128996282527881,4.803815017688351
1.1290582403965304,7.112962538839573
1.1291201982651797,-2.4378178576162814
1.129182156133829,-7.9749022007251975
1.1292441140024783,-0.24580051594570407
1.1293060718711276,7.657318832776497
1.129368029739777,2.8471116467683895
1.1294299876084262,-6.087580438267941
1.1294919454770755,-4.820228314249688
1.129553903345725,3.222300059276666
1.1296158612143743,4.8770627180067105
1.1296778190830234,-0.8378766514564029
1.1297397769516728,-4.06939067389326
1.1298017348203222,-1.2845197524027776
1.1298636926889716,2.0792873182408713
1.1299256505576207,2.2929221439229632
1.12998760842627,0.48852645259071936
1.1300495662949195,-1.7083326915693555
1.1301115241635689,-2.5122430815853836
1.130173482032218,0.03760608478887284
1.1302354399008674,3.422390150174236
1.1302973977695168,1.8799477108534344
1.1303593556381661,-3.542554252817695
1.1304213135068153,-4.220559606954468
1.1304832713754647,1.982106088352754
1.130545229244114,5.471763549273147
1.1306071871127634,0.24959133477386874
1.1306691449814126,-5.432107587698559
1.130731102850062,-2.357052365178708
1.1307930607187113,4.474674219962255
1.1308550185873607,4.272197632413453
1.1309169764560099,-2.281955901504743
1.1309789343246592,-5.054586885080611
1.1310408921933086,-0.4911945142769534
1.1311028500619578,4.2169936634682355
1.1311648079306071,2.6423017660933406
1.1312267657992565,-2.5111087902500957
1.131288723667906,-4.114474008158174
1.131350681536555,0.039616695268849256
1.1314126394052044,4.509889671499238
1.1314745972738538,2.931781582957282
1.1315365551425032,-3.028932612888876
1.1315985130111523,-4.744302897668183
1.1316604708798017,0.9879903828613059
1.131722428748451,5.733215219724077
1.1317843866171005,1.6153192115547272
1.1318463444857496,-5.416473562353282
1.131908302354399,-4.106843986727217
1.1319702602230484,3.7480821550253074
1.1320322180916977,5.673918379716941
1.132094175960347,-1.2203169390073425
1.1321561338289963,-5.653297055992269
1.1322180916976456,-0.8059739444619262
1.132280049566295,5.125958234086933
1.1323420074349442,3.03566735722517
1.1324039653035936,-2.9941804313359635
1.132465923172243,-3.6789808483361797
1.1325278810408923,0.9390146282775262
1.1325898389095415,3.4180668517104813
1.1326517967781908,0.9198254827579831
1.1327137546468402,-2.2132244091988307
1.1327757125154894,-1.9413894684367805
1.1328376703841387,0.8329940692185622
1.1328996282527881,2.5715871005358077
1.1329615861214375,1.2161624497069055
1.1330235439900866,-1.5676931768715094
1.133085501858736,-1.902626284934181
1.1331474597273854,1.0556781867885447
1.1332094175960348,2.871775056565003
1.133271375464684,0.20659460476115066
1.1333333333333333,-2.9506596708740895
1.1333952912019827,-1.098354524716901
1.133457249070632,2.9717930902500838
1.1335192069392812,2.1238350577899476
1.1335811648079306,-2.484221688206969
1.13364312267658,-2.5691912312713483
1.1337050805452293,2.6299435548795342
1.1337670384138785,4.0491115011354
1.1338289962825279,-1.4100171144574842
1.1338909541511772,-4.465617445366224
1.1339529120198266,0.708909543127479
1.1340148698884758,5.45860301156046
1.1340768277571251,1.0658771028271325
1.1341387856257745,-5.5023858133434125
1.134200743494424,-2.8280337766042845
1.134262701363073,5.053399384805738
1.1343246592317224,4.875133300038701
1.1343866171003718,-3.24431260185532
1.134448574969021,-5.63166023458302
1.1345105328376703,1.81848491103585
1.1345724907063197,6.622457861584632
1.134634448574969,0.8364139980169891
1.1346964064436182,-5.713445491623053
1.1347583643122676,-2.326616774096795
1.134820322180917,4.769443472173012
1.1348822800495664,3.6294275234932245
1.1349442379182155,-3.23910384963927
1.135006195786865,-4.0153785436104314
1.1350681536555143,2.0540700655771422
1.1351301115241637,4.27568725084116
1.1351920693928128,-0.5631693157831519
1.1352540272614622,-3.4373065767071638
1.1353159851301116,0.3826748674052909
1.135377942998761,3.515997592110629
1.13543990086741,0.3998390286329482
1.1355018587360595,-2.9284195462849225
1.1355638166047088,-0.42979055219731127
1.1356257744733582,2.8515133110355695
1.1356877323420074,0.5329322696763573
1.1357496902106567,-2.9400591804607035
1.1358116480793061,-0.6415172142844008
1.1358736059479555,3.386973030240295
1.1359355638166047,1.2834618530674922
1.135997521685254,-3.4379354314522015
1.1360594795539034,-1.609747234376652
1.1361214374225526,4.145358449624315
1.136183395291202,3.0237185735561387
1.1362453531598513,-3.978132321250208
1.1363073110285007,-4.4189025799386865
1.1363692688971498,3.3118823302039657
1.1364312267657992,5.735889320690719
1.1364931846344486,-2.170237375700067
1.136555142503098,-6.973424236990063
1.1366171003717471,0.1819489797945842
1.1366790582403965,7.375231813898784
1.1367410161090459,2.170286756278041
1.1368029739776953,-6.5733525738185214
1.1368649318463444,-3.9628284321766936
1.1369268897149938,5.223302104864785
1.1369888475836432,5.27158710574861
1.1370508054522925,-3.3706719975732558
1.1371127633209417,-5.908716265951441
1.137174721189591,1.0114047195137654
1.1372366790582404,5.0182800431365
1.1372986369268898,0.22057012037567392
1.137360594795539,-4.229798341018586
1.1374225526641883,-1.4159485211262175
1.1374845105328377,2.7713022894696113
1.137546468401487,1.7113266779287901
1.1376084262701363,-1.5230033268602718
1.1376703841387856,-1.6500959846466163
1.137732342007435,0.2455857611950809
1.1377942998760842,0.8053068721856986
1.1378562577447335,0.07420062623198431
1.137918215613383,-0.6480012734379174
1.1379801734820323,-1.1914076183941231
1.1380421313506814,-0.8802833151001088
1.1381040892193308,0.6940379546770661
1.1381660470879802,1.2668137471089183
1.1382280049566296,-0.7913401601908228
1.1382899628252787,-2.317380496572133
1.138351920693928,-0.18255610602737615
1.1384138785625775,2.3108090603759894
1.1384758364312269,0.5752650655884906
1.138537794299876,-2.713745047780674
1.1385997521685254,-1.9614016608313998
1.1386617100371748,1.3164738192549237
1.1387236679058241,1.3254668927846618
1.1387856257744733,-1.534588674645536
1.1388475836431227,-1.9639350209305826
1.138909541511772,0.26790101074379546
1.1389714993804214,0.6689057258061908
1.1390334572490706,-0.94217282083135
1.13909541511772,-0.6956661972875406
1.1391573729863693,0.9383333040099506
1.1392193308550187,-0.049792246000447626
1.1392812887236679,-2.5372600598491797
1.1393432465923172,-1.4858387481921902
1.1394052044609666,2.0638261627985584
1.1394671623296158,1.5874148874935865
1.1395291201982651,-3.1068880157798713
1.1395910780669145,-4.2023001699366835
1.1396530359355639,0.9835019355596049
1.139714993804213,4.371759121735948
1.1397769516728624,-0.02631894798300438
1.1398389095415118,-5.541604218946162
1.1399008674101612,-2.998161659435601
1.1399628252788103,4.014631690779676
1.1400247831474597,4.103121866819142
1.140086741016109,-3.4881075876575944
1.1401486988847584,-6.770493847040081
1.1402106567534076,-0.09279139992603092
1.140272614622057,5.941289203418163
1.1403345724907064,1.214961675231267
1.1403965303593557,-6.798816333265791
1.1404584882280049,-4.702223357925702
1.1405204460966543,4.383359914809713
1.1405824039653036,5.4407129745237475
1.140644361833953,-3.3554625564602727
1.1407063197026022,-7.362246294374188
1.1407682775712515,-0.08828058787721882
1.140830235439901,6.0825041451726785
1.1408921933085503,1.078931173189271
1.1409541511771994,-6.402319053855632
1.1410161090458488,-4.378694768879951
1.1410780669144982,2.94491492335178
1.1411400247831474,3.8092869600470873
1.1412019826517967,-1.8867597953035613
1.141263940520446,-4.706645249817967
1.1413258983890955,-1.4713629867191136
1.1413878562577446,2.177104096649126
1.141449814126394,1.8836544193978115
1.1415117719950434,-1.0824117249095107
1.1415737298636928,-3.41767535152202
1.141635687732342,-2.596944335982082
1.1416976456009913,1.05887850607039
1.1417596034696407,2.868666200916512
1.14182156133829,-0.7891967393407682
1.1418835192069392,-5.126958892029933
1.1419454770755886,-2.702564000048692
1.142007434944238,3.506832223014779
1.1420693928128873,3.3428412538017467
1.1421313506815365,-3.3242345084440754
1.1421933085501859,-5.399643965566451
1.1422552664188352,0.5929374533900145
1.1423172242874846,4.357470048997668
1.1423791821561338,-0.2872877739221482
1.1424411400247831,-5.078871625410484
1.1425030978934325,-2.2599223752614157
1.142565055762082,2.552438710084081
1.142627013630731,1.3543965136421707
1.1426889714993804,-2.752545911938684
1.1427509293680298,-2.569330453757215
1.142812887236679,0.7266769934461035
1.1428748451053283,1.2970616181670316
1.1429368029739777,-0.9602797722426608
1.142998760842627,-1.802204072887274
1.1430607187112762,-0.47347632222397695
1.1431226765799256,0.31286094021313104
1.143184634448575,-0.39790902181711485
1.1432465923172244,-1.197214367972277
1.1433085501858735,-1.1297827157633658
1.143370508054523,-0.4246336270260236
1.1434324659231723,0.1467149631846172
1.1434944237918216,-0.24199145677850556
1.1435563816604708,-1.181363950929469
1.1436183395291202,-0.9580659726285753
1.1436802973977696,0.49389928380904036
1.143742255266419,0.69020825994544
1.143804213135068,-1.1060534841039926
1.1438661710037175,-1.8734220353624487
1.1439281288723668,-0.0447871430999105
1.1439900867410162,1.1759596052587624
1.1440520446096654,-0.6095312227040006
1.1441140024783147,-2.3287538989803807
1.1441759603469641,-0.7761471823312182
1.1442379182156135,1.4887161534958464
1.1442998760842626,0.6050679181824006
1.144361833952912,-1.780195084445043
1.1444237918215614,-1.5046021610438156
1.1444857496902106,0.9419758722774287
1.14454770755886,1.4850569656065769
1.1446096654275093,-0.7314456458714635
1.1446716232961587,-2.225723777824537
1.1447335811648078,-0.7415748310763883
1.1447955390334572,1.4593552852084952
1.1448574969021066,0.9716473575028317
1.144919454770756,-1.6711090340685462
1.1449814126394051,-2.330081554207929
1.1450433705080545,0.5805555475078896
1.1451053283767039,2.7635749810619306
1.1451672862453532,0.2903182819383612
1.1452292441140024,-3.1315950465046054
1.1452912019826518,-1.3780978838334401
1.1453531598513012,3.060750383453742
1.1454151177199505,2.233554189625463
1.1454770755885997,-3.024413874742499
1.145539033457249,-3.384776617059141
1.1456009913258984,2.272762666897272
1.1456629491945478,3.791214582389597
1.145724907063197,-1.9523592016584739
1.1457868649318463,-4.3924721211761195
1.1458488228004957,1.56464804223221
1.145910780669145,5.209534035019402
1.1459727385377942,-0.6263124828633696
1.1460346964064436,-5.441591300144859
1.146096654275093,0.12720902220574204
1.1461586121437422,6.240083279175021
1.1462205700123915,1.2124038890803415
1.146282527881041,-6.43057891259749
1.1463444857496903,-2.6582743392931723
1.1464064436183394,6.290355145739699
1.1464684014869888,4.493031735686234
1.1465303593556382,-5.058647256598744
1.1465923172242876,-5.5234558821776165
1.1466542750929367,4.007060057466394
1.146716232961586,7.129405409734667
1.1467781908302355,-1.140941217547529
1.1468401486988848,-6.482490607520975
1.146902106567534,-0.45527597352971316
1.1469640644361834,6.15609124219994
1.1470260223048327,2.8130023792142067
1.1470879801734821,-4.063606223807902
1.1471499380421313,-3.544558270493081
1.1472118959107807,2.4310024318348256
1.14727385377943,4.362325156115526
1.1473358116480794,0.4312124742321145
1.1473977695167286,-2.7855585815758284
1.147459727385378,-1.1495269630344456
1.1475216852540273,2.437754184148477
1.1475836431226767,3.1830203599211204
1.1476456009913258,0.28002704551427415
1.1477075588599752,-2.452517473599884
1.1477695167286246,-1.1733766464810218
1.1478314745972737,2.5652347812002243
1.1478934324659231,3.157663650885952
1.1479553903345725,-0.6833561855979905
1.1480173482032219,-2.9720668672356227
1.148079306071871,0.3307763473929258
1.1481412639405204,4.05510935723769
1.1482032218091698,2.0093978599376907
1.1482651796778192,-2.264468702706664
1.1483271375464683,-1.3953336633530116
1.1483890954151177,2.83710189887989
1.148451053283767,2.721039720159798
1.1485130111524164,-1.3433351470279014
1.1485749690210656,-1.6687907321063609
1.148636926889715,2.2274278004151653
1.1486988847583643,2.589222460229919
1.1487608426270137,-1.593961872129598
1.1488228004956629,-1.9655239076461086
1.1488847583643123,3.208518012579626
1.1489467162329616,4.411357484887823
1.149008674101611,-1.697214530737095
1.1490706319702602,-4.479962647574252
1.1491325898389095,2.120701924331007
1.149194547707559,7.162396580135487
1.1492565055762083,0.9995325233558436
1.1493184634448574,-6.673700490250198
1.1493804213135068,-2.5012601409408544
1.1494423791821562,7.035169841972499
1.1495043370508053,5.960823602124193
1.1495662949194547,-3.980317520690173
1.149628252788104,-6.25235941069592
1.1496902106567535,2.6100611305546275
1.1497521685254026,7.901468800250887
1.149814126394052,1.6913237012024311
1.1498760842627014,-5.259012319355592
1.1499380421313508,-2.4659769570919554
1.15,4.33913370920472
1.1500619578686493,4.567016139642352
1.1501239157372987,-0.840348412650866
1.150185873605948,-3.3335441259768976
1.1502478314745972,-0.28457430224444896
1.1503097893432466,3.2447454993777907
1.150371747211896,2.8777789184159475
1.1504337050805453,-0.3008689192226901
1.1504956629491945,-2.072501739557194
1.1505576208178439,0.0017335095973006753
1.1506195786864932,3.3116320483040633
1.1506815365551426,2.839618774408716
1.1507434944237918,-1.3744986401347612
1.1508054522924411,-2.947461675147254
1.1508674101610905,1.141648627355831
1.1509293680297399,4.534025111421112
1.150991325898389,1.2463911190996388
1.1510532837670384,-3.670774432880289
1.1511152416356878,-1.8305788577159672
1.151177199504337,4.12330058870093
1.1512391573729863,4.414418706476976
1.1513011152416357,-1.4820592515516828
1.151363073110285,-3.8953248372393454
1.1514250309789342,0.8736408313424935
1.1514869888475836,4.786563498025792
1.151548946716233,1.7618914301725046
1.1516109045848824,-2.906716157286853
1.1516728624535315,-2.1219083245127424
1.1517348203221809,1.980156180514986
1.1517967781908303,2.946963035627753
1.1518587360594796,0.35718484778218773
1.1519206939281288,-1.2534947570273318
1.1519826517967782,-0.28830831096631115
1.1520446096654275,0.980863619784739
1.152106567534077,1.2877350763977573
1.152168525402726,1.1943462456502534
1.1522304832713754,0.47987505108307427
1.1522924411400248,-0.9960493972223305
1.1523543990086742,-1.1907259461774642
1.1524163568773234,1.1371404247250352
1.1524783147459727,2.8029262152743266
1.152540272614622,0.43641847024784
1.1526022304832715,-2.885509807926711
1.1526641883519206,-1.367732388001751
1.15272614622057,3.4042324281083376
1.1527881040892194,3.6379159693414724
1.1528500619578685,-1.75724169808342
1.152912019826518,-4.0666918267717325
1.1529739776951673,1.0570676736954367
1.1530359355638167,5.255608810602391
1.1530978934324658,0.9227623090139624
1.1531598513011152,-5.134386051635914
1.1532218091697646,-2.4394924772589004
1.153283767038414,4.865978436347774
1.153345724907063,4.279402705278265
1.1534076827757125,-3.5412089828580164
1.1534696406443619,-5.2398388954435475
1.1535315985130112,2.415967503394415
1.1535935563816604,6.562531168203219
1.1536555142503098,0.08445988878574884
1.1537174721189591,-6.167800245524443
1.1537794299876085,-1.884358924773982
1.1538413878562577,5.428102478989601
1.153903345724907,3.6270152642889126
1.1539653035935564,-3.841881668040294
1.1540272614622058,-4.680780047453766
1.154089219330855,1.7355649957240131
1.1541511771995043,4.691515914100856
1.1542131350681537,0.30716549528644216
1.154275092936803,-3.6310471885803817
1.1543370508054522,-1.4615479362052348
1.1543990086741016,2.49190305068048
1.154460966542751,2.348694261447509
1.1545229244114001,-0.8640532752231258
1.1545848822800495,-2.402322203593067
1.154646840148699,-0.687229604626874
1.1547087980173483,1.648046701260283
1.1547707558859974,1.4551489128611137
1.1548327137546468,-1.1642397909642566
1.1548946716232962,-2.482155860582375
1.1549566294919456,0.03258580562840696
1.1550185873605947,2.9686170944805275
1.155080545229244,1.2192678670398536
1.1551425030978935,-3.069501262127
1.1552044609665428,-2.580580025710014
1.155266418835192,2.6773172649587855
1.1553283767038414,3.8270222821219524
1.1553903345724907,-2.0130626315166937
1.1554522924411401,-5.397829807118186
1.1555142503097893,-0.048625435904253056
1.1555762081784386,5.443811009837249
1.155638166047088,1.569866196372997
1.1557001239157374,-5.38176073041088
1.1557620817843866,-3.5761964928412273
1.155824039653036,4.036375437275837
1.1558859975216853,4.710039011508821
1.1559479553903347,-2.337569188421205
1.1560099132589838,-5.131607726151624
1.1560718711276332,0.31736950855130175
1.1561338289962826,4.161754928092251
1.1561957868649317,0.46468156995472043
1.1562577447335811,-3.5885679156434316
1.1563197026022305,-1.5066655858491966
1.1563816604708799,1.9462263719094182
1.156443618339529,0.8584954099706268
1.1565055762081784,-1.5513608223734208
1.1565675340768278,-0.44265861838453957
1.1566294919454772,1.3925119508575992
1.1566914498141263,-0.16845755625935221
1.1567534076827757,-2.045539189161985
1.156815365551425,-0.031957123353747896
1.1568773234200744,2.4044921778331045
1.1569392812887236,0.12855066996446118
1.157001239157373,-3.4764379724735934
1.1570631970260223,-1.7463285319227144
1.1571251548946717,2.985160812496486
1.1571871127633209,2.556962986080217
1.1572490706319702,-2.7355560103176226
1.1573110285006196,-3.866009257291754
1.157372986369269,1.541488654744381
1.1574349442379182,4.519949337789484
1.1574969021065675,-0.2211863154792062
1.157558859975217,-4.879336536096962
1.1576208178438663,-1.5392446406751326
1.1576827757125154,4.153781800065681
1.1577447335811648,2.4297716923369985
1.1578066914498142,-3.8226557383649635
1.1578686493184633,-3.9311886375998837
1.1579306071871127,2.2382822239167868
1.157992565055762,4.210770231517002
1.1580545229244115,-0.9977367680302165
1.1581164807930606,-4.209257981201015
1.15817843866171,-0.3041189737947789
1.1582403965303594,3.5930414463791864
1.1583023543990087,1.2536470297266664
1.158364312267658,-2.592037196350649
1.1584262701363073,-1.8375108298391707
1.1584882280049567,0.9632672806809119
1.158550185873606,1.0545904048192591
1.1586121437422552,-0.24826628836361486
1.1586741016109046,-0.2516751309125778
1.158736059479554,-0.361103689266157
1.1587980173482033,-1.221479860726665
1.1588599752168525,-0.003812791576261354
1.1589219330855018,2.6289059050182324
1.1589838909541512,1.4263458601232542
1.1590458488228006,-3.0600652620274413
1.1591078066914497,-3.0248843941617993
1.1591697645600991,2.631097442843628
1.1592317224287485,4.374475095329984
1.1592936802973979,-1.5727235113707088
1.159355638166047,-5.3647233219970945
1.1594175960346964,-0.3003046051956326
1.1594795539033458,5.0887120623898205
1.159541511771995,1.9268671604827694
1.1596034696406443,-3.7687011082398585
1.1596654275092937,-2.4659334524993097
1.159727385377943,2.5476384948766033
1.1597893432465922,2.650296841013229
1.1598513011152416,-0.9025861625814118
1.159913258983891,-1.5173983215634315
1.1599752168525403,0.23924312309227647
1.1600371747211895,0.10539525569717423
1.1600991325898389,-0.4944294846246591
1.1601610904584883,1.084152777426937
1.1602230483271376,1.534178267114453
1.1602850061957868,-1.4785034435785473
1.1603469640644362,-2.5654385326691047
1.1604089219330855,1.6638009231882318
1.160470879801735,4.293033077172176
1.160532837670384,-0.21256277947636049
1.1605947955390334,-4.618708273665241
1.1606567534076828,-0.8652381893551229
1.1607187112763322,4.893930308713719
1.1607806691449813,2.464049995248535
1.1608426270136307,-4.190728371985809
1.16090458488228,-3.5993705802504343
1.1609665427509295,3.189071640508453
1.1610285006195786,4.628818669605462
1.161090458488228,-1.3091249191307892
1.1611524163568774,-4.285071615308109
1.1612143742255265,0.3431156600710823
1.161276332094176,4.430720993840027
1.1613382899628253,1.5567799893788115
1.1614002478314747,-2.9818649335750034
1.1614622057001238,-2.1168550522737055
1.1615241635687732,1.874573637762463
1.1615861214374226,2.5530575717579147
1.161648079306072,-0.32564102783185
1.161710037174721,-1.9362868991159994
1.1617719950433705,-0.45874848764750575
1.1618339529120199,1.4190953453692452
1.1618959107806692,1.4866367544346384
1.1619578686493184,0.33651850258298244
1.1620198265179678,-0.6395754916374063
1.1620817843866171,-0.67897626150654
1.1621437422552665,0.38341989022539247
1.1622057001239157,1.5256715263767988
1.162267657992565,0.933059206418404
1.1623296158612144,-1.1549868040497624
1.1623915737298638,-1.6927637920097252
1.162453531598513,0.6633106857463036
1.1625154894671623,2.4965779029407518
1.1625774473358117,0.623649324286113
1.162639405204461,-2.0985415915684413
1.1627013630731102,-0.941067321859473
1.1627633209417596,2.4188126342385967
1.162825278810409,2.2085509932035428
1.1628872366790581,-1.4239141206820922
1.1629491945477075,-2.267676327819448
1.1630111524163569,1.120015599069522
1.1630731102850063,2.668493112823387
1.1631350681536554,-0.4485365620681797
1.1631970260223048,-2.666797787497917
1.1632589838909542,0.0024341899217903418
1.1633209417596035,2.818746648706485
1.1633828996282527,0.9174249857044883
1.163444857496902,-2.0784337728319953
1.1635068153655515,-0.8919618329557503
1.1635687732342008,2.045695952834711
1.16363073110285,1.5127080718564212
1.1636926889714994,-1.1581061039190423
1.1637546468401487,-1.2477846165565603
1.163816604708798,0.7070661401507896
1.1638785625774473,0.8244757941996268
1.1639405204460966,-0.5986274331503101
1.164002478314746,-0.43860615995067853
1.1640644361833954,0.7972947125037774
1.1641263940520445,0.3530822597258011
1.164188351920694,-0.9328153839262707
1.1642503097893433,-0.22721414192185552
1.1643122676579927,1.494332826852577
1.1643742255266418,0.960561190981895
1.1644361833952912,-1.272506862447963
1.1644981412639406,-1.5636547447137399
1.1645600991325897,0.5481529382503694
1.164622057001239,1.6387048073206947
1.1646840148698885,0.050348728785407665
1.1647459727385379,-1.7434777331455535
1.164807930607187,-1.165807401761362
1.1648698884758364,0.8889720074275871
1.1649318463444858,1.6330075181208503
1.1649938042131351,0.14267324302742823
1.1650557620817843,-1.5341132373335737
1.1651177199504337,-1.0738805019025912
1.165179677819083,0.8698660450443924
1.1652416356877324,1.3734192394692235
1.1653035935563816,-0.4489721846066048
1.165365551425031,-1.8920040457767193
1.1654275092936803,-0.8204497472897472
1.1654894671623297,0.9316476045682334
1.1655514250309789,0.6660599899049948
1.1656133828996282,-0.8328433927740964
1.1656753407682776,-1.023310542396105
1.165737298636927,0.08016725396110713
1.1657992565055761,0.5088548095362495
1.1658612143742255,-0.0810937066537245
1.165923172242875,-0.47476331903063096
1.1659851301115243,-0.4437247308101244
1.1660470879801734,-0.5349347915255116
1.1661090458488228,-0.4537630756248645
1.1661710037174722,0.011120229583277741
1.1662329615861213,-0.12057178028852222
1.1662949194547707,-1.0640275206004826
1.16635687732342,-1.0916006905639757
1.1664188351920695,0.41911104868820903
1.1664807930607186,1.0645199124952978
1.166542750929368,-0.6934016281983271
1.1666047087980174,-2.1719774649485437
1.1666666666666667,-0.5557292868323749
1.166728624535316,1.8092032217024407
1.1667905824039653,0.6840184296501723
1.1668525402726146,-2.7188700374643817
1.166914498141264,-2.9287034437891104
1.1669764560099132,0.8784242784613844
1.1670384138785626,2.770048996607733
1.167100371747212,-0.672845983922842
1.1671623296158613,-4.192401042582789
1.1672242874845105,-1.789899084907522
1.1672862453531598,3.1147232840746413
1.1673482032218092,2.5139268311129235
1.1674101610904586,-2.9807578881952868
1.1674721189591077,-4.497510088075892
1.1675340768277571,0.5191032783308018
1.1675960346964065,3.672790646856838
1.1676579925650559,-0.3725667148019669
1.167719950433705,-4.734516807078815
1.1677819083023544,-2.1334806566412428
1.1678438661710038,2.6674603944305164
1.167905824039653,1.551573207713297
1.1679677819083023,-2.8584700480724408
1.1680297397769517,-2.6674688361574383
1.168091697645601,1.0912487060258704
1.1681536555142502,1.3636897289663426
1.1682156133828996,-1.6772658856726959
1.168277571251549,-2.0465313116319592
1.1683395291201983,0.21408938122573795
1.1684014869888475,0.09063947120390226
1.1684634448574969,-1.8694645678478081
1.1685254027261462,-1.1956730460700176
1.1685873605947956,0.7584740185078886
1.1686493184634448,-0.39991405010469083
1.1687112763320942,-2.4612220101331177
1.1687732342007435,-0.7249086050268092
1.168835192069393,1.8125660604295697
1.168897149938042,-0.22111479141900503
1.1689591078066914,-3.3142734800775036
1.1690210656753408,-1.2571962279201216
1.1690830235439902,2.223763987607082
1.1691449814126393,0.08840828772879172
1.1692069392812887,-3.922200206295817
1.169268897149938,-1.9458361631579189
1.1693308550185875,2.4895890221844623
1.1693928128872366,0.8057174228964937
1.169454770755886,-3.8461240459387778
1.1695167286245354,-2.3080774924253644
1.1695786864931845,2.734016592787349
1.169640644361834,1.5967702904335463
1.1697026022304833,-3.7102150227473834
1.1697645600991327,-3.158993373859448
1.1698265179677818,2.1278465306976924
1.1698884758364312,2.111998816840006
1.1699504337050806,-3.063348753927983
1.17001239157373,-3.748401947552011
1.170074349442379,0.8982271027431847
1.1701363073110285,2.1688065141879096
1.1701982651796778,-1.4557173570762951
1.1702602230483272,-2.7042274530949832
1.1703221809169764,-0.035838586445559706
1.1703841387856257,0.8547999341792336
1.1704460966542751,-0.8627926610332298
1.1705080545229245,-0.8805189449755246
1.1705700123915737,0.20717327029175364
1.170631970260223,-1.1087643467508321
1.1706939281288724,-2.336554072111534
1.1707558859975218,0.1633895654285664
1.170817843866171,2.072633605357539
1.1708798017348203,-1.2462922549650888
1.1709417596034697,-4.136687486638374
1.171003717472119,-0.32453975789329137
1.1710656753407682,3.9728060404801027
1.1711276332094176,0.5139094614719368
1.171189591078067,-4.92815210466716
1.1712515489467161,-2.326443311985779
1.1713135068153655,3.8792063576355673
1.1713754646840149,2.4297465878032183
1.1714374225526643,-4.202177772572977
1.1714993804213134,-4.278400121491872
1.1715613382899628,2.112735662160708
1.1716232961586122,3.751591749561777
1.1716852540272615,-1.6518817035282267
1.1717472118959107,-4.414774119034244
1.17180916976456,-0.306426689172987
1.1718711276332094,3.3577441803060637
1.1719330855018588,1.1399164745103711
1.171995043370508,-2.6398365694549377
1.1720570012391573,-2.4278553183232083
1.1721189591078067,0.6040745621810804
1.172180916976456,2.009020268389179
1.1722428748451053,0.263696460069614
1.1723048327137546,-2.2680869990761954
1.172366790582404,-2.2188551362430564
1.1724287484510534,0.7643992621270819
1.1724907063197025,2.6361195491244502
1.172552664188352,0.23303692003102594
1.1726146220570013,-2.9466203246158056
1.1726765799256507,-1.4678980021914887
1.1727385377942998,2.573778756373564
1.1728004956629492,2.3124424936567265
1.1728624535315986,-2.0039616468657027
1.1729244114002477,-3.0316823827722774
1.172986369268897,0.8672918283638473
1.1730483271375465,2.8031485568150822
1.1731102850061959,-0.33844198089161504
1.173172242874845,-2.7292079331166272
1.1732342007434944,-0.34787102282827775
1.1732961586121438,2.3521462579717016
1.1733581164807931,1.0272084464797238
1.1734200743494423,-1.3682938669138514
1.1734820322180917,-0.818487420379615
1.173543990086741,1.0255022583657973
1.1736059479553904,0.9830191041275829
1.1736679058240396,-0.19118785051780463
1.173729863692689,-0.44445538734265644
1.1737918215613383,-0.13546134676185603
1.1738537794299877,-0.06867792976215359
1.1739157372986369,0.3744862263245047
1.1739776951672862,1.0220281289700366
1.1740396530359356,0.4464146388363035
1.174101610904585,-0.8412874174415945
1.1741635687732341,-0.42573161888973576
1.1742255266418835,1.5833714642370669
1.1742874845105329,1.9611347289206646
1.1743494423791823,-0.3339861182046442
1.1744114002478314,-1.918486222632184
1.1744733581164808,-0.14728517552130116
1.1745353159851302,2.453243642438646
1.1745972738537793,1.7985112881760197
1.1746592317224287,-1.3753623911601922
1.174721189591078,-2.2027225311939405
1.1747831474597275,1.0144729544892486
1.1748451053283766,3.6709129836486643
1.174907063197026,1.475605222221283
1.1749690210656754,-2.4734502218414236
1.1750309789343247,-1.8458759944722103
1.1750929368029739,2.7369226671334275
1.1751548946716233,3.945294335013584
1.1752168525402726,-0.5614457639008246
1.175278810408922,-3.7204063273936834
1.1753407682775712,-0.2591970496843117
1.1754027261462205,4.378946823929259
1.17546468401487,2.6864973152793494
1.1755266418835193,-2.5511244721394206
1.1755885997521685,-2.754527870648973
1.1756505576208178,2.455931229185222
1.1757125154894672,4.750374470146728
1.1757744733581166,0.5652460547165985
1.1758364312267657,-3.401888491880271
1.175898389095415,-0.9990654475901819
1.1759603469640645,3.8213858541442915
1.1760223048327139,3.404147418385967
1.176084262701363,-1.6094177098430695
1.1761462205700124,-3.276148803094845
1.1762081784386618,1.16195224199256
1.176270136307311,4.696593512957426
1.1763320941759603,1.6047677382382277
1.1763940520446097,-3.016483345397069
1.176456009913259,-1.3346688840983871
1.1765179677819082,3.918844564911699
1.1765799256505576,3.6748099727436725
1.176641883519207,-1.7812320689537957
1.1767038413878563,-2.9028456762640125
1.1767657992565055,2.2836888701770857
1.1768277571251549,4.324399448534507
1.1768897149938042,-0.6383321701735467
1.1769516728624536,-3.4678983587291183
1.1770136307311028,1.3468315251937661
1.1770755885997521,5.099307006757767
1.1771375464684015,0.6673151985019907
1.177199504337051,-3.8892129322733107
1.1772614622057,0.14306891215214645
1.1773234200743494,5.643320191567451
1.1773853779429988,2.2954362047494885
1.1774473358116482,-4.222947346471881
1.1775092936802973,-2.167280445314163
1.1775712515489467,4.868809705908667
1.177633209417596,4.280860215423318
1.1776951672862455,-2.857850873336016
1.1777571251548946,-3.865600200146795
1.177819083023544,2.8740507094193823
1.1778810408921934,5.514537070457742
1.1779429987608425,-0.06549230591147337
1.178004956629492,-3.77287283874636
1.1780669144981413,0.3564260097153449
1.1781288723667906,4.533789976082165
1.1781908302354398,1.806552993215658
1.1782527881040892,-2.47432686193016
1.1783147459727386,-1.181561131538885
1.178376703841388,2.5814095239326527
1.178438661710037,2.2133458648486672
1.1785006195786865,-0.8895809610842789
1.1785625774473358,-0.9702193552970795
1.1786245353159852,1.6810127596327802
1.1786864931846344,2.0914159871800297
1.1787484510532837,-0.15878746345138417
1.1788104089219331,-0.6938513910434416
1.1788723667905825,1.3748526682547186
1.1789343246592316,1.9788591685980874
1.178996282527881,-0.24087524071820832
1.1790582403965304,-1.30232803226788
1.1791201982651798,0.8299570294263668
1.179182156133829,2.3089394891677903
1.1792441140024783,0.3095930243348852
1.1793060718711277,-1.5980714662520992
1.179368029739777,0.21993075500918646
1.1794299876084262,2.6466111862177097
1.1794919454770756,1.2959579519749869
1.179553903345725,-1.3963076002399806
1.1796158612143741,-0.5451331987815995
1.1796778190830235,2.1583677489208366
1.1797397769516729,1.5937877552865978
1.1798017348203222,-1.2286243283269678
1.1798636926889714,-1.1287092696787184
1.1799256505576208,1.5155442503861267
1.1799876084262702,1.6804330225636386
1.1800495662949195,-0.7307472974179652
1.1801115241635687,-0.9856911556865122
1.180173482032218,1.2923045599317342
1.1802354399008674,1.6921832020761642
1.1802973977695168,-0.31498766412570023
1.180359355638166,-0.6990564454655472
1.1804213135068153,1.0159599679189397
1.1804832713754647,1.118743282831173
1.180545229244114,-0.6448474002848015
1.1806071871127632,-0.6909601355311963
1.1806691449814126,1.0331244541378193
1.180731102850062,0.954305146570511
1.1807930607187114,-0.8605380529619315
1.1808550185873605,-0.7729795554799734
1.18091697645601,1.2109533734865827
1.1809789343246593,1.4470147353164704
1.1810408921933087,-0.3503707651204797
1.1811028500619578,-0.877789169533979
1.1811648079306072,0.3972675298181088
1.1812267657992566,0.8897136427786383
1.1812887236679057,0.1580920854618404
1.181350681536555,-0.13734901110688735
1.1814126394052045,-0.17375934426299583
1.1814745972738538,-0.7417046227688932
1.181536555142503,-0.37042717174759765
1.1815985130111524,1.4347816061961334
1.1816604708798017,1.493162390305725
1.1817224287484511,-1.3691318850173073
1.1817843866171003,-2.436807699478684
1.1818463444857497,1.108250649492739
1.181908302354399,3.7376441889668026
1.1819702602230484,0.26494272875518865
1.1820322180916976,-4.221322170349523
1.182094175960347,-2.0533385973587683
1.1821561338289963,3.6137941335036916
1.1822180916976457,3.3896121172525464
1.1822800495662948,-2.647651712467928
1.1823420074349442,-4.756943475982892
1.1824039653035936,0.5834770958500384
1.182465923172243,4.99755102751786
1.1825278810408921,1.651117085403743
1.1825898389095415,-4.1645533796836816
1.1826517967781909,-3.5443369399135074
1.1827137546468403,2.4212583056240145
1.1827757125154894,4.585894772499578
1.1828376703841388,-0.3960042446221167
1.1828996282527882,-5.11841859231776
1.1829615861214373,-2.490746232327548
1.1830235439900867,3.593454782743204
1.183085501858736,3.9652292774966504
1.1831474597273854,-1.9426641298287373
1.1832094175960346,-5.079223673663536
1.183271375464684,-0.6097103416246796
1.1833333333333333,4.606650153924054
1.1833952912019827,2.678456508676911
1.1834572490706319,-3.2252912811462138
1.1835192069392813,-4.190646971739991
1.1835811648079306,0.6869419583437079
1.18364312267658,3.6982148555356287
1.1837050805452292,0.7725960779054772
1.1837670384138785,-3.158583853130667
1.183828996282528,-2.563447241567591
1.1838909541511773,0.9434999833244916
1.1839529120198264,2.2951787764863676
1.1840148698884758,0.4157746948803084
1.1840768277571252,-1.55153288414699
1.1841387856257746,-1.389308117232269
1.1842007434944237,0.0056814632342723215
1.184262701363073,0.8932536688239996
1.1843246592317225,0.677072293147612
1.1843866171003719,-0.38390338150648706
1.184448574969021,-1.5489587253974575
1.1845105328376704,-1.4988082326156962
1.1845724907063198,0.29325889243099024
1.184634448574969,1.829601260295461
1.1846964064436183,0.5701380306705035
1.1847583643122677,-2.1881280960028797
1.184820322180917,-2.110297147981437
1.1848822800495662,1.3390274491346519
1.1849442379182156,2.8890332402111394
1.185006195786865,-0.4202452887303201
1.1850681536555143,-3.5503724454335712
1.1851301115241635,-1.2223466702484957
1.1851920693928129,2.792802549953832
1.1852540272614622,1.578604752670664
1.1853159851301116,-2.863926569172386
1.1853779429987608,-2.7290278541494977
1.1854399008674101,1.8842075884517369
1.1855018587360595,2.9128231300130003
1.1855638166047089,-1.4129921636678735
1.185625774473358,-3.3356742970312423
1.1856877323420074,0.6041606390153222
1.1857496902106568,3.3907849883808305
1.1858116480793062,0.05768645886252688
1.1858736059479553,-3.5994579152127866
1.1859355638166047,-1.4199778977339654
1.185997521685254,2.5535192335247734
1.1860594795539035,1.6527901593920902
1.1861214374225526,-2.0426977023282404
1.186183395291202,-2.2002458250797146
1.1862453531598514,0.8232870510336572
1.1863073110285005,1.7600046821648014
1.1863692688971499,-0.1035713502333162
1.1864312267657993,-0.9496705183928391
1.1864931846344486,0.03486510384746078
1.1865551425030978,0.16189839927155258
1.1866171003717472,-0.7404926624025219
1.1866790582403965,-0.22033380986269346
1.186741016109046,1.2024327609579322
1.186802973977695,0.3841916681148474
1.1868649318463445,-2.0672823854067843
1.1869268897149938,-1.7272480287227632
1.1869888475836432,1.823258340217771
1.1870508054522924,3.0245391243277773
1.1871127633209417,-0.7221886429679558
1.187174721189591,-3.715264627873858
1.1872366790582405,-0.6518161113333529
1.1872986369268896,3.9485644564147813
1.187360594795539,2.3153450591381795
1.1874225526641884,-3.40505964728189
1.1874845105328378,-3.83150405450826
1.187546468401487,2.019161807931722
1.1876084262701363,4.415170775494116
1.1876703841387857,-0.7964715126213466
1.187732342007435,-4.6664587812972655
1.1877942998760842,-0.32846643533679565
1.1878562577447336,4.806885348140336
1.187918215613383,1.7454367313558867
1.187980173482032,-4.165854190237794
1.1880421313506815,-2.4831069926804727
1.1881040892193309,3.8001481944778672
1.1881660470879802,3.457230271446507
1.1882280049566294,-3.0189271578772447
1.1882899628252788,-4.2746116897977835
1.1883519206939281,1.8018770178054577
1.1884138785625775,4.585423685614524
1.1884758364312267,-0.41160704702009787
1.188537794299876,-4.160655194304159
1.1885997521685254,-0.46518797796509836
1.1886617100371748,3.8069730288125667
1.188723667905824,1.6592480214684167
1.1887856257744733,-2.375746273814568
1.1888475836431227,-1.5334526541046252
1.188909541511772,1.5986307942818367
1.1889714993804212,1.2711113099237756
1.1890334572490706,-1.032139014639832
1.18909541511772,-0.7422650583772168
1.1891573729863694,0.9807976028524167
1.1892193308550185,0.45854034637876584
1.189281288723668,-0.9918042160109528
1.1893432465923173,-0.059660316269412705
1.1894052044609666,1.692514302458665
1.1894671623296158,0.7960830822775606
1.1895291201982652,-1.283566454187158
1.1895910780669146,-0.7770906646023973
1.1896530359355637,1.3202496726730346
1.189714993804213,1.1249142275603117
1.1897769516728625,-0.955498113384325
1.1898389095415118,-1.120261273348805
1.189900867410161,0.7729931241737433
1.1899628252788104,1.1330566089790972
1.1900247831474597,-0.5783383828867901
1.1900867410161091,-0.8942115194287523
1.1901486988847583,1.068400497306297
1.1902106567534076,1.7138094701576578
1.190272614622057,-0.5110267047065356
1.1903345724907064,-1.89837133096986
1.1903965303593556,0.22769666289812784
1.190458488228005,2.471030499795674
1.1905204460966543,0.7808601813482317
1.1905824039653037,-2.4610673801625205
1.1906443618339528,-1.9611125044875872
1.1907063197026022,1.744266674020507
1.1907682775712516,2.887044460579368
1.190830235439901,-0.2837549144091063
1.1908921933085501,-2.7171124653301693
1.1909541511771995,-0.7122842889213865
1.1910161090458489,2.4124840270883294
1.1910780669144982,1.9576645524409197
1.1911400247831474,-0.9938994461871488
1.1912019826517968,-2.0503314965359727
1.1912639405204462,-0.33565857521539366
1.1913258983890953,1.2623817220475968
1.1913878562577447,0.9829012594276658
1.191449814126394,-0.2616605396595303
1.1915117719950434,-1.1293742924880665
1.1915737298636926,-0.8756530172575604
1.191635687732342,0.6257045850556546
1.1916976456009913,1.8499933943143287
1.1917596034696407,0.6538859742161627
1.1918215613382899,-1.8527406921084155
1.1918835192069392,-1.6982429074377432
1.1919454770755886,1.4132594801116314
1.192007434944238,2.3883973239427565
1.1920693928128872,-0.9734911112441414
1.1921313506815365,-3.268491942557389
1.192193308550186,-0.2545270332930787
1.1922552664188353,3.173559858648413
1.1923172242874844,0.9564331026344302
1.1923791821561338,-3.1762220837603143
1.1924411400247832,-1.8187617797150795
1.1925030978934326,2.844985189294163
1.1925650557620817,2.550814401727407
1.192627013630731,-2.3425539490350653
1.1926889714993805,-3.325250448734237
1.1927509293680298,1.1475224184230428
1.192812887236679,3.038398837776598
1.1928748451053284,-0.809085671718281
1.1929368029739778,-3.382990269912031
1.192998760842627,-0.4452091102496133
1.1930607187112763,2.3381531143460976
1.1931226765799257,0.37916477695206224
1.193184634448575,-1.9143192309651407
1.1932465923172242,-0.3481638896102235
1.1933085501858736,1.2756689085738122
1.193370508054523,-0.5847390207816137
1.1934324659231723,-1.8838629348850988
1.1934944237918215,0.6284052873974988
1.1935563816604708,2.022182039941778
1.1936183395291202,-1.5158632434533346
1.1936802973977696,-4.0268235407903195
1.1937422552664188,0.018795550442910924
1.1938042131350681,4.336821269398877
1.1938661710037175,0.8586716589321799
1.1939281288723669,-5.183692584513933
1.193990086741016,-3.2072365827656237
1.1940520446096654,4.055360742076472
1.1941140024783148,4.370070410802446
1.1941759603469642,-3.0988429422973343
1.1942379182156133,-6.023856272526543
1.1942998760842627,0.21269629555934033
1.194361833952912,4.937003772989797
1.1944237918215614,0.5872069743364443
1.1944857496902106,-4.994956040672341
1.19454770755886,-2.716632631602644
1.1946096654275093,2.7599493130140664
1.1946716232961585,2.2899695951027392
1.1947335811648079,-2.194993022974187
1.1947955390334573,-2.623027394171793
1.1948574969021066,0.7477401765590477
1.1949194547707558,1.2595534118297342
1.1949814126394052,-1.4497818873235815
1.1950433705080545,-1.8208267361424766
1.195105328376704,0.49719589519041396
1.195167286245353,0.48241082507213306
1.1952292441140024,-1.9898599703721869
1.1952912019826518,-1.8321400127633156
1.1953531598513012,1.0795882916382067
1.1954151177199503,1.2515316174936344
1.1954770755885997,-1.8763233366260457
1.195539033457249,-2.4506768516022968
1.1956009913258985,0.81956741935281
1.1956629491945476,1.8923828959656608
1.195724907063197,-1.4586155942166008
1.1957868649318464,-3.2577473212699477
1.1958488228004958,-0.21710929052034578
1.195910780669145,2.1167707838823864
1.1959727385377943,-0.5484241425163039
1.1960346964064437,-3.4141280319203986
1.196096654275093,-1.3059841446152707
1.1961586121437422,2.0873709567950347
1.1962205700123916,0.9918230377827386
1.196282527881041,-2.387963140992501
1.19634448574969,-2.2909445397919166
1.1964064436183395,0.6057818731740824
1.1964684014869889,1.2497974938456704
1.1965303593556382,-0.8626042899926414
1.1965923172242874,-1.9382925289149489
1.1966542750929368,-0.9752695877789082
1.1967162329615861,-0.28938846765365545
1.1967781908302355,-0.444982153692007
1.1968401486988847,-0.15748053130475043
1.196902106567534,0.03313466025780265
1.1969640644361834,-1.0861508651066314
1.1970260223048328,-1.893448118109207
1.197087980173482,-0.28990845109899055
1.1971499380421313,1.6947700731224145
1.1972118959107807,0.48943680263613965
1.19727385377943,-2.6570643918019305
1.1973358116480792,-2.9161069625605665
1.1973977695167286,0.42870948095661954
1.197459727385378,2.416047114890217
1.1975216852540274,-0.08688829944116017
1.1975836431226765,-3.4569131138127904
1.1976456009913259,-2.610699087810267
1.1977075588599753,1.417189891489351
1.1977695167286246,2.8394835478679026
1.1978314745972738,-0.46887957475985
1.1978934324659232,-3.6933456632480155
1.1979553903345725,-2.026759065440946
1.1980173482032217,2.03595956368455
1.198079306071871,2.239278835895197
1.1981412639405205,-1.8049488687629835
1.1982032218091698,-3.8019964812938545
1.198265179677819,-0.6535351844147219
1.1983271375464684,2.538012273605585
1.1983890954151177,0.7691388524926273
1.198451053283767,-2.7198069608487394
1.1985130111524163,-2.0479279607158603
1.1985749690210656,1.4427931449440834
1.198636926889715,1.783292397019728
1.1986988847583644,-1.3456512399648506
1.1987608426270135,-2.4544807678967357
1.198822800495663,0.049726703075813616
1.1988847583643123,1.5179654181141637
1.1989467162329617,-0.4341153328356525
1.1990086741016108,-2.105748948256875
1.1990706319702602,-0.7331466153679608
1.1991325898389096,0.9465836002127297
1.199194547707559,0.24162651370587762
1.199256505576208,-0.8972130707258148
1.1993184634448575,-0.29658645026060926
1.1993804213135069,0.35502092297231436
1.1994423791821562,-0.4985017655396755
1.1995043370508054,-0.8259349311357219
1.1995662949194548,0.6059467516761433
1.1996282527881041,0.9640790575815389
1.1996902106567533,-1.2959810694978453
1.1997521685254027,-2.4353706789812626
1.199814126394052,0.2567522425481228
1.1998760842627014,2.7005283442809143
1.1999380421313506,0.49571932686044407
1.2,-2.9550884380000952
1.2000619578686493,-1.7477526791355504
1.2001239157372987,2.326592829413709
1.2001858736059479,2.6564358472714575
1.2002478314745972,-1.0800049731680261
1.2003097893432466,-2.7764444412310376
1.200371747211896,-0.2924584646734578
1.2004337050805451,1.848541574794554
1.2004956629491945,0.7507347417269676
1.200557620817844,-0.9541174000061927
1.2006195786864933,-0.8055067689315101
1.2006815365551424,-0.006820857004341985
1.2007434944237918,0.2282380166340907
1.2008054522924412,0.6201911322786477
1.2008674101610906,0.9959628997833955
1.2009293680297397,0.11904274879545573
1.200991325898389,-1.085172206350917
1.2010532837670385,-0.4703548877074455
1.2011152416356878,1.1571137738572288
1.201177199504337,1.1021184329231808
1.2012391573729864,-0.4284702158940259
1.2013011152416357,-0.9106271195160175
1.201363073110285,-0.0523478084626281
1.2014250309789343,0.4888036025110234
1.2014869888475836,0.6428612966978968
1.201548946716233,1.0415188735993883
1.2016109045848822,0.5733889735668786
1.2016728624535316,-1.0149956991626083
1.201734820322181,-0.9407846594907325
1.2017967781908303,1.707134851039195
1.2018587360594795,2.69412522049709
1.2019206939281288,-0.4901129506765889
1.2019826517967782,-3.0185596992457366
1.2020446096654276,-0.321302279772435
1.2021065675340767,3.453640524935662
1.2021685254027261,2.0773885441054
1.2022304832713755,-2.0197495647240737
1.2022924411400249,-2.0199030690445157
1.202354399008674,1.7352114113701105
1.2024163568773234,3.083613586857852
1.2024783147459728,0.556738661369576
1.2025402726146222,-1.4798357746148847
1.2026022304832713,-0.6626230078458124
1.2026641883519207,1.1008472207037079
1.20272614622057,1.8269161541562198
1.2027881040892194,0.9855726148078715
1.2028500619578686,-1.009079269707736
1.202912019826518,-1.6890103088682045
1.2029739776951673,1.1156315644734582
1.2030359355638165,3.9433572590661656
1.2030978934324659,1.3582777365947325
1.2031598513011152,-3.5210582901652914
1.2032218091697646,-1.911221261697452
1.2032837670384138,4.806039231349639
1.2033457249070632,4.977924180604102
1.2034076827757125,-3.043736503859067
1.203469640644362,-5.805120626000073
1.203531598513011,2.3225300054191598
1.2035935563816604,7.734113811984256
1.2036555142503098,0.6620742306229018
1.2037174721189592,-6.890080674658577
1.2037794299876083,-1.6844057144746172
1.2038413878562577,7.312181754389815
1.203903345724907,4.7049719351856805
1.2039653035935565,-4.418597597660408
1.2040272614622056,-4.254050126684183
1.204089219330855,3.9032582124525534
1.2041511771995044,5.423421390751058
1.2042131350681538,-1.3201042270326913
1.204275092936803,-3.8374632572589107
1.2043370508054523,1.2380654225642542
1.2043990086741017,3.883174533298384
1.204460966542751,0.2024877493541668
1.2045229244114002,-1.9158144156186308
1.2045848822800496,1.1000450610195447
1.204646840148699,2.7636308353280725
1.204708798017348,0.08095296725335022
1.2047707558859975,-1.2092961585309212
1.2048327137546468,1.4188918454915393
1.2048946716232962,2.5102579906995546
1.2049566294919454,-0.33498589000568346
1.2050185873605948,-1.7404588288731733
1.2050805452292441,1.035231446466661
1.2051425030978935,2.870631170130706
1.2052044609665427,0.39804416098693873
1.205266418835192,-1.8554696859845032
1.2053283767038414,0.19061020186221028
1.2053903345724908,3.001020684518665
1.20545229244114,1.8575427645009372
1.2055142503097893,-1.1858310372754157
1.2055762081784387,-1.1928253590255338
1.205638166047088,1.5729893391777887
1.2057001239157372,2.6066510555326836
1.2057620817843866,0.39408027499820975
1.205824039653036,-1.6754082745556986
1.2058859975216853,-0.6162447232775413
1.2059479553903345,1.9693626017876742
1.2060099132589839,2.3638711168783355
1.2060718711276333,0.05643051110664432
1.2061338289962826,-1.4957857365824165
1.2061957868649318,0.0874547169166755
1.2062577447335812,2.4405965893867565
1.2063197026022305,1.9535949004756665
1.2063816604708797,-0.6236659555334234
1.206443618339529,-1.380287719206751
1.2065055762081784,0.5647833645041782
1.2065675340768278,1.940401630536682
1.206629491945477,0.8063226504897092
1.2066914498141263,-0.6972693239771073
1.2067534076827757,-0.3342380207037099
1.206815365551425,0.9013850211934562
1.2068773234200743,1.1510669157469948
1.2069392812887236,0.6070818071269477
1.207001239157373,0.31210988201347856
1.2070631970260224,0.25699373682423
1.2071251548946715,0.17872985936561137
1.207187112763321,0.4021115239745885
1.2072490706319703,0.761541877302266
1.2073110285006197,0.4387378374882699
1.2073729863692688,-0.3298319482067126
1.2074349442379182,-0.24054946173151082
1.2074969021065676,0.7369609349137504
1.207558859975217,1.0265233500045126
1.207620817843866,0.16053341896409457
1.2076827757125155,-0.2977730214288403
1.2077447335811649,0.5048171445221868
1.2078066914498142,1.142822475912335
1.2078686493184634,0.39643217439026024
1.2079306071871128,-0.5523111415545044
1.2079925650557621,-0.11384316267214645
1.2080545229244113,0.9254810801798683
1.2081164807930607,0.6680817833719586
1.20817843866171,-0.6095183895948721
1.2082403965303594,-0.7348469083428852
1.2083023543990086,0.7327063118142968
1.208364312267658,1.5096618173182381
1.2084262701363073,0.2337938983603074
1.2084882280049567,-1.0720192268336657
1.2085501858736059,-0.1613740679146507
1.2086121437422552,1.543525149234283
1.2086741016109046,1.1035028233606579
1.208736059479554,-0.933759473936616
1.2087980173482031,-1.2740987276082583
1.2088599752168525,0.5527400900020172
1.2089219330855019,1.3863932451202925
1.2089838909541513,-0.07157801677138842
1.2090458488228004,-1.1281691331859944
1.2091078066914498,-0.011239596660352014
1.2091697645600992,1.1560067120846746
1.2092317224287485,0.46823091052356913
1.2092936802973977,-0.4862050953185033
1.209355638166047,-0.007405400271248919
1.2094175960346965,0.5963779688477936
1.2094795539033458,-0.03823102941723544
1.209541511771995,-0.5865798403448499
1.2096034696406444,0.083449641173588
1.2096654275092937,0.5166035751983069
1.209727385377943,-0.2937451152216175
1.2097893432465923,-0.7231579998288198
1.2098513011152416,0.22782552608984924
1.209913258983891,0.833870619549601
1.2099752168525402,0.038803818000297585
1.2100371747211895,-0.5122875858351217
1.210099132589839,0.13661284791516815
1.2101610904584883,0.45346334446310943
1.2102230483271375,-0.2268315617928779
1.2102850061957868,-0.38235890970271663
1.2103469640644362,0.23737470984411457
1.2104089219330856,-0.027050316992561788
1.2104708798017347,-0.9016568239069289
1.210532837670384,-0.29961219712811515
1.2105947955390335,1.0701725355886205
1.2106567534076829,0.43609420717789216
1.210718711276332,-1.3286183762209147
1.2107806691449814,-0.6959502054998212
1.2108426270136308,1.5564651258485238
1.2109045848822801,1.1396363106007872
1.2109665427509293,-1.586361683419273
1.2110285006195787,-1.7324695165606587
1.211090458488228,1.0559791356093873
1.2111524163568774,1.6555464678032141
1.2112143742255266,-1.0930681387950274
1.211276332094176,-2.2042279916343377
1.2113382899628253,0.2746906429896234
1.2114002478314747,1.9259637353181174
1.2114622057001239,0.18565833584549107
1.2115241635687732,-1.556272111743064
1.2115861214374226,-0.6145146280566822
1.2116480793060718,0.8710719583669295
1.2117100371747211,0.7043481442413553
1.2117719950433705,-0.20096196653382048
1.21183395291202,-0.8043148972059954
1.211895910780669,-1.1149388177994943
1.2119578686493184,-0.3698232557911223
1.2120198265179678,1.3061757355026458
1.2120817843866172,1.0914534538457026
1.2121437422552663,-1.7169065225379114
1.2122057001239157,-2.4860009571184527
1.212267657992565,1.1898990161803602
1.2123296158612145,3.5456351128176453
1.2123915737298636,-0.16929123289544912
1.212453531598513,-4.18202278760489
1.2125154894671624,-1.3482711689531026
1.2125774473358117,3.7600187707175703
1.212639405204461,2.2259460013255072
1.2127013630731103,-3.438793937906108
1.2127633209417596,-3.554876091119678
1.212825278810409,1.8300389313883287
1.2128872366790582,3.5181005798254494
1.2129491945477076,-0.6790947744172977
1.213011152416357,-3.179520687549462
1.2130731102850063,-0.39909731863895836
1.2131350681536555,2.306686708883393
1.2131970260223048,1.004010592872491
1.2132589838909542,-1.2809228758423936
1.2133209417596034,-1.3089284867343167
1.2133828996282527,-0.1608706104073765
1.2134448574969021,0.4726360656422828
1.2135068153655515,0.5720031052906052
1.2135687732342006,-0.0629154161208485
1.21363073110285,-1.2510279215099995
1.2136926889714994,-1.0221353707561627
1.2137546468401488,1.11514934502158
1.213816604708798,1.9023818320847228
1.2138785625774473,-0.4795532237091812
1.2139405204460967,-2.3598088726932485
1.214002478314746,-0.4153585018230411
1.2140644361833952,2.2376058960187013
1.2141263940520446,1.105069665187255
1.214188351920694,-2.028196644088911
1.2142503097893433,-2.1824355583623336
1.2143122676579925,0.695137901215563
1.2143742255266419,2.1642616797083267
1.2144361833952912,0.38186838714362326
1.2144981412639406,-1.7932778415557789
1.2145600991325898,-1.3817693810543008
1.2146220570012392,0.9906834947411592
1.2146840148698885,2.1660088607515777
1.214745972738538,0.3423943188546646
1.214807930607187,-2.245368047322945
1.2148698884758364,-1.7567807932221442
1.2149318463444858,1.4365168326258444
1.214993804213135,2.3987170284365567
1.2150557620817843,-0.7451947741007908
1.2151177199504337,-3.0413954352171313
1.215179677819083,-0.49673452873018364
1.2152416356877322,2.9100726256280423
1.2153035935563816,1.6284318081536513
1.215365551425031,-2.1072585204317686
1.2154275092936804,-2.145006258071054
1.2154894671623295,1.3008791080014106
1.215551425030979,2.4880099783779555
1.2156133828996283,-0.2516005907393478
1.2156753407682777,-2.4956782937565016
1.2157372986369268,-1.1246896300124503
1.2157992565055762,1.5852458208113265
1.2158612143742256,1.8878644144213519
1.215923172242875,-0.5788398589346013
1.215985130111524,-2.4914537318636114
1.2160470879801735,-0.7805101109099829
1.2161090458488228,2.744941315486887
1.2161710037174722,2.628362455091856
1.2162329615861214,-1.9333786538177056
1.2162949194547708,-3.9799457864806134
1.2163568773234201,0.6529876437045774
1.2164188351920695,4.80273270304949
1.2164807930607187,0.8191423041972513
1.216542750929368,-5.275780111779476
1.2166047087980174,-2.7896676754624914
1.2166666666666666,4.596551472046485
1.216728624535316,4.183942144953722
1.2167905824039653,-3.396846692511608
1.2168525402726147,-4.833854788193317
1.2169144981412638,2.2496594262467635
1.2169764560099132,5.167120043994952
1.2170384138785626,-0.8863474810909542
1.217100371747212,-4.739483447184207
1.2171623296158611,-0.09873155986426985
1.2172242874845105,3.775808746477258
1.2172862453531599,0.19047715772740742
1.2173482032218093,-3.268571930127526
1.2174101610904584,-0.30628973749781424
1.2174721189591078,2.5792338377707025
1.2175340768277572,-0.10331062219474041
1.2175960346964065,-2.241305890027106
1.2176579925650557,0.8013190878983029
1.217719950433705,2.5517915094278654
1.2177819083023544,-1.1847222268562791
1.2178438661710038,-3.101549186447701
1.217905824039653,1.2374160396976377
1.2179677819083023,3.610214363423287
1.2180297397769517,-1.3702163886614875
1.218091697645601,-4.795593858512021
1.2181536555142503,0.3787028690835593
1.2182156133828996,5.214340520653834
1.218277571251549,0.5877767594088361
1.2183395291201982,-5.477488026098271
1.2184014869888475,-1.8492287800249783
1.218463444857497,5.2593954166287515
1.2185254027261463,3.1403016894450007
1.2185873605947954,-4.5674972732233945
1.2186493184634448,-4.376191483259385
1.2187112763320942,3.081510618027262
1.2187732342007436,4.5545974424824625
1.2188351920693927,-2.2580593989091016
1.218897149938042,-5.208042622626792
1.2189591078066915,0.5945808158345672
1.2190210656753409,4.791453387447641
1.21908302354399,0.4172222114805456
1.2191449814126394,-4.486051306423191
1.2192069392812888,-1.5561255906940397
1.2192688971499381,3.740370098404257
1.2193308550185873,2.2971807812824565
1.2193928128872367,-3.1456278423279835
1.219454770755886,-3.447699449472453
1.2195167286245354,1.4114592451985015
1.2195786864931846,3.1410101217899213
1.219640644361834,-0.6924698342842559
1.2197026022304833,-3.4507304092934805
1.2197645600991327,-0.9852430113488168
1.2198265179677819,2.288304416625451
1.2198884758364312,1.4997197543334952
1.2199504337050806,-1.3391033217501256
1.2200123915737298,-1.8441568386123153
1.2200743494423791,-0.12725611498550404
1.2201363073110285,0.8421557968424824
1.2201982651796779,0.2918809710352419
1.220260223048327,-0.5391478545591009
1.2203221809169764,-1.1085356234253876
1.2203841387856258,-1.201872949123198
1.2204460966542752,-0.1853325328326132
1.2205080545229243,1.1204478245875955
1.2205700123915737,0.5308603629552175
1.220631970260223,-1.557497837591076
1.2206939281288725,-1.7341271632944695
1.2207558859975216,0.7060927682122441
1.220817843866171,1.770392399817863
1.2208798017348204,-0.5948550230016234
1.2209417596034697,-2.518138665759584
1.2210037174721189,-0.7622376989313845
1.2210656753407683,1.4596599246232151
1.2211276332094176,0.1948639632477156
1.221189591078067,-2.1345438218118296
1.2212515489467162,-1.226253803982282
1.2213135068153655,1.2494265040247157
1.221375464684015,0.8311247758224106
1.2214374225526643,-1.5901709846757581
1.2214993804213135,-1.611591600677338
1.2215613382899628,0.6759045731682176
1.2216232961586122,1.188147083450742
1.2216852540272614,-0.8079058947949251
1.2217472118959107,-1.979021557362566
1.22180916976456,-0.9290396289630956
1.2218711276332095,0.34869291102631517
1.2219330855018586,0.4597251430473892
1.221995043370508,-0.2230729110777066
1.2220570012391574,-1.2911277985987741
1.2221189591078068,-1.785097227867823
1.222180916976456,-0.17124171436956348
1.2222428748451053,2.1363762504110504
1.2223048327137547,1.039681268548204
1.222366790582404,-3.021686415134317
1.2224287484510532,-3.5872395967236725
1.2224907063197026,1.3265879954190873
1.222552664188352,3.996919830847264
1.2226146220570013,-0.8377330965638966
1.2226765799256505,-5.765919478324006
1.2227385377942999,-2.1754575840231274
1.2228004956629492,4.518627512049694
1.2228624535315986,3.174011934399025
1.2229244114002478,-4.082315855458124
1.2229863692688971,-5.09812647829512
1.2230483271375465,1.7378577033133569
1.223110285006196,4.896781983607427
1.223172242874845,-0.6790068831057594
1.2232342007434944,-5.5227729400857335
1.2232961586121438,-2.0165431344874687
1.223358116480793,3.485031454271926
1.2234200743494423,2.1630269888939457
1.2234820322180917,-3.1281218477384387
1.223543990086741,-3.806247433242887
1.2236059479553902,0.5827527097043723
1.2236679058240396,3.02091783101005
1.223729863692689,0.4361184373057806
1.2237918215613384,-2.8429926633991522
1.2238537794299875,-2.391186413495557
1.223915737298637,0.6957952178819475
1.2239776951672863,2.179202886806272
1.2240396530359356,0.10482969569046663
1.2241016109045848,-2.928185367868865
1.2241635687732342,-2.7560396046965843
1.2242255266418836,0.791436328184622
1.224287484510533,2.816717725567957
1.224349442379182,0.020124038298655056
1.2244114002478315,-3.6352727402335203
1.2244733581164808,-2.265738925729018
1.2245353159851302,2.3852355566460037
1.2245972738537794,2.9677228568199974
1.2246592317224287,-1.6981648121933846
1.2247211895910781,-4.215030811188495
1.2247831474597275,-0.5169647997889988
1.2248451053283766,3.2527443282409787
1.224907063197026,0.8313323690421535
1.2249690210656754,-3.655258167626859
1.2250309789343246,-2.5946894227396107
1.225092936802974,2.2432561765568764
1.2251548946716233,2.6914703862692115
1.2252168525402727,-1.9268580176861936
1.2252788104089218,-3.616211607595239
1.2253407682775712,0.6466937840602668
1.2254027261462206,3.62378314357249
1.22546468401487,0.031283065884590705
1.2255266418835191,-4.328227704476639
1.2255885997521685,-2.1122853041026026
1.2256505576208179,3.1839290896030517
1.2257125154894672,2.81547299067105
1.2257744733581164,-2.758477262742505
1.2258364312267658,-4.4618729886697945
1.2258983890954152,0.6421879199307188
1.2259603469640645,4.5268642361295175
1.2260223048327137,1.0961233771427457
1.226084262701363,-4.124544499623301
1.2261462205700124,-2.9384867059350093
1.2262081784386618,2.5556601986484697
1.226270136307311,3.597404626553995
1.2263320941759603,-1.2647079566488129
1.2263940520446097,-4.224714983523557
1.226456009913259,-0.8608956958140247
1.2265179677819082,3.1765953205550455
1.2265799256505576,1.6599341711153377
1.226641883519207,-2.4279847901341878
1.2267038413878562,-2.3378263918726745
1.2267657992565055,1.4311222658903107
1.226827757125155,2.554182492152245
1.2268897149938043,-0.47313791444521147
1.2269516728624534,-2.3786595510891284
1.2270136307311028,-0.26843869812622323
1.2270755885997522,1.9635194982865745
1.2271375464684016,0.640998200000831
1.2271995043370507,-1.8105311357316647
1.2272614622057,-1.3949227226680732
1.2273234200743495,1.0452967138849734
1.2273853779429988,1.7507523807004917
1.227447335811648,-0.037582465415680555
1.2275092936802974,-1.5156610382988784
1.2275712515489468,-0.6393469911331453
1.2276332094175961,1.3840135358181378
1.2276951672862453,1.8290574009145715
1.2277571251548947,-0.16321769096917704
1.227819083023544,-2.104475404463691
1.2278810408921934,-1.016230642779862
1.2279429987608426,1.9070024173768232
1.228004956629492,2.1537244510670948
1.2280669144981413,-1.063922235576586
1.2281288723667907,-2.6258617191568474
1.2281908302354398,0.39437139432616886
1.2282527881040892,3.1999026645962547
1.2283147459727386,1.0553162904724298
1.2283767038413878,-2.2693919307351136
1.2284386617100371,-0.9666037497977933
1.2285006195786865,2.3535938984159284
1.2285625774473359,1.4808023221341726
1.228624535315985,-1.8057808134735238
1.2286864931846344,-1.140142773134341
1.2287484510532838,2.157490089450084
1.2288104089219332,1.4787462997353553
1.2288723667905823,-2.0838734640467154
1.2289343246592317,-1.3353126158262527
1.228996282527881,2.9922858831273658
1.2290582403965304,2.7967925034286463
1.2291201982651796,-2.086276039242983
1.229182156133829,-2.764529071467655
1.2292441140024783,2.331598152891017
1.2293060718711277,3.9917210089081383
1.2293680297397769,-0.9925280791253845
1.2294299876084263,-3.694700531762162
1.2294919454770756,0.6537373282937758
1.229553903345725,3.987131332717591
1.2296158612143742,0.42439888376030843
1.2296778190830235,-3.033269969503115
1.229739776951673,0.13455959143302157
1.2298017348203223,3.813416504989601
1.2298636926889714,0.9771358874070306
1.2299256505576208,-2.965601775411789
1.2299876084262702,-0.3537694478150597
1.2300495662949193,4.099993477418858
1.2301115241635687,1.802500355860713
1.230173482032218,-3.573737007301414
1.2302354399008675,-2.2916987913402527
1.2302973977695166,3.778716479650233
1.230359355638166,4.092586582369772
1.2304213135068154,-2.0027902225730063
1.2304832713754648,-4.024853502780228
1.230545229244114,1.4939048846405143
1.2306071871127633,5.249883467914795
1.2306691449814127,1.2162664629173856
1.230731102850062,-3.5990115225248367
1.2307930607187112,-1.528937592461061
1.2308550185873606,3.346380267469737
1.23091697645601,2.979239305575449
1.2309789343246593,-1.3968026168372198
1.2310408921933085,-2.424109864712891
1.2311028500619579,0.9892666122618763
1.2311648079306072,2.9158646133054265
1.2312267657992566,0.7039867182521264
1.2312887236679058,-1.4698040204685436
1.2313506815365551,-0.1538032508105549
1.2314126394052045,2.175183442371459
1.2314745972738539,1.7380585300942895
1.231536555142503,-0.6485286062747749
1.2315985130111524,-1.2658968403341155
1.2316604708798018,0.7632284702401089
1.231722428748451,2.3010079634910454
1.2317843866171003,0.868603143292475
1.2318463444857497,-1.5755713974266652
1.231908302354399,-1.2335134207294292
1.2319702602230482,1.8057430428688712
1.2320322180916976,3.1322495765763074
1.232094175960347,0.46482603951789525
1.2321561338289964,-2.3610913273748393
1.2322180916976455,-0.859489466747615
1.2322800495662949,2.9073129594654654
1.2323420074349443,3.095119782494499
1.2324039653035936,-0.838851905654128
1.2324659231722428,-3.056648226247476
1.2325278810408922,-0.23440502657885132
1.2325898389095415,3.406577309488611
1.232651796778191,2.5187181577311746
1.23271375464684,-1.518252789608031
1.2327757125154895,-2.7468156148860476
1.2328376703841388,0.7836135073318788
1.2328996282527882,4.105429593196889
1.2329615861214374,2.1452351498941487
1.2330235439900867,-2.66213343336332
1.233085501858736,-3.0360750108183328
1.2331474597273855,2.2475610038722778
1.2332094175960346,5.078625819735851
1.233271375464684,0.03323054488405308
1.2333333333333334,-5.465539575759929
1.2333952912019825,-1.7080753522570697
1.233457249070632,6.248598892686059
1.2335192069392813,4.9401195862982705
1.2335811648079307,-4.61315597545679
1.2336431226765798,-6.4947697478062185
1.2337050805452292,3.5883454721068984
1.2337670384138786,9.220184017998381
1.233828996282528,0.16505127826778399
1.233890954151177,-9.181865413834295
1.2339529120198265,-3.1214286084921197
1.2340148698884759,8.588782400454887
1.2340768277571252,6.675229773893519
1.2341387856257744,-5.569694548530339
1.2342007434944238,-8.193807858609414
1.2342627013630731,2.461166601879395
1.2343246592317225,9.021360412689578
1.2343866171003717,2.001225073964067
1.234448574969021,-6.589640960779823
1.2345105328376704,-4.045846671505601
1.2345724907063198,4.346473795395339
1.234634448574969,5.849628481560084
1.2346964064436183,-0.6538309094745351
1.2347583643122677,-5.18674109254505
1.234820322180917,-1.8544825177889868
1.2348822800495662,3.924595028064714
1.2349442379182156,3.855260576392099
1.235006195786865,-1.6179064499096776
1.2350681536555141,-4.044137614658025
1.2351301115241635,0.3974816472681555
1.235192069392813,4.589635639720938
1.2352540272614623,1.5868654884501416
1.2353159851301114,-3.6008383401299526
1.2353779429987608,-2.100373046818322
1.2354399008674102,3.375546404320604
1.2355018587360596,3.007808222522187
1.2355638166047087,-2.643970224357331
1.235625774473358,-3.470098022659183
1.2356877323420075,1.9979817734254883
1.2357496902106568,3.9856345706116487
1.235811648079306,-0.7889899232781175
1.2358736059479554,-3.534121401513779
1.2359355638166047,0.36847769336094993
1.2359975216852541,3.5648895038834993
1.2360594795539033,0.7233856574839959
1.2361214374225526,-2.4682511464123045
1.236183395291202,-0.7074269399213158
1.2362453531598514,1.8346158093259917
1.2363073110285006,0.5272458687324177
1.23636926889715,-1.4199314658557467
1.2364312267657993,-0.20852767722416332
1.2364931846344487,1.389318989904973
1.2365551425030978,0.18364088052624572
1.2366171003717472,-1.2575664369583393
1.2366790582403966,-0.004542962334686873
1.2367410161090457,1.6651117120950998
1.2368029739776951,0.7974818461124935
1.2368649318463445,-1.0460021367337227
1.2369268897149939,-1.0263235538986164
1.236988847583643,0.3796843232982634
1.2370508054522924,0.9921786459616069
1.2371127633209418,0.30579304736575086
1.2371747211895912,-0.6555631240204056
1.2372366790582403,-0.8956306211325358
1.2372986369268897,-0.0866881870468933
1.237360594795539,1.0030787468581361
1.2374225526641884,1.012496965190099
1.2374845105328376,-0.12730166337821558
1.237546468401487,-0.8938052548205065
1.2376084262701363,-0.4098090502909568
1.2376703841387857,0.5381085843369158
1.2377323420074349,0.9329926121030998
1.2377942998760842,0.3630137503156612
1.2378562577447336,-0.9926662769394674
1.237918215613383,-1.6456279033142398
1.2379801734820322,0.04822955814570262
1.2380421313506815,2.3313852178024304
1.238104089219331,1.2610849939568907
1.2381660470879803,-2.273997781411188
1.2382280049566294,-2.30759348248033
1.2382899628252788,2.040319558756239
1.2383519206939282,3.5177341338832573
1.2384138785625773,-1.0147836729170026
1.2384758364312267,-3.9992855246104906
1.238537794299876,-0.06587326446579223
1.2385997521685255,3.861194320157076
1.2386617100371746,0.7138876870183255
1.238723667905824,-3.764020165082621
1.2387856257744734,-1.4641279940273302
1.2388475836431228,3.292253172039418
1.238909541511772,2.005695098364769
1.2389714993804213,-2.470887783953708
1.2390334572490707,-1.9192363236762768
1.23909541511772,2.0360708139982386
1.2391573729863692,1.9684432590627297
1.2392193308550186,-1.3389674591806209
1.239281288723668,-1.6066068171811632
1.2393432465923173,0.72620342104545
1.2394052044609665,0.72837896270455
1.2394671623296158,-0.8252707962641275
1.2395291201982652,-0.1407032109771742
1.2395910780669146,1.122670660782294
1.2396530359355638,-0.24653765459250998
1.2397149938042131,-1.5248117923381324
1.2397769516728625,0.5538661569964638
1.2398389095415119,2.3879197845995823
1.239900867410161,0.0711211023647017
1.2399628252788104,-2.5479962997941286
1.2400247831474598,-0.7523121582831627
1.240086741016109,2.169621228670068
1.2401486988847583,1.1242768355280894
1.2402106567534077,-1.6365922099796042
1.240272614622057,-1.371253139641866
1.2403345724907062,0.7200443520766164
1.2403965303593556,1.0044646115927593
1.240458488228005,0.1194179519891092
1.2405204460966544,0.11727942491851018
1.2405824039653035,0.043055111882588815
1.2406443618339529,-0.7648276068377635
1.2407063197026023,-0.3072811301954804
1.2407682775712516,1.3737800858323026
1.2408302354399008,0.9873036831840278
1.2408921933085502,-1.5441102294930948
1.2409541511771995,-1.877050523552458
1.241016109045849,0.91490929858599
1.241078066914498,2.1834749209036337
1.2411400247831474,-0.09184399123238773
1.2412019826517968,-1.8638117409720165
1.2412639405204462,-0.3647199211607919
1.2413258983890954,1.5779417906955087
1.2413878562577447,1.0809715381503175
1.241449814126394,-0.5300964523949687
1.2415117719950435,-1.0319888541495938
1.2415737298636926,-0.3808661928743753
1.241635687732342,0.5704792635474402
1.2416976456009914,0.9547107021346883
1.2417596034696405,-0.09496292971755338
1.24182156133829,-1.529697642490898
1.2418835192069393,-0.6942699381298679
1.2419454770755887,1.8389177531728749
1.2420074349442378,1.8084240169209473
1.2420693928128872,-1.3464317090936984
1.2421313506815366,-2.3111805837564914
1.242193308550186,0.9908807732973672
1.242255266418835,2.929330100626164
1.2423172242874845,-0.14540896408002096
1.2423791821561339,-3.0814793564044765
1.2424411400247832,-0.9478780190705576
1.2425030978934324,2.3614900639963743
1.2425650557620818,1.4475282887544152
1.2426270136307311,-1.4018778404133672
1.2426889714993805,-1.412126117026817
1.2427509293680297,0.4268268401655034
1.242812887236679,0.925947095944831
1.2428748451053284,0.6577992180499741
1.2429368029739778,0.6561797339966908
1.242998760842627,-0.6190896323231951
1.2430607187112763,-2.298532951228837
1.2431226765799257,-0.45887216633026157
1.243184634448575,3.341135243592891
1.2432465923172242,2.0239455524376577
1.2433085501858736,-3.9160404542208864
1.243370508054523,-4.390554193166992
1.2434324659231721,3.025909561730112
1.2434944237918215,6.432753570313035
1.2435563816604709,-0.8894453513858254
1.2436183395291203,-7.327250138131524
1.2436802973977694,-1.6187101598811684
1.2437422552664188,7.186196440523208
1.2438042131350682,4.199482316805376
1.2438661710037175,-5.930540956662796
1.2439281288723667,-6.5034967331911915
1.243990086741016,3.230581336656364
1.2440520446096655,7.109104790976687
1.2441140024783148,-0.8076783716414384
1.244175960346964,-7.055796260565998
1.2442379182156134,-1.726220716876169
1.2442998760842627,5.875093255231549
1.244361833952912,3.617623606877641
1.2444237918215613,-4.01739925830821
1.2444857496902106,-4.646620653354784
1.24454770755886,1.8369441382602578
1.2446096654275094,4.522136627540595
1.2446716232961585,-0.33747839234997673
1.244733581164808,-4.450177880117749
1.2447955390334573,-1.6713515474745693
1.2448574969021067,2.9678885754925046
1.2449194547707558,2.3366984960828834
1.2449814126394052,-1.8654054569235128
1.2450433705080546,-2.8920787330777182
1.2451053283767037,0.38161722225356387
1.245167286245353,2.6125092921924047
1.2452292441140025,0.6628498878780541
1.2452912019826519,-2.1936357993507434
1.245353159851301,-1.8470260491738486
1.2454151177199504,0.7023780828467976
1.2454770755885998,1.4839375870266853
1.2455390334572491,-0.3841854988091138
1.2456009913258983,-1.8393069919909735
1.2456629491945477,-0.8182297391087747
1.245724907063197,0.8531933159037834
1.2457868649318464,0.7020582311073411
1.2458488228004956,-0.5802356984800849
1.245910780669145,-0.7690791209442769
1.2459727385377943,0.03593999233067602
1.2460346964064437,0.030322349268629534
1.2460966542750929,-0.7065469959374052
1.2461586121437422,-0.4979881119461076
1.2462205700123916,0.35860912312952004
1.246282527881041,-0.11619060631428568
1.2463444857496901,-1.5182653188424426
1.2464064436183395,-1.1818212147743328
1.246468401486989,0.8846240260230154
1.2465303593556383,1.3392796091142705
1.2465923172242874,-0.8259862790102659
1.2466542750929368,-2.1842211024446825
1.2467162329615862,-0.5027993169744145
1.2467781908302353,1.5188720762844259
1.2468401486988847,0.7546739728942415
1.246902106567534,-1.5244557805610768
1.2469640644361835,-2.1269029387517913
1.2470260223048326,-0.6090275954829667
1.247087980173482,0.9361175181408932
1.2471499380421314,0.8361827762542764
1.2472118959107807,-0.8261022054200542
1.24727385377943,-2.221220542974921
1.2473358116480793,-1.150998863187533
1.2473977695167286,1.6000553793662138
1.247459727385378,1.916183021291404
1.2475216852540272,-1.5045836818181826
1.2475836431226766,-3.6020113783496717
1.247645600991326,-0.5214539911928497
1.2477075588599753,2.9399860737395276
1.2477695167286245,0.634029972877
1.2478314745972738,-3.8218979297711866
1.2478934324659232,-2.6360429991659613
1.2479553903345726,2.2784343114978878
1.2480173482032217,2.3176654973574546
1.2480793060718711,-2.387461745721322
1.2481412639405205,-3.2086621923147156
1.2482032218091699,1.147496594763497
1.248265179677819,2.450088234962574
1.2483271375464684,-1.5820137778632084
1.2483890954151178,-3.25603274736995
1.248451053283767,0.32530747977380375
1.2485130111524163,1.988696653976634
1.2485749690210657,-1.4582887573122572
1.248636926889715,-3.127378385055774
1.2486988847583642,0.3983053299695225
1.2487608426270136,2.278345499104773
1.248822800495663,-1.273408304665136
1.2488847583643123,-3.360193008007926
1.2489467162329615,0.40371258251045994
1.2490086741016109,3.047874356427649
1.2490706319702602,-0.8125207002476806
1.2491325898389096,-4.421224045165028
1.2491945477075588,-1.031930160986904
1.2492565055762082,3.455853742772475
1.2493184634448575,0.9084904440282985
1.249380421313507,-4.3774462415543
1.249442379182156,-3.200170352399362
1.2495043370508054,2.495649814945061
1.2495662949194548,3.2114693514401615
1.2496282527881042,-1.9355164551915136
1.2496902106567533,-4.314063842883822
1.2497521685254027,-0.3714961623154311
1.249814126394052,3.2217275613029877
1.2498760842627015,0.9263375869427718
1.2499380421313506,-3.318571994576756
1.25,-3.0154258989087595
1.2500619578686494,0.9379946962389536
1.2501239157372985,2.2828744496697264
1.250185873605948,-0.8006751364185469
1.2502478314745973,-3.212446119519562
1.2503097893432467,-1.106921309110012
1.2503717472118958,2.0677528802979266
1.2504337050805452,1.1851656724474275
1.2504956629491946,-2.1678323255274505
1.250557620817844,-2.3498086084034946
1.250619578686493,0.8086629792991609
1.2506815365551425,1.7692829924742601
1.2507434944237918,-1.1153214564898017
1.2508054522924412,-2.8513990772891273
1.2508674101610904,-0.6110736008456816
1.2509293680297398,1.6044197015276345
1.2509913258983891,0.29587007784602015
1.2510532837670385,-1.8147705561794014
1.2511152416356877,-1.2575349515483334
1.251177199504337,0.4718186113270839
1.2512391573729864,0.6150139694443026
1.2513011152416358,-0.20152126307671248
1.251363073110285,-0.5262000921889409
1.2514250309789343,-0.8759390290998272
1.2514869888475837,-1.2059432317352254
1.251548946716233,-0.13709070884126673
1.2516109045848822,1.2599408537649792
1.2516728624535316,0.07275206941285384
1.251734820322181,-2.484543022737529
1.2517967781908301,-1.802976712677248
1.2518587360594795,1.787185531221033
1.2519206939281289,2.4350406363812547
1.2519826517967783,-1.2425986471688
1.2520446096654274,-3.2048162836779053
1.2521065675340768,-0.22043290576813024
1.2521685254027262,2.5936502788245424
1.2522304832713755,0.7118336819342073
1.2522924411400247,-2.398022023257131
1.252354399008674,-1.8407350222751067
1.2524163568773234,0.7593544091902644
1.2524783147459728,1.1789755298692257
1.252540272614622,-0.3278684609735061
1.2526022304832714,-0.8856927582842158
1.2526641883519207,-0.2442586196769897
1.25272614622057,0.1079283269791177
1.2527881040892193,0.16011616864606104
1.2528500619578686,0.3853037034886841
1.252912019826518,0.09632593095135167
1.2529739776951674,-0.7819342733905783
1.2530359355638165,-0.8269927403867494
1.253097893432466,0.25231203579827755
1.2531598513011153,0.7142307041706963
1.2532218091697647,-0.18056590380156745
1.2532837670384138,-0.8687893837828755
1.2533457249070632,-0.26408264946079485
1.2534076827757126,0.6341195096447831
1.2534696406443617,0.6934123932039108
1.253531598513011,0.10472323238142217
1.2535935563816605,-0.45651240140414795
1.2536555142503099,-0.4647337914841748
1.253717472118959,0.29966839008689083
1.2537794299876084,0.9353666757639858
1.2538413878562578,0.09720709910930192
1.2539033457249071,-1.335922485022083
1.2539653035935563,-0.7734718374423802
1.2540272614622057,1.4496313179591982
1.254089219330855,1.6293328539829282
1.2541511771995044,-0.9378592095819858
1.2542131350681536,-1.8254193328204655
1.254275092936803,0.9891942991689802
1.2543370508054523,2.8059153655798683
1.2543990086741017,0.12514815645410726
1.2544609665427509,-2.631105555717982
1.2545229244114002,-0.5514552054496069
1.2545848822800496,2.778961890476546
1.254646840148699,1.3908906679044999
1.2547087980173481,-2.2956599653092655
1.2547707558859975,-1.6622173813775094
1.254832713754647,2.2209888305028924
1.2548946716232963,2.5361228746206352
1.2549566294919454,-1.0372451038482522
1.2550185873605948,-1.9693164393313887
1.2550805452292442,1.2516955656000563
1.2551425030978933,2.700365423985408
1.2552044609665427,-0.08374036978939636
1.255266418835192,-2.0019717119539924
1.2553283767038415,0.09425206517304469
1.2553903345724906,2.1266256691182286
1.25545229244114,0.6396779212574009
1.2555142503097894,-1.3092541742703685
1.2555762081784387,-0.2824164895495087
1.255638166047088,1.5877837020710444
1.2557001239157373,1.1368979889479047
1.2557620817843866,-0.2982237179340408
1.255824039653036,-0.08833005587331222
1.2558859975216852,0.9421951968423151
1.2559479553903345,0.7821770808001054
1.256009913258984,0.007141907262017078
1.2560718711276333,0.05825158136624431
1.2561338289962825,0.46393478079787287
1.2561957868649318,0.33518894303768
1.2562577447335812,0.2014504976200029
1.2563197026022306,0.4853476907306318
1.2563816604708797,0.510864037405447
1.2564436183395291,0.2492388188010891
1.2565055762081785,0.5658575243073434
1.2565675340768279,1.0785829676144107
1.256629491945477,0.5498675249286247
1.2566914498141264,-0.35129750232152623
1.2567534076827758,0.1499786041917106
1.256815365551425,1.3614138376659777
1.2568773234200743,0.9359547133248621
1.2569392812887237,-0.7162730401370823
1.257001239157373,-0.7427783719791898
1.2570631970260222,1.1386659245344055
1.2571251548946716,1.9407672799211533
1.257187112763321,0.4160268721606699
1.2572490706319703,-0.9502462528497111
1.2573110285006195,-0.054139199137968996
1.2573729863692689,1.7263669719193793
1.2574349442379182,1.8350863252287681
1.2574969021065676,0.04834849392504781
1.2575588599752168,-1.3517182971162407
1.2576208178438661,-0.3660102656074238
1.2576827757125155,1.930948258059899
1.257744733581165,2.1441577420150177
1.257806691449814,-0.5854775076770189
1.2578686493184634,-2.208414541685645
1.2579306071871128,0.44601471924117053
1.2579925650557622,3.6205201297063736
1.2580545229244113,1.8907238215728022
1.2581164807930607,-2.2920590072685787
1.25817843866171,-1.9137996209651964
1.2582403965303595,2.5266995442849853
1.2583023543990086,3.4506351777473796
1.258364312267658,-0.6850218489090599
1.2584262701363074,-2.8072659012598136
1.2584882280049565,0.221571587699821
1.258550185873606,2.7653946592796532
1.2586121437422553,1.1483706999529382
1.2586741016109046,-0.7783250861472893
1.2587360594795538,-0.14198924725937578
1.2587980173482032,0.5211591876231227
1.2588599752168526,0.23746271600678837
1.258921933085502,1.332980059055495
1.258983890954151,2.317468093337752
1.2590458488228005,-0.4888567028456283
1.2591078066914498,-3.4584350339345646
1.2591697645600992,-0.02110620738291713
1.2592317224287484,5.388040417578998
1.2592936802973977,2.5001581032507447
1.2593556381660471,-5.289201552498266
1.2594175960346965,-4.182355017336201
1.2594795539033456,5.325628340857518
1.259541511771995,7.091122661939921
1.2596034696406444,-2.637844276485792
1.2596654275092938,-7.381394136507161
1.259727385377943,1.110360465587317
1.2597893432465923,8.138364340846337
1.2598513011152417,1.7824293063922538
1.259913258983891,-6.665799118923721
1.2599752168525402,-3.151343169756241
1.2600371747211896,5.3209481956797955
1.260099132589839,4.465041100549653
1.2601610904584881,-2.9184656639788793
1.2602230483271375,-4.004760952467474
1.2602850061957869,1.7955718320331269
1.2603469640644362,4.23933168614567
1.2604089219330854,0.42466672838539066
1.2604708798017348,-2.642606810984678
1.2605328376703842,-0.9533556364451606
1.2605947955390335,1.9204116586143998
1.2606567534076827,2.02940045297279
1.260718711276332,-0.29819059119822566
1.2607806691449814,-2.166951472519467
1.2608426270136308,-1.0384164682829944
1.26090458488228,2.224303926788128
1.2609665427509293,2.938834462668324
1.2610285006195787,-0.9029586335023454
1.261090458488228,-3.626912245794303
1.2611524163568772,0.046913188577014014
1.2612143742255266,4.807794130709014
1.261276332094176,2.1924505972284996
1.2613382899628254,-4.299145632080198
1.2614002478314745,-3.752995692223533
1.261462205700124,3.37548547682468
1.2615241635687733,5.107292546893321
1.2615861214374227,-1.7127555495694402
1.2616480793060718,-5.6391075751099216
1.2617100371747212,-0.022142084727728162
1.2617719950433706,5.743600888465344
1.2618339529120197,2.231930427755388
1.261895910780669,-4.4456117308737415
1.2619578686493185,-3.3341943965491483
1.2620198265179678,3.3783407730230772
1.262081784386617,4.598893608671593
1.2621437422552664,-1.5390904643969674
1.2622057001239158,-5.152142021384258
1.2622676579925651,-0.5454551621141269
1.2623296158612143,4.966155472322183
1.2623915737298637,2.5617240952473037
1.262453531598513,-4.191259556550103
1.2625154894671624,-4.4576429751866575
1.2625774473358116,2.848912039030421
1.262639405204461,6.365115521914484
1.2627013630731103,-0.21303943401451786
1.2627633209417597,-6.9585496186446525
1.2628252788104088,-2.540194083980814
1.2628872366790582,6.663059203039259
1.2629491945477076,5.417002334343691
1.263011152416357,-5.239743920852065
1.2630731102850061,-8.106068485044709
1.2631350681536555,2.2758304708366985
1.2631970260223049,9.369708232566634
1.2632589838909543,1.1847781246873446
1.2633209417596034,-9.197045585863751
1.2633828996282528,-4.503905195286922
1.2634448574969022,7.872790721407454
1.2635068153655513,7.56942131138724
1.2635687732342007,-5.051396414790976
1.26363073110285,-9.319626747202289
1.2636926889714994,1.5645557280488471
1.2637546468401486,9.460258312972153
1.263816604708798,1.5436366444689325
1.2638785625774474,-8.771950748621554
1.2639405204460967,-4.594426078397665
1.2640024783147459,6.7162651425380835
1.2640644361833953,6.592421791385246
1.2641263940520446,-4.000269462101962
1.264188351920694,-7.284443473128599
1.2642503097893432,1.4494525505165972
1.2643122676579925,7.204202314454157
1.264374225526642,1.0194823192690863
1.2644361833952913,-6.203665737894653
1.2644981412639404,-3.0709033913520916
1.2645600991325898,4.203575704381219
1.2646220570012392,3.805799308670204
1.2646840148698886,-2.4295785263761758
1.2647459727385377,-4.007423067800405
1.264807930607187,0.6092471495888615
1.2648698884758365,3.4182150032265426
1.2649318463444859,0.9064965981205113
1.264993804213135,-1.9613750272082662
1.2650557620817844,-1.3049826041952737
1.2651177199504338,0.6649544353784165
1.265179677819083,1.0513072667569194
1.2652416356877323,0.27334562787211214
1.2653035935563817,-0.45923677208133973
1.265365551425031,-0.9753675524636194
1.2654275092936802,-0.7459516454644113
1.2654894671623296,0.6451249194557913
1.265551425030979,1.570722596527797
1.2656133828996283,0.28806462744809913
1.2656753407682775,-1.5712033858340742
1.2657372986369269,-0.9730373303321398
1.2657992565055762,1.4092196799538241
1.2658612143742256,1.8615771387461375
1.2659231722428748,-0.44651191017786956
1.2659851301115241,-2.0554705116514844
1.2660470879801735,-0.6734547550066124
1.266109045848823,1.4350756799920061
1.266171003717472,1.2344358121419798
1.2662329615861214,-0.615485800313384
1.2662949194547708,-1.2894854654802068
1.2663568773234202,-0.07489740316261663
1.2664188351920693,1.1569414308742636
1.2664807930607187,0.9714712746393925
1.266542750929368,-0.06738890246834656
1.2666047087980175,-0.692338580274037
1.2666666666666666,-0.4145030337826875
1.266728624535316,0.3367540871525768
1.2667905824039654,0.714429778388707
1.2668525402726145,0.20057244340728292
1.266914498141264,-0.6390465900443365
1.2669764560099133,-0.6268646969048846
1.2670384138785626,0.33946293995395327
1.2671003717472118,0.9475387775960523
1.2671623296158612,0.4426062572461633
1.2672242874845105,-0.2363644923649426
1.26728624535316,-0.148001568922917
1.267348203221809,0.21725070001257496
1.2674101610904585,0.23550011378555624
1.2674721189591078,0.2714976876257589
1.2675340768277572,0.37168541226135976
1.2675960346964064,-0.19942472605660244
1.2676579925650557,-0.9331099748405207
1.2677199504337051,-0.15486473298984482
1.2677819083023545,1.505977803683621
1.2678438661710036,1.1254182937094261
1.267905824039653,-1.2016504028198707
1.2679677819083024,-1.408039402438965
1.2680297397769518,1.4837742213037601
1.268091697645601,2.5861586739762648
1.2681536555142503,-0.5671797093074371
1.2682156133828997,-2.793331924961
1.268277571251549,0.05843075750677457
1.2683395291201982,3.1566723430089363
1.2684014869888476,0.7996909931310119
1.268463444857497,-3.0549882705601727
1.2685254027261461,-1.431696962272634
1.2685873605947955,3.037926439288939
1.2686493184634449,2.5465653113106703
1.2687112763320942,-1.945006272929992
1.2687732342007434,-2.46688771140688
1.2688351920693928,1.6945152216546138
1.2688971499380421,3.0410172524420265
1.2689591078066915,-0.5522059632553662
1.2690210656753407,-2.555185003275613
1.26908302354399,0.10325035006869543
1.2691449814126394,2.149316265541187
1.2692069392812888,0.21048930890472672
1.269268897149938,-1.5422884302938649
1.2693308550185873,0.11686369009139813
1.2693928128872367,1.6966911122119794
1.269454770755886,0.16683020327002673
1.2695167286245352,-1.3094120653451022
1.2695786864931846,0.32748401863874754
1.269640644361834,2.0893026454305046
1.2697026022304834,0.45488547448526884
1.2697645600991325,-2.0450809658541864
1.269826517967782,-1.135453426793427
1.2698884758364313,1.802233614066426
1.2699504337050807,2.0166172181991735
1.2700123915737298,-0.8623814284857683
1.2700743494423792,-2.370613533890397
1.2701363073110286,-0.19030692241514946
1.2701982651796777,2.5277141637693052
1.270260223048327,1.9278845903823982
1.2703221809169765,-1.122077603069256
1.2703841387856258,-2.3616087889466835
1.270446096654275,-0.04992836195879591
1.2705080545229244,2.550206023918994
1.2705700123915737,1.5855032904161726
1.2706319702602231,-1.8079695040025707
1.2706939281288723,-2.740250635940273
1.2707558859975217,0.38762385718170445
1.270817843866171,3.0807689019160556
1.2708798017348204,1.1747408960093564
1.2709417596034696,-2.5300876837386097
1.271003717472119,-2.1479385377217426
1.2710656753407683,1.9567417329855874
1.2711276332094177,3.2297457417525814
1.2711895910780668,-0.6524878332175295
1.2712515489467162,-3.54230748246195
1.2713135068153656,-0.6258911556624764
1.271375464684015,3.2905563462091254
1.2714374225526641,1.4942146478889182
1.2714993804213135,-3.132342547017086
1.2715613382899629,-2.682892658063391
1.2716232961586122,2.229438904572784
1.2716852540272614,3.326958121615318
1.2717472118959108,-1.1274181946173596
1.2718091697645602,-3.4363524786121196
1.2718711276332093,0.08751356022886847
1.2719330855018587,3.0857627810413994
1.271995043370508,0.6783915999182575
1.2720570012391574,-2.5195173516859675
1.2721189591078066,-1.406313986395163
1.272180916976456,1.070671843798336
1.2722428748451053,0.5898366758458824
1.2723048327137547,-0.8329132561084254
1.2723667905824039,-0.15538195634172292
1.2724287484510532,0.4866166760252316
1.2724907063197026,-0.9160788566638607
1.272552664188352,-1.2788184511747467
1.2726146220570012,1.179159718334672
1.2726765799256505,2.128208489882863
1.2727385377943,-1.0966462162186146
1.2728004956629493,-3.4766897223286524
1.2728624535315984,-0.6512820394584025
1.2729244114002478,2.953030257803875
1.2729863692688972,1.3822377282155427
1.2730483271375466,-2.8370450072630877
1.2731102850061957,-3.1533457852883275
1.273172242874845,0.5932547335228456
1.2732342007434945,2.8650900095446747
1.2732961586121438,0.9691119209467791
1.273358116480793,-2.2742146450379437
1.2734200743494424,-2.9342101715461952
1.2734820322180918,-0.15420586118363855
1.273543990086741,2.8201192093528227
1.2736059479553903,1.6127543378114333
1.2736679058240397,-3.069852335598708
1.273729863692689,-4.504556859630286
1.2737918215613382,0.4296574037152603
1.2738537794299876,4.618461896072949
1.273915737298637,0.9112548959197766
1.2739776951672863,-5.263083111001448
1.2740396530359355,-3.657781895998891
1.2741016109045848,3.5032761863293977
1.2741635687732342,4.511196429079937
1.2742255266418836,-2.3496072608541607
1.2742874845105328,-5.9115885351894955
1.2743494423791821,-0.7728153879744671
1.2744114002478315,4.327182052399719
1.2744733581164809,1.5186147314240255
1.27453531598513,-4.0988216449134
1.2745972738537794,-3.924223925617833
1.2746592317224288,0.9782604863333318
1.2747211895910782,3.210856561396512
1.2747831474597273,0.3393579070877871
1.2748451053283767,-3.1772843913111712
1.274907063197026,-2.912386459185439
1.2749690210656754,0.5329710089521418
1.2750309789343246,2.7335064639001163
1.275092936802974,0.56139666011114
1.2751548946716234,-3.522202846570477
1.2752168525402725,-3.838310359642117
1.2752788104089219,0.5545227300187039
1.2753407682775713,3.5300534106569543
1.2754027261462206,0.4891611416331667
1.2754646840148698,-4.322608417730856
1.2755266418835192,-3.7373378983061003
1.2755885997521685,1.6377360605266402
1.275650557620818,4.143725366229268
1.275712515489467,0.04154153966171903
1.2757744733581164,-5.123658356127715
1.2758364312267658,-4.0139590649497645
1.2758983890954152,2.228324131185134
1.2759603469640644,4.739275527378164
1.2760223048327137,-0.9016989966422377
1.276084262701363,-6.980152923433472
1.2761462205700125,-3.6939247215199416
1.2762081784386616,5.030676406633639
1.276270136307311,5.5268232157249315
1.2763320941759604,-3.997170262119477
1.2763940520446098,-8.53040605003908
1.276456009913259,0.07884185384341413
1.2765179677819083,8.214389793497023
1.2765799256505577,1.9614208110889124
1.276641883519207,-8.87002362862404
1.2767038413878562,-6.2069526977176395
1.2767657992565056,5.667629322050286
1.276827757125155,6.881670014293607
1.276889714993804,-4.441114024984361
1.2769516728624535,-9.15048714162333
1.2770136307311029,0.37638411182291986
1.2770755885997522,7.965563753484783
1.2771375464684014,1.5041059912765085
1.2771995043370508,-7.574079384517724
1.2772614622057001,-4.681686742017089
1.2773234200743495,4.343161579936374
1.2773853779429987,4.771393007352436
1.277447335811648,-2.968811501800181
1.2775092936802974,-6.156151236203133
1.2775712515489468,-0.8733368425622801
1.277633209417596,3.8465213005268977
1.2776951672862453,1.586573301484988
1.2777571251548947,-3.0655507060253173
1.277819083023544,-3.354505548723309
1.2778810408921932,0.2136745141178447
1.2779429987608426,2.3629997078301836
1.278004956629492,0.7012862085596244
1.2780669144981414,-2.1336924357689204
1.2781288723667905,-2.5585255036963948
1.27819083023544,-0.35563286802023697
1.2782527881040893,1.4317066413957142
1.2783147459727386,0.5013916217719161
1.2783767038413878,-1.7514186850471647
1.2784386617100372,-2.191371807894689
1.2785006195786865,-0.23093830262925152
1.2785625774473357,1.453429460576439
1.278624535315985,0.6653887675456842
1.2786864931846345,-1.379045710727072
1.2787484510532838,-1.82076331933809
1.278810408921933,-0.09199404662936317
1.2788723667905824,1.2819602566525123
1.2789343246592317,0.20997896920174336
1.2789962825278811,-1.819241774881167
1.2790582403965303,-1.7187984499440057
1.2791201982651796,0.4732476019256947
1.279182156133829,1.3625237232744807
1.2792441140024784,-0.5021092090194232
1.2793060718711275,-2.016075388741979
1.279368029739777,-0.4361197338602918
1.2794299876084263,1.8120508592085167
1.2794919454770757,0.8659331772592131
1.2795539033457248,-1.9377550256450367
1.2796158612143742,-1.895338994919033
1.2796778190830236,1.152122228023857
1.279739776951673,2.1167237450530747
1.2798017348203221,-0.9490602490834692
1.2798636926889715,-3.1553289292826756
1.2799256505576209,-0.5720889552433315
1.2799876084262702,2.938486764461044
1.2800495662949194,1.6398843430351773
1.2801115241635688,-2.517986690607946
1.2801734820322181,-2.6808629041832224
1.2802354399008673,1.6618658794040768
1.2802973977695167,3.48323111156794
1.280359355638166,-0.3271995013368403
1.2804213135068154,-3.617919705933529
1.2804832713754646,-1.0417866591384
1.280545229244114,3.018912560726852
1.2806071871127633,1.8218292027682663
1.2806691449814127,-2.3954961850696153
1.2807311028500619,-2.387727953990374
1.2807930607187112,1.7102080853015011
1.2808550185873606,2.8815293507928357
1.28091697645601,-0.5757737804098393
1.2809789343246591,-2.440699620142939
1.2810408921933085,0.3897452189726174
1.281102850061958,2.791549328013133
1.2811648079306073,0.6261948317839936
1.2812267657992564,-2.3118107717426835
1.2812887236679058,-1.1581281364169933
1.2813506815365552,1.966272145926505
1.2814126394052046,2.014214841159384
1.2814745972738537,-0.7847604241416017
1.281536555142503,-1.9433125094144834
1.2815985130111525,0.14810595560448947
1.2816604708798018,2.415238582322739
1.281722428748451,1.8520769128399444
1.2817843866171004,-0.7116274001565548
1.2818463444857497,-1.9033101745362067
1.281908302354399,0.0034985948237312714
1.2819702602230483,2.5773852484745223
1.2820322180916977,1.9854774753671163
1.282094175960347,-1.3574447142985457
1.2821561338289962,-2.548430441281761
1.2822180916976456,0.5785075705723253
1.282280049566295,3.475494021074618
1.2823420074349443,1.6633230034454383
1.2824039653035935,-1.9584171264694294
1.2824659231722428,-1.660608193230091
1.2825278810408922,1.8949756129590678
1.2825898389095416,3.038538329602283
1.2826517967781907,0.33794061751740134
1.2827137546468401,-1.7635069507179428
1.2827757125154895,-0.5053879358131976
1.2828376703841389,1.6045253941015503
1.282899628252788,1.6318383867207489
1.2829615861214374,0.1766287748735621
1.2830235439900868,-0.6540946202611617
1.2830855018587362,-0.08596870147117719
1.2831474597273853,1.2273904579227526
1.2832094175960347,1.8897548341820292
1.283271375464684,0.8204598344553392
1.2833333333333334,-0.8596694570210537
1.2833952912019826,-0.5178998507317167
1.283457249070632,1.7721221082836378
1.2835192069392813,2.3477591249657177
1.2835811648079305,-0.2877252748003951
1.2836431226765799,-2.142649024943396
1.2837050805452292,0.1807168193229124
1.2837670384138786,3.3304320972410313
1.2838289962825278,2.1183152271714314
1.2838909541511772,-1.7674578615740606
1.2839529120198265,-2.008312542568102
1.284014869888476,2.1044949591873534
1.284076827757125,4.144928517890094
1.2841387856257744,0.6884184244460319
1.2842007434944238,-3.018851254102514
1.2842627013630732,-1.182732633217136
1.2843246592317223,3.305609216043732
1.2843866171003717,3.317529814725841
1.284448574969021,-1.16042948491408
1.2845105328376705,-2.913947729295229
1.2845724907063196,0.863082951434988
1.284634448574969,3.9790104182893216
1.2846964064436184,1.4989244273302447
1.2847583643122678,-2.0921328188520616
1.284820322180917,-0.7236465503729909
1.2848822800495663,2.825564058893786
1.2849442379182157,2.1193100412079913
1.285006195786865,-1.3702789032618017
1.2850681536555142,-1.1678366878284803
1.2851301115241636,2.166063448521136
1.285192069392813,2.1571244724541203
1.285254027261462,-1.2787673320528454
1.2853159851301115,-1.5108382368586204
1.2853779429987608,2.22300402814235
1.2854399008674102,3.0797047147788352
1.2855018587360594,-0.6036634482682176
1.2855638166047088,-2.043676732277621
1.2856257744733581,1.3377857038709402
1.2856877323420075,3.1493571286394797
1.2857496902106567,0.11017832714063269
1.285811648079306,-1.9866690690233475
1.2858736059479554,0.5162765801984255
1.2859355638166048,2.4444532304837225
1.285997521685254,0.1237236998446598
1.2860594795539033,-1.5990161594356591
1.2861214374225527,0.9136992102553863
1.286183395291202,2.827384972166745
1.2862453531598512,0.23710659421295044
1.2863073110285006,-2.0628942884786436
1.28636926889715,0.40721852484121945
1.2864312267657994,3.21389039642774
1.2864931846344485,1.175462078902571
1.2865551425030979,-2.167307762361406
1.2866171003717473,-1.1862226488159138
1.2866790582403966,1.9641858779144221
1.2867410161090458,1.9380395241180435
1.2868029739776952,-0.47038096915266076
1.2868649318463445,-0.9477766388904456
1.2869268897149937,0.5215810347130847
1.286988847583643,1.0347633785992973
1.2870508054522924,0.5411434621499782
1.2871127633209418,0.6262972618110554
1.287174721189591,0.624307246046296
1.2872366790582404,-0.36377567460376503
1.2872986369268897,-0.6726578338616296
1.287360594795539,0.7126634700879373
1.2874225526641883,1.459829453764495
1.2874845105328376,0.0037880821256182085
1.287546468401487,-1.201261318333492
1.2876084262701364,-0.039452649514241545
1.2876703841387855,1.3636901969971138
1.287732342007435,0.6856606912399166
1.2877942998760843,-0.3718947390089069
1.2878562577447337,0.2833566025963362
1.2879182156133828,0.943839096218319
1.2879801734820322,-0.27131031774603653
1.2880421313506816,-1.1188231170820784
1.288104089219331,0.6598399089492986
1.28816604708798,2.155884105263836
1.2882280049566295,-0.1089451572579444
1.2882899628252789,-3.000710504561112
1.2883519206939282,-1.0394620066778117
1.2884138785625774,3.5333469078567434
1.2884758364312268,3.053571133116332
1.2885377942998761,-2.5839790897706036
1.2885997521685253,-4.292650856387361
1.2886617100371747,1.4700906175505606
1.288723667905824,5.610025874703914
1.2887856257744734,0.7540399156638664
1.2888475836431226,-5.695874335934166
1.288909541511772,-2.9959573346219313
1.2889714993804213,4.700326886330004
1.2890334572490707,4.580733729380338
1.2890954151177199,-3.3140119057396054
1.2891573729863692,-5.745811308690918
1.2892193308550186,1.4699028337221178
1.289281288723668,6.262732823073674
1.2893432465923171,0.6939279765261284
1.2894052044609665,-5.751407505325805
1.289467162329616,-2.415078584227839
1.2895291201982653,4.776534348362114
1.2895910780669144,3.7947913466319356
1.2896530359355638,-3.472963773148339
1.2897149938042132,-5.104274900777681
1.2897769516728625,1.0996254259015663
1.2898389095415117,4.958967679131364
1.289900867410161,0.8245265780527484
1.2899628252788105,-4.3401058430281205
1.2900247831474598,-2.7788401233865763
1.290086741016109,2.6744046490621494
1.2901486988847584,3.9527441828710073
1.2902106567534077,-0.40020715158769904
1.290272614622057,-4.035314980134059
1.2903345724907063,-2.0985357926507486
1.2903965303593556,2.452177592870902
1.290458488228005,3.238580569601846
1.2905204460966542,-0.8275301991725783
1.2905824039653035,-4.073144957081815
1.290644361833953,-1.8766806249737629
1.2907063197026023,2.808165078102277
1.2907682775712515,3.458555858623498
1.2908302354399008,-0.8639147235683429
1.2908921933085502,-4.098408480316924
1.2909541511771996,-1.6155313412839145
1.2910161090458487,3.1923523013711366
1.2910780669144981,3.405649385381876
1.2911400247831475,-1.663651556379998
1.2912019826517969,-4.929772525254788
1.291263940520446,-1.3292636428970763
1.2913258983890954,4.200648778651376
1.2913878562577448,3.2246336784602434
1.2914498141263941,-3.1777455955169613
1.2915117719950433,-5.084890990008825
1.2915737298636927,0.9358147561364489
1.291635687732342,5.596315683389482
1.2916976456009914,1.3244423371319867
1.2917596034696406,-5.160492039118007
1.29182156133829,-3.49970751898777
1.2918835192069393,3.380051760564146
1.2919454770755887,4.2764798549824175
1.2920074349442379,-1.8820182096992415
1.2920693928128872,-4.980026816814702
1.2921313506815366,-0.6046646512202329
1.2921933085501858,3.8337919433097567
1.2922552664188351,2.0058525288568716
1.2923172242874845,-2.320328590393564
1.292379182156134,-2.815900396224307
1.292441140024783,0.312106184886062
1.2925030978934324,2.5413349361562454
1.2925650557620818,1.476006462641536
1.2926270136307312,-1.4926135323233183
1.2926889714993803,-3.006340224253462
1.2927509293680297,-0.8195659461903863
1.292812887236679,2.7450104535896234
1.2928748451053285,2.4537039311061375
1.2929368029739776,-2.0312051786320824
1.292998760842627,-4.0436117362023785
1.2930607187112764,0.17309090839237906
1.2931226765799257,4.486481315873115
1.293184634448575,2.0101444074592427
1.2932465923172243,-3.536698170037317
1.2933085501858737,-3.545012887820796
1.293370508054523,1.7297317819421192
1.2934324659231722,3.957786316337379
1.2934944237918216,0.08252356476271427
1.293556381660471,-3.6492461975511303
1.2936183395291203,-1.9904066200066894
1.2936802973977695,2.0209806591441875
1.2937422552664188,2.686013295493413
1.2938042131350682,-0.2204182304778689
1.2938661710037174,-2.2398777583773644
1.2939281288723667,-0.8839815879104491
1.2939900867410161,1.5425299415602023
1.2940520446096655,1.7023557144631138
1.2941140024783147,-0.27048555409484926
1.294175960346964,-1.4818832852639627
1.2942379182156134,-0.6164271522074486
1.2942998760842628,0.6567081632633114
1.294361833952912,0.7270795147733775
1.2944237918215613,0.07023040510410809
1.2944857496902107,-0.36091740774513226
1.29454770755886,-0.41093744743865646
1.2946096654275092,0.0783299300940058
1.2946716232961586,0.9729549985328921
1.294733581164808,0.9337800110569838
1.2947955390334573,-0.5042464822877379
1.2948574969021065,-1.076091882461994
1.2949194547707559,0.5618581849782271
1.2949814126394052,1.519236200346064
1.2950433705080546,-0.4373764251463553
1.2951053283767038,-1.8752407002554372
1.2951672862453532,0.41292281882669735
1.2952292441140025,2.5124778649902177
1.295291201982652,0.07618320984301763
1.295353159851301,-2.6534494028573947
1.2954151177199504,-0.025858578335438365
1.2954770755885998,3.6372397158350704
1.295539033457249,1.2242262146906806
1.2956009913258983,-3.339305606656523
1.2956629491945477,-1.6008545674408325
1.295724907063197,3.3969330708874432
1.2957868649318462,2.3179158793660193
1.2958488228004956,-2.866443085116355
1.295910780669145,-2.437327582483497
1.2959727385377944,2.6546068986760103
1.2960346964064435,2.7531375927004067
1.296096654275093,-1.9403056761989061
1.2961586121437423,-2.0777790435398424
1.2962205700123917,2.505814197949404
1.2962825278810408,2.6698476295522497
1.2963444857496902,-1.9877582674723713
1.2964064436183396,-2.384500213252908
1.296468401486989,2.2354943761646635
1.296530359355638,2.875466372543981
1.2965923172242875,-1.7345930260986568
1.2966542750929368,-2.8648443744150116
1.2967162329615862,1.4170648219872626
1.2967781908302354,3.0615600712221944
1.2968401486988848,-0.40847284241713677
1.2969021065675341,-2.060720072640885
1.2969640644361835,0.6598365573104159
1.2970260223048327,2.047762443612111
1.297087980173482,-0.03927966230135449
1.2971499380421314,-0.964806236019556
1.2972118959107806,0.6231657920203493
1.29727385377943,0.8089774991804481
1.2973358116480793,-0.789038503154438
1.2973977695167287,-0.5134815643367694
1.2974597273853778,1.2054317888079318
1.2975216852540272,0.7156002992611903
1.2975836431226766,-0.9774350663442024
1.297645600991326,-0.18101162021530037
1.2977075588599751,1.6203451652809138
1.2977695167286245,0.6083281169935597
1.2978314745972739,-1.3274443753747942
1.2978934324659233,-0.10474224647201358
1.2979553903345724,2.0509729030136654
1.2980173482032218,0.4998994480436951
1.2980793060718712,-2.439511630604862
1.2981412639405205,-1.146807683139657
1.2982032218091697,2.6800807738672914
1.298265179677819,2.3395611732819046
1.2983271375464684,-2.0804208977085468
1.2983890954151178,-3.2571048404264404
1.298451053283767,1.259839271797396
1.2985130111524164,4.551904140219188
1.2985749690210657,1.0400119819404814
1.298636926889715,-4.334867497198289
1.2986988847583643,-3.088280144114187
1.2987608426270136,3.452091727201962
1.298822800495663,5.045320393527386
1.2988847583643122,-1.7030728595991385
1.2989467162329615,-6.519728903177722
1.299008674101611,-0.9243370505957382
1.2990706319702603,6.788312017654878
1.2991325898389094,3.6431301817943447
1.2991945477075588,-5.859220919586336
1.2992565055762082,-5.74300147218111
1.2993184634448576,4.377398446141453
1.2993804213135067,7.443336607365802
1.299442379182156,-2.1206303480163182
1.2995043370508055,-8.213688994345166
1.2995662949194549,-0.5873753125794349
1.299628252788104,7.480001304321597
1.2996902106567534,2.4069731237316834
1.2997521685254028,-6.579331312724699
1.2998141263940521,-4.337877955231086
1.2998760842627013,4.445280180798872
1.2999380421313507,4.9762826238117865
1.3,-2.3357649683723882
1.3000619578686494,-4.8388468274749
1.3001239157372986,0.25127023499336376
1.300185873605948,3.6093251606299184
1.3002478314745973,0.7792741358985389
1.3003097893432467,-2.635108168526052
1.3003717472118959,-2.017931373152849
1.3004337050805452,0.4726502161786028
1.3004956629491946,1.3134261099760336
1.3005576208178438,0.07634647536507932
1.3006195786864931,-1.426946233148741
1.3006815365551425,-1.177765832731012
1.300743494423792,0.677709837995742
1.300805452292441,1.170763551519984
1.3008674101610904,-0.9140945562118374
1.3009293680297398,-1.9057152506957176
1.3009913258983892,0.46533322913015995
1.3010532837670383,1.69562906839153
1.3011152416356877,-1.5183898017424875
1.301177199504337,-3.5366110264084747
1.3012391573729865,0.4834134243102991
1.3013011152416356,3.8093742610986085
1.301363073110285,-0.6599088727887867
1.3014250309789344,-5.658839193016056
1.3014869888475837,-1.2479622374346504
1.301548946716233,5.758745857141987
1.3016109045848823,2.3523589567390566
1.3016728624535316,-6.441414608291726
1.301734820322181,-4.998641124449627
1.3017967781908302,4.6909288241505465
1.3018587360594795,5.499446743497177
1.301920693928129,-4.371165495171022
1.3019826517967783,-7.710563175964866
1.3020446096654275,1.2856941859704807
1.3021065675340768,6.903080254188859
1.3021685254027262,-0.2242786571428439
1.3022304832713754,-7.302954069889001
1.3022924411400247,-2.48120133933489
1.3023543990086741,5.284409768056852
1.3024163568773235,3.023967517032406
1.3024783147459726,-4.550226503220007
1.302540272614622,-4.8862801839647085
1.3026022304832714,1.347872594874988
1.3026641883519208,3.513176526748537
1.30272614622057,-0.868916105595124
1.3027881040892193,-4.0967202001833805
1.3028500619578687,-1.8317996840139654
1.302912019826518,1.6044379143393623
1.3029739776951672,1.4498666297114846
1.3030359355638166,-1.1567889287614943
1.303097893432466,-2.3680558639431792
1.3031598513011153,-1.0371341233211533
1.3032218091697645,0.6602350197927326
1.3032837670384139,0.477456680586949
1.3033457249070632,-1.1465376279162802
1.3034076827757126,-1.918440323469207
1.3034696406443618,-0.9946390135688903
1.3035315985130111,0.0032498929135287152
1.3035935563816605,-0.2052541522010733
1.30365551425031,-0.7560054141601662
1.303717472118959,-0.7135666801574653
1.3037794299876084,-0.6627816891038545
1.3038413878562578,-0.8914232376583048
1.303903345724907,-0.4844221961818705
1.3039653035935563,0.3420695768969815
1.3040272614622057,-0.17433897542491866
1.304089219330855,-1.8731490362064993
1.3041511771995042,-1.9985507233527904
1.3042131350681536,0.11489134270476287
1.304275092936803,1.1710071871222314
1.3043370508054524,-0.8059318701100144
1.3043990086741015,-2.7650214991799222
1.304460966542751,-1.3846337037542744
1.3045229244114003,1.3845475857036202
1.3045848822800497,1.3021778269213309
1.3046468401486988,-1.5157794577849053
1.3047087980173482,-2.855417696029019
1.3047707558859976,-0.7929888366474718
1.304832713754647,1.5939884552119836
1.304894671623296,0.7614964649993686
1.3049566294919455,-2.243975226290517
1.3050185873605948,-3.1214354508334
1.3050805452292442,-0.34754449486564853
1.3051425030978934,2.2575151270858704
1.3052044609665427,0.7130420243652326
1.3052664188351921,-2.883173285100606
1.3053283767038415,-2.9086945195121126
1.3053903345724907,1.041643639855606
1.30545229244114,2.8759258227098456
1.3055142503097894,-0.5387109182091876
1.3055762081784386,-3.94746442691848
1.305638166047088,-1.9301343666669828
1.3057001239157373,2.1876834808326744
1.3057620817843867,1.7450799002819541
1.3058240396530358,-2.303973238482108
1.3058859975216852,-3.2186921181159827
1.3059479553903346,0.26081295764372103
1.306009913258984,2.2811708462420737
1.3060718711276331,-0.044741246627169495
1.3061338289962825,-2.3644801034607994
1.3061957868649319,-1.0261768317536244
1.3062577447335812,1.169063068889991
1.3063197026022304,0.5053530274922169
1.3063816604708798,-1.479482504885559
1.3064436183395292,-1.369079564217464
1.3065055762081785,0.26411409635270744
1.3065675340768277,0.49265419822582923
1.306629491945477,-0.7979234982464966
1.3066914498141264,-1.2015413304368519
1.3067534076827758,-0.05226758882112226
1.306815365551425,0.8139286660274814
1.3068773234200743,0.20789613387160455
1.3069392812887237,-0.8599698093039381
1.307001239157373,-0.9216555997221196
1.3070631970260222,0.054725418968413986
1.3071251548946716,0.7715802820311183
1.307187112763321,0.14787019472733576
1.3072490706319702,-1.207540281965148
1.3073110285006195,-1.3947742471113287
1.307372986369269,0.20277572286944745
1.3074349442379183,1.4933914380243813
1.3074969021065674,0.4230952048584484
1.3075588599752168,-1.5501108880712584
1.3076208178438662,-1.2338249549171474
1.3076827757125156,1.182435884043498
1.3077447335811647,1.9758554387271516
1.307806691449814,-0.28751214319363605
1.3078686493184635,-2.181867853313962
1.3079306071871128,-0.7280829650446492
1.307992565055762,1.7642617069120974
1.3080545229244114,1.3327572262063498
1.3081164807930608,-1.2757382690965264
1.3081784386617101,-1.8246090940894228
1.3082403965303593,0.6133744477693877
1.3083023543990087,2.238101134660118
1.308364312267658,0.6109196517879845
1.3084262701363074,-1.5713507182608595
1.3084882280049566,-0.8479696873780507
1.308550185873606,1.5813225283432712
1.3086121437422553,1.8234036517446206
1.3086741016109047,-0.5882473644686614
1.3087360594795538,-1.9383458736347068
1.3087980173482032,-0.07386244949681964
1.3088599752168526,2.184272103031495
1.3089219330855018,1.3119946950134702
1.3089838909541511,-1.36348458566166
1.3090458488228005,-1.5291957024291207
1.3091078066914499,1.3388519352949948
1.309169764560099,2.8562203776384982
1.3092317224287484,0.5237387692539579
1.3092936802973978,-2.0774352797607167
1.3093556381660472,-0.7970820952292175
1.3094175960346963,2.325731923291297
1.3094795539033457,2.2044115890989544
1.309541511771995,-1.0049555288642296
1.3096034696406444,-2.088337385471888
1.3096654275092936,0.6819172272717496
1.309727385377943,2.7858422185484217
1.3097893432465924,1.016325211803062
1.3098513011152417,-1.4025618636983501
1.3099132589838909,-0.49259759295261885
1.3099752168525403,1.9728648679020326
1.3100371747211896,1.8901208331862607
1.310099132589839,-0.3058904429052419
1.3101610904584882,-0.9066702250249752
1.3102230483271375,0.6956969192416378
1.310285006195787,1.5479180925539904
1.3103469640644363,0.4441471492963305
1.3104089219330854,-0.47865149672541135
1.3104708798017348,0.25568966790217085
1.3105328376703842,1.2810013090117065
1.3105947955390334,1.0686878886807356
1.3106567534076827,0.26059283867249494
1.310718711276332,0.2162021625854681
1.3107806691449815,0.8603483380671266
1.3108426270136306,1.088744268826344
1.31090458488228,0.5397609042492273
1.3109665427509294,0.04532827060946776
1.3110285006195788,0.3299500371342649
1.311090458488228,0.865135402992665
1.3111524163568773,0.6945179648125658
1.3112143742255267,0.159554766916576
1.311276332094176,0.45274943552652114
1.3113382899628252,1.2742790218349693
1.3114002478314746,1.0018934186990427
1.311462205700124,-0.11362227974890218
1.3115241635687733,0.21228832050544155
1.3115861214374225,1.895049482244893
1.3116480793060719,1.6725117402346175
1.3117100371747212,-0.9269813281324399
1.3117719950433706,-1.4464778992809668
1.3118339529120198,1.8524243856426932
1.3118959107806691,3.5227505320562074
1.3119578686493185,-0.15461571111488392
1.312019826517968,-3.3401434661788736
1.312081784386617,0.22509981575582616
1.3121437422552664,5.291531053840286
1.3122057001239158,2.861646680583616
1.312267657992565,-3.7049490671990326
1.3123296158612143,-3.1671768692305937
1.3123915737298637,4.157053595575707
1.312453531598513,5.865850445105345
1.3125154894671622,-1.469440789216263
1.3125774473358116,-5.715773157288859
1.312639405204461,0.44718507229414795
1.3127013630731104,6.763743976433568
1.3127633209417595,2.643935414381483
1.312825278810409,-4.854706796699723
1.3128872366790583,-3.076081047976049
1.3129491945477076,4.851767350876196
1.3130111524163568,5.607142062154037
1.3130731102850062,-1.8008060855137193
1.3131350681536555,-4.830393780078229
1.313197026022305,1.2114446138881692
1.313258983890954,5.744244955268174
1.3133209417596035,1.2443828004923638
1.3133828996282528,-4.344942444908022
1.3134448574969022,-1.6276522953859132
1.3135068153655514,4.396887522402466
1.3135687732342007,3.4350269146838857
1.3136307311028501,-2.387781453846709
1.3136926889714995,-2.7319420163394157
1.3137546468401486,2.7300279565696535
1.313816604708798,4.103196420313802
1.3138785625774474,-0.927394735223562
1.3139405204460965,-3.1474042353445837
1.314002478314746,1.315613401266859
1.3140644361833953,3.9501356082237478
1.3141263940520447,-0.3495614301168567
1.3141883519206938,-3.5724621511368833
1.3142503097893432,0.6536854843886899
1.3143122676579926,4.733434899991289
1.314374225526642,0.7541552103119082
1.3144361833952911,-4.329517500444799
1.3144981412639405,-0.7876980554294557
1.3145600991325899,5.589812400131278
1.3146220570012392,3.0953482665180765
1.3146840148698884,-4.559412926548649
1.3147459727385378,-4.02609976559059
1.3148079306071871,4.075034253321362
1.3148698884758365,5.782417561410112
1.3149318463444857,-1.9748667726242704
1.314993804213135,-6.071523376191074
1.3150557620817844,0.23516642216327677
1.3151177199504338,6.281273181463242
1.315179677819083,2.487232203973927
1.3152416356877323,-4.304913606248148
1.3153035935563817,-3.3025169613450447
1.315365551425031,3.000565604519057
1.3154275092936802,4.453433799112917
1.3154894671623296,-0.43603166106852254
1.315551425030979,-3.7929816530988862
1.3156133828996281,-1.2307439882268392
1.3156753407682775,2.7621232347093705
1.315737298636927,2.5199915953112146
1.3157992565055763,-1.1048772048420803
1.3158612143742254,-2.7589350022713353
1.3159231722428748,-0.13401102481606586
1.3159851301115242,2.951456047008302
1.3160470879801736,1.913943118100496
1.3161090458488227,-1.805767030561216
1.316171003717472,-2.561208723132909
1.3162329615861215,0.8864073345341301
1.3162949194547708,3.1099222128026356
1.31635687732342,0.41269847958463957
1.3164188351920694,-3.135590544932591
1.3164807930607187,-1.975762747068304
1.3165427509293681,2.1928819196574456
1.3166047087980173,3.04354366324553
1.3166666666666667,-0.694385447360101
1.316728624535316,-3.4088310887234554
1.3167905824039654,-0.9698157764389641
1.3168525402726146,3.1998904436367566
1.316914498141264,2.900569545945338
1.3169764560099133,-1.8514970790112613
1.3170384138785627,-4.261697743391416
1.3171003717472118,-0.40094026712973774
1.3171623296158612,4.211542556773835
1.3172242874845106,2.1868672923450596
1.3172862453531597,-3.8246666214494036
1.3173482032218091,-4.244212008148212
1.3174101610904585,2.0974358660612413
1.3174721189591079,5.1389329969935575
1.317534076827757,-0.23013223628327228
1.3175960346964064,-5.21806216239628
1.3176579925650558,-1.5502543548895096
1.3177199504337052,4.471080891314154
1.3177819083023543,2.637742273610956
1.3178438661710037,-3.7954086583576947
1.317905824039653,-3.9516783487275786
1.3179677819083024,2.043327257048217
1.3180297397769516,3.8417306139597267
1.318091697645601,-1.2072884193493403
1.3181536555142503,-4.225767312396523
1.3182156133828997,-0.3605013182844737
1.3182775712515489,3.6925281219749033
1.3183395291201983,1.5512823629013481
1.3184014869888476,-2.920712560628666
1.318463444857497,-2.8085546391541363
1.3185254027261462,1.201196116705562
1.3185873605947955,2.914815141218574
1.318649318463445,0.025455143186213253
1.3187112763320943,-3.244373774869934
1.3187732342007434,-2.3232211182188744
1.3188351920693928,1.5948620807306921
1.3188971499380422,3.031250902452919
1.3189591078066913,-0.25098761241841727
1.3190210656753407,-3.5190844825098155
1.31908302354399,-1.636319072334468
1.3191449814126395,2.7213609872468107
1.3192069392812886,2.7010520888773284
1.319268897149938,-1.7448952152994686
1.3193308550185874,-3.5571739717789654
1.3193928128872368,-0.1378814655391305
1.319454770755886,2.6151965211910144
1.3195167286245353,0.5328309117545265
1.3195786864931847,-2.3029513272988016
1.319640644361834,-1.3715686894763972
1.3197026022304832,0.9751952201010239
1.3197645600991326,0.8949254109753559
1.319826517967782,-0.37915293974240294
1.3198884758364313,-0.3303075189260792
1.3199504337050805,-0.052846061347658235
1.3200123915737298,-0.7201057470493607
1.3200743494423792,-0.45160697191672083
1.3201363073110286,1.080192902942759
1.3201982651796778,0.5930753024754876
1.3202602230483271,-2.1587366399265964
1.3203221809169765,-2.1581764568261863
1.3203841387856259,1.811286729127047
1.320446096654275,3.173338834031587
1.3205080545229244,-1.386319021618432
1.3205700123915738,-4.549595743731114
1.320631970260223,-0.06363889618769791
1.3206939281288723,5.346302523930607
1.3207558859975217,2.140003500942269
1.320817843866171,-5.349985288979734
1.3208798017348202,-4.866539223585211
1.3209417596034696,3.4716068186884868
1.321003717472119,6.4218465326278835
1.3210656753407684,-1.1542697820878813
1.3211276332094175,-7.504774216616085
1.3211895910780669,-2.42159277686378
1.3212515489467163,6.452466264279382
1.3213135068153656,5.4682963949647485
1.3213754646840148,-3.7974312993712873
1.3214374225526642,-7.118835605698352
1.3214993804213135,0.4044878966206344
1.321561338289963,7.097200162941328
1.321623296158612,2.845281956753162
1.3216852540272614,-5.640688482923053
1.3217472118959108,-5.4886447105314184
1.3218091697645602,2.674955210887858
1.3218711276332094,6.176070474428148
1.3219330855018587,0.02898875440131221
1.321995043370508,-5.7522242470922
1.3220570012391575,-2.185562292290635
1.3221189591078066,4.734691628354123
1.322180916976456,3.940200723473234
1.3222428748451054,-2.9917564389882174
1.3223048327137545,-4.63483886407714
1.322366790582404,1.5671550777144805
1.3224287484510533,5.091977195625102
1.3224907063197027,-0.2135075528930841
1.3225526641883518,-5.558004362765171
1.3226146220570012,-1.5806464494500116
1.3226765799256506,5.523949196910965
1.3227385377943,3.651261805533084
1.322800495662949,-4.634565463372017
1.3228624535315985,-5.374550076979496
1.3229244114002479,3.4390872534306327
1.3229863692688972,7.385855994622984
1.3230483271375464,-0.7009772955577
1.3231102850061958,-7.866417799652616
1.3231722428748451,-2.039622808814434
1.3232342007434945,7.320595305056231
1.3232961586121437,4.576922509512455
1.323358116480793,-5.687804104470012
1.3234200743494424,-6.25147408761651
1.3234820322180918,3.595820148865089
1.323543990086741,7.15430050112864
1.3236059479553903,-0.9905627858815897
1.3236679058240397,-6.367955666384442
1.323729863692689,-0.24236327871813912
1.3237918215613382,5.939516090258018
1.3238537794299876,1.6102519872454217
1.323915737298637,-4.81278998820071
1.3239776951672861,-2.068790817633465
1.3240396530359355,4.075643863260058
1.324101610904585,2.4203926204828146
1.3241635687732343,-3.3736369736989413
1.3242255266418834,-2.50884959114084
1.3242874845105328,3.0479338686361017
1.3243494423791822,3.080867496699894
1.3244114002478315,-1.8941959380518583
1.3244733581164807,-2.5285775142685263
1.32453531598513,1.7216000735315704
1.3245972738537795,2.557718975739881
1.3246592317224288,-1.0980849504938743
1.324721189591078,-1.9192543122930377
1.3247831474597274,1.205965793931394
1.3248451053283767,1.5729377414740575
1.3249070631970261,-1.6028686040553417
1.3249690210656753,-1.5456159032053973
1.3250309789343246,2.3520787862684194
1.325092936802974,2.566870569050905
1.3251548946716234,-2.078949346712385
1.3252168525402725,-3.1689866542082346
1.325278810408922,1.974974288852812
1.3253407682775713,4.519503915918809
1.3254027261462207,-0.47729943586345447
1.3254646840148698,-4.838314821047947
1.3255266418835192,-1.1810408278145914
1.3255885997521686,4.343865219614853
1.3256505576208177,2.6565958019060583
1.3257125154894671,-3.078710661846587
1.3257744733581165,-3.42876557826892
1.3258364312267659,1.6191588396181986
1.325898389095415,3.7282436244124293
1.3259603469640644,0.2977711432899207
1.3260223048327138,-2.595807701403976
1.3260842627013631,-1.0413375453827936
1.3261462205700123,1.5335527182527093
1.3262081784386617,1.3337509254017426
1.326270136307311,-0.4338433773724304
1.3263320941759604,-1.134949029670571
1.3263940520446096,-0.6215043315379343
1.326456009913259,0.2039313829496084
1.3265179677819083,0.9282844292441303
1.3265799256505577,0.7235861159876861
1.3266418835192069,-0.7374846688589761
1.3267038413878562,-1.3880445462228068
1.3267657992565056,0.47805162849693056
1.326827757125155,2.1950682896556453
1.3268897149938041,0.28219416139897463
1.3269516728624535,-2.7632049432303942
1.327013630731103,-1.543007499540957
1.3270755885997523,2.5071588147623944
1.3271375464684014,2.330980278292895
1.3271995043370508,-2.486709454282323
1.3272614622057002,-3.7901997932802223
1.3273234200743493,1.3333821302870792
1.3273853779429987,4.521614288110524
1.327447335811648,0.020951852376546745
1.3275092936802975,-4.805413169552645
1.3275712515489466,-1.6532559118502401
1.327633209417596,4.194844974074073
1.3276951672862454,2.702593773305227
1.3277571251548947,-3.6056770164966183
1.327819083023544,-4.068071356152139
1.3278810408921933,1.7191340236620984
1.3279429987608427,3.6549274969766223
1.328004956629492,-1.1235444026711836
1.3280669144981412,-3.8714119161843756
1.3281288723667906,-0.04524469651526086
1.32819083023544,3.199609870664841
1.3282527881040893,0.2612430706545208
1.3283147459727385,-3.2412417209958293
1.3283767038413878,-1.0158571795604352
1.3284386617100372,2.7037900611644154
1.3285006195786866,0.985845414569886
1.3285625774473357,-3.3758876208076356
1.3286245353159851,-2.7240939991364037
1.3286864931846345,2.0783589896042365
1.3287484510532839,2.951018057305027
1.328810408921933,-1.7437916181503939
1.3288723667905824,-4.319618628637148
1.3289343246592318,-0.4063830808286788
1.328996282527881,3.8451458403018286
1.3290582403965303,1.6792459282338412
1.3291201982651797,-3.490703110371357
1.329182156133829,-3.6815165084530084
1.3292441140024782,1.0671534076655922
1.3293060718711276,3.1967684806021723
1.329368029739777,-0.2828659549643153
1.3294299876084263,-3.6850978649395945
1.3294919454770755,-2.116167193324629
1.3295539033457249,1.4407831802006932
1.3296158612143743,1.7730849489175031
1.3296778190830236,-0.7548840240387846
1.3297397769516728,-2.0971297899446677
1.3298017348203222,-0.9727961940835805
1.3298636926889715,0.47800678141915487
1.329925650557621,0.5652751876815318
1.32998760842627,-0.43882599201128003
1.3300495662949194,-1.4412809691815063
1.3301115241635688,-1.3924492312942842
1.3301734820322182,-0.2280047055379928
1.3302354399008673,0.46292917217015306
1.3302973977695167,-0.5031911331257803
1.330359355638166,-1.529527566253193
1.3304213135068155,-0.6337276068907147
1.3304832713754646,0.7151614130139909
1.330545229244114,-0.06788053615486112
1.3306071871127634,-1.6655308760346117
1.3306691449814125,-0.978868263218025
1.330731102850062,0.839514223755831
1.3307930607187113,0.17375939045093447
1.3308550185873607,-2.1018217703786024
1.3309169764560098,-1.8680649696946547
1.3309789343246592,0.5586845805150803
1.3310408921933086,0.8764626288077373
1.331102850061958,-1.2443270214372706
1.331164807930607,-1.7923861798936773
1.3312267657992565,-0.07746216323298494
1.3312887236679058,0.468069550502787
1.3313506815365552,-0.7155154921246538
1.3314126394052044,-0.7718488612894858
1.3314745972738538,0.1504889520601619
1.3315365551425031,-0.6881413568936643
1.3315985130111525,-2.130254569058396
1.3316604708798017,-0.771488810110144
1.331722428748451,1.5475400060833566
1.3317843866171004,0.2050896966653827
1.3318463444857498,-3.001337056873709
1.331908302354399,-2.1584035071588863
1.3319702602230483,1.780212428188444
1.3320322180916977,2.0456720798330417
1.332094175960347,-1.8268174509178836
1.3321561338289962,-3.0851953739935185
1.3322180916976456,0.10081611718165201
1.332280049566295,1.7756689469731999
1.3323420074349441,-0.686695460904648
1.3324039653035935,-2.415124565055189
1.3324659231722429,-0.6155974094104455
1.3325278810408923,0.7996180279900436
1.3325898389095414,-0.6781820186576557
1.3326517967781908,-1.668927145590703
1.3327137546468402,0.011742319707935156
1.3327757125154895,1.1280676491121497
1.3328376703841387,-0.543712235017564
1.332899628252788,-1.980257678947112
1.3329615861214374,-0.6456787225976219
1.3330235439900868,1.0289331219796352
1.333085501858736,0.2704668231577365
1.3331474597273854,-1.4686722423387888
1.3332094175960347,-1.5867897996275293
1.333271375464684,-0.3753501717884901
1.3333333333333333,0.4270581844569503
1.3333952912019826,0.2995267038278002
1.333457249070632,-0.4135252371758234
1.3335192069392814,-1.16569602943289
1.3335811648079305,-0.9175373095580555
1.33364312267658,0.513220162899204
1.3337050805452293,1.1305616254038653
1.3337670384138787,-0.49036457767413505
1.3338289962825278,-2.097852343318044
1.3338909541511772,-0.9132021511967701
1.3339529120198266,1.2769718629651885
1.3340148698884757,0.6622000534944932
1.334076827757125,-1.8016664027290696
1.3341387856257745,-1.6238658774797756
1.3342007434944239,1.1952289493801842
1.334262701363073,1.6780078376956489
1.3343246592317224,-1.2739357046410298
1.3343866171003718,-2.359383249433438
1.3344485749690211,0.8043115375882435
1.3345105328376703,2.7659783882209728
1.3345724907063197,-0.46531394730772824
1.334634448574969,-3.716942721516454
1.3346964064436184,-1.1097174515814259
1.3347583643122676,3.2926602217783194
1.334820322180917,1.9567857847202583
1.3348822800495663,-2.988067610667846
1.3349442379182157,-3.1427455481981745
1.3350061957868649,1.7357887937887704
1.3350681536555142,3.5171273042705873
1.3351301115241636,-0.22546531837926395
1.335192069392813,-2.8034645437732957
1.3352540272614621,-0.6142129085613777
1.3353159851301115,1.6562650167096091
1.335377942998761,0.6466865072198222
1.3354399008674103,-0.5788738734175737
1.3355018587360594,-0.03626002828304009
1.3355638166047088,-0.23158036190704107
1.3356257744733582,-1.2858803018083127
1.3356877323420073,0.14709709910252544
1.3357496902106567,2.7536222030720086
1.335811648079306,1.2129515434356106
1.3358736059479555,-2.937823249253931
1.3359355638166046,-2.1216306168683596
1.335997521685254,3.2246722450142586
1.3360594795539034,3.7851867888338253
1.3361214374225527,-2.08732109609202
1.336183395291202,-4.39114424369002
1.3362453531598513,1.0156710638601427
1.3363073110285006,4.744340562596111
1.33636926889715,0.4938349232648398
1.3364312267657992,-3.9912405603396164
1.3364931846344485,-1.0397916737680866
1.336555142503098,3.8438032398841964
1.3366171003717473,2.543488149379926
1.3366790582403965,-1.9628538284812889
1.3367410161090458,-2.171146875634778
1.3368029739776952,1.3469884830486025
1.3368649318463446,2.716635421272295
1.3369268897149937,0.5960000843780681
1.3369888475836431,-1.6249201867014804
1.3370508054522925,-1.472102135711948
1.3371127633209419,0.8554314902063811
1.337174721189591,2.9700785290243603
1.3372366790582404,1.661988242919851
1.3372986369268898,-2.2299115438057764
1.337360594795539,-2.6031798492913083
1.3374225526641883,2.5095917464105995
1.3374845105328377,5.229505069184253
1.337546468401487,-0.023675085414593955
1.3376084262701362,-5.187781734456301
1.3376703841387856,-1.0521071000397413
1.337732342007435,5.793206096693126
1.3377942998760843,3.3992789664747884
1.3378562577447335,-4.209918211069518
1.3379182156133829,-3.706167457917164
1.3379801734820322,3.824418567450132
1.3380421313506816,5.104951725873212
1.3381040892193308,-1.394474260416731
1.3381660470879801,-3.626639576806892
1.3382280049566295,1.6575491206998727
1.338289962825279,4.19218180119893
1.338351920693928,-0.013531498134977005
1.3384138785625774,-2.508611355293503
1.3384758364312268,0.6614588252130473
1.3385377942998762,2.650246729209342
1.3385997521685253,0.16529715384499855
1.3386617100371747,-1.1224263594534631
1.338723667905824,1.0368424641221066
1.3387856257744735,1.6604753811912918
1.3388475836431226,-0.24828382863520726
1.338909541511772,0.10751952855059088
1.3389714993804214,2.3159405530607873
1.3390334572490705,1.0465291102398608
1.33909541511772,-2.048989827767027
1.3391573729863693,-0.3334122747417898
1.3392193308550187,3.913342089825753
1.3392812887236678,2.1969261967848226
1.3393432465923172,-3.517844928327661
1.3394052044609666,-2.679865163647996
1.339467162329616,4.300499341263852
1.339529120198265,5.282339505653161
1.3395910780669145,-2.021646544054166
1.3396530359355638,-5.06038094732436
1.3397149938042132,1.6836310088201816
1.3397769516728624,6.723191701641959
1.3398389095415117,1.4876665106770353
1.3399008674101611,-5.048716651149104
1.3399628252788105,-2.186278802485115
1.3400247831474597,4.637387138168517
1.340086741016109,4.102862033947446
1.3401486988847584,-2.0590146247824204
1.3402106567534078,-3.4147504002119407
1.340272614622057,1.435143933752641
1.3403345724907063,4.076131984158349
1.3403965303593557,1.0489260038668133
1.340458488228005,-1.83527018825271
1.3405204460966542,-0.40308597017639825
1.3405824039653036,1.9558872248077614
1.340644361833953,1.468547608187441
1.3407063197026021,-0.16650945598713296
1.3407682775712515,-0.17671414392203966
1.3408302354399009,0.5228096330935186
1.3408921933085503,0.2872392036305773
1.3409541511771994,0.17726350014742476
1.3410161090458488,1.12553122870158
1.3410780669144982,1.3179620183352423
1.3411400247831475,-0.22161147163718042
1.3412019826517967,-0.8635337367023368
1.341263940520446,1.0976862209706062
1.3413258983890954,2.534067693960176
1.3413878562577448,0.5139988491743155
1.341449814126394,-1.9740066589777063
1.3415117719950433,-0.654846517431916
1.3415737298636927,2.4007049184286204
1.341635687732342,2.003156862440935
1.3416976456009913,-1.1839293591660898
1.3417596034696406,-1.762594358833102
1.34182156133829,1.1136765523174263
1.3418835192069394,2.610309428919084
1.3419454770755885,0.6566867692037656
1.342007434944238,-1.1673062484741294
1.3420693928128873,-0.2983537711463522
1.3421313506815367,1.1900655447269055
1.3421933085501858,1.087869665815708
1.3422552664188352,0.18203545752784023
1.3423172242874846,-0.33286666505634466
1.3423791821561337,-0.4542737241476268
1.342441140024783,0.07730305361497503
1.3425030978934325,1.214752233222375
1.3425650557620818,1.2274101047393011
1.342627013630731,-0.5198893396043176
1.3426889714993804,-1.2157919927362948
1.3427509293680298,0.8897546348064358
1.3428128872366791,2.4224651378133903
1.3428748451053283,0.3060558077423772
1.3429368029739777,-2.140223398646469
1.342998760842627,-0.5900500351988267
1.3430607187112764,2.294919633797589
1.3431226765799256,1.3456017134927951
1.343184634448575,-1.7780611620659363
1.3432465923172243,-1.5631069961538437
1.3433085501858737,1.4914742907393632
1.3433705080545228,2.1026761689936397
1.3434324659231722,-0.337214313904065
1.3434944237918216,-1.4036550972788664
1.343556381660471,0.2060563213004436
1.3436183395291201,1.3285719461393208
1.3436802973977695,0.5483102583886121
1.3437422552664189,-0.3777915674904435
1.3438042131350683,-0.5708385573637142
1.3438661710037174,-0.4986111591944664
1.3439281288723668,0.18072596171408017
1.3439900867410162,1.1829160184552143
1.3440520446096653,0.5596976422609825
1.3441140024783147,-1.4025553855480313
1.344175960346964,-1.1809392287573246
1.3442379182156134,1.6343033704206837
1.3442998760842626,2.2970859310840575
1.344361833952912,-0.8700346707698304
1.3444237918215614,-2.609953920177335
1.3444857496902107,0.18157236309924651
1.3445477075588599,2.550871562989154
1.3446096654275093,0.31846204253121435
1.3446716232961586,-2.3995670981456922
1.344733581164808,-0.940402808275489
1.3447955390334572,1.627094188363173
1.3448574969021065,0.8642732394701369
1.344919454770756,-0.9941754385237429
1.3449814126394053,-0.31801055293531544
1.3450433705080544,0.8666821523880401
1.3451053283767038,-0.15590869771033988
1.3451672862453532,-0.9354458835273052
1.3452292441140026,0.622651750656591
1.3452912019826517,1.219039272032206
1.345353159851301,-1.1595088801156195
1.3454151177199505,-2.2348172630062626
1.3454770755885999,0.618147272652375
1.345539033457249,2.496901067809049
1.3456009913258984,-0.2980653590520115
1.3456629491945478,-2.879976246676062
1.345724907063197,-0.41348876287615133
1.3457868649318463,2.845781741143542
1.3458488228004957,1.1358789180353315
1.345910780669145,-2.459909482057038
1.3459727385377942,-1.7562855157929773
1.3460346964064436,1.6016108201581059
1.346096654275093,1.6296735343237323
1.3461586121437423,-1.371745715936012
1.3462205700123915,-2.081090839742261
1.3462825278810409,0.3304895127245058
1.3463444857496902,1.57167543481419
1.3464064436183396,0.020637187802905688
1.3464684014869888,-1.310990080985794
1.3465303593556381,-0.4702199679205757
1.3465923172242875,0.8213241033106355
1.346654275092937,0.6776641844157398
1.346716232961586,-0.38017455096018216
1.3467781908302354,-0.9365807978381169
1.3468401486988848,-0.5594155154126117
1.3469021065675342,0.1925830439096965
1.3469640644361833,0.470876623803377
1.3470260223048327,-0.10945067457183089
1.347087980173482,-0.884003894020708
1.3471499380421315,-0.7457047478000121
1.3472118959107806,0.35443312768979485
1.34727385377943,1.1045332080469668
1.3473358116480794,0.4033490590471019
1.3473977695167285,-1.0798626990019207
1.347459727385378,-1.3906894732050303
1.3475216852540273,0.23603866861630496
1.3475836431226766,1.7164085561734923
1.3476456009913258,0.4652402590715382
1.3477075588599752,-2.281190790960909
1.3477695167286246,-2.226084443953731
1.347831474597274,1.3013170454118719
1.347893432465923,3.066496700770859
1.3479553903345725,-0.21335887649935675
1.3480173482032218,-3.637995937365154
1.3480793060718712,-1.325032536299435
1.3481412639405204,3.434730086628119
1.3482032218091697,2.791090131672766
1.3482651796778191,-2.6075526215663136
1.3483271375464685,-4.114283086111859
1.3483890954151176,0.7784605589779249
1.348451053283767,4.119273823697203
1.3485130111524164,0.49766744840048205
1.3485749690210658,-4.144411722215393
1.348636926889715,-2.301579106457053
1.3486988847583643,3.037558894332699
1.3487608426270137,3.45059246731387
1.348822800495663,-1.504992442800084
1.3488847583643122,-3.922009461526153
1.3489467162329616,-0.129697112596038
1.349008674101611,3.763999594027923
1.3490706319702601,1.5986994078382601
1.3491325898389095,-3.243990021056919
1.3491945477075589,-3.1903154663551216
1.3492565055762082,1.6232768091958838
1.3493184634448574,3.5666978441456543
1.3493804213135068,-0.3369105258031393
1.3494423791821561,-3.6643528541250245
1.3495043370508055,-1.0404987970494577
1.3495662949194547,3.1763774217995797
1.349628252788104,2.2226788054516584
1.3496902106567534,-2.038669184057239
1.3497521685254028,-2.6474227754226716
1.349814126394052,0.8840126187855373
1.3498760842627013,2.4449842580663255
1.3499380421313507,-0.17371228755480084
1.35,-2.307897168872577
1.3500619578686492,-0.7570627861757451
1.3501239157372986,1.5213044969568497
1.350185873605948,1.0604912352896314
1.3502478314745974,-0.8479693177098311
1.3503097893432465,-1.0737004343165746
1.350371747211896,0.4767407558412283
1.3504337050805453,1.3230044528388056
1.3504956629491947,0.21398704736881513
1.3505576208178438,-1.2460933944216017
1.3506195786864932,-0.8426800579522488
1.3506815365551426,0.9243643873066629
1.3507434944237917,1.153260411272165
1.350805452292441,-0.8743584833249461
1.3508674101610905,-1.8116748867684949
1.3509293680297398,0.3829150721032448
1.350991325898389,2.2128838447875014
1.3510532837670384,0.2699886267199463
1.3511152416356877,-2.1771002509339574
1.3511771995043371,-0.5220549699279102
1.3512391573729863,2.4255593628559664
1.3513011152416357,1.0529148117905034
1.351363073110285,-2.4357578202032237
1.3514250309789344,-1.5828721486169062
1.3514869888475836,2.170642280716465
1.351548946716233,1.7512568684995058
1.3516109045848823,-2.2341205491577654
1.3516728624535317,-2.277432320793481
1.3517348203221808,1.9595223353206974
1.3517967781908302,2.773517408390937
1.3518587360594796,-1.265242131954886
1.351920693928129,-2.7205913649623525
1.3519826517967781,0.8251155679829623
1.3520446096654275,2.669211858480634
1.3521065675340769,-0.24087352125404027
1.3521685254027263,-2.2688097572733996
1.3522304832713754,-0.27843931653783405
1.3522924411400248,1.2622637777470722
1.3523543990086742,-0.13652108657374395
1.3524163568773233,-0.7763057433634932
1.3524783147459727,0.6837940254503503
1.352540272614622,0.5517491699396035
1.3526022304832714,-1.3743270390953193
1.3526641883519206,-0.662217332973065
1.35272614622057,2.201592042814271
1.3527881040892193,1.5060271979781794
1.3528500619578687,-2.4318678933097
1.3529120198265179,-2.6103350964753536
1.3529739776951673,1.763527073584873
1.3530359355638166,3.0339796310554954
1.353097893432466,-1.2167462405771174
1.3531598513011152,-3.591374268424376
1.3532218091697645,-0.03950997753288557
1.353283767038414,3.219665608787712
1.3533457249070633,0.9886065261386356
1.3534076827757124,-2.383477486002474
1.3534696406443618,-1.4683580477257372
1.3535315985130112,1.3884986403428723
1.3535935563816606,1.4560609913206584
1.3536555142503097,-0.5929450074571851
1.353717472118959,-1.4401360002743089
1.3537794299876085,-0.688936367019011
1.3538413878562578,0.25783167186393907
1.353903345724907,0.8216202224019475
1.3539653035935564,0.4014098563897949
1.3540272614622058,-1.1832280115415919
1.354089219330855,-1.655039260514287
1.3541511771995043,0.7303821170846758
1.3542131350681537,2.646037533321771
1.354275092936803,0.11884340366452917
1.3543370508054522,-3.5067912265542
1.3543990086741016,-1.8075436530921496
1.354460966542751,3.0969006128918166
1.3545229244114003,2.7581759233868093
1.3545848822800495,-2.969503633650976
1.3546468401486988,-4.53323398213134
1.3547087980173482,1.1247686803258468
1.3547707558859976,4.661179925339005
1.3548327137546468,0.15364211236783087
1.3548946716232961,-4.600565584760121
1.3549566294919455,-1.6741767869218611
1.3550185873605949,3.4452101103858945
1.355080545229244,2.0607446974310535
1.3551425030978934,-2.6860243336754035
1.3552044609665428,-2.5325092277597063
1.3552664188351922,1.0760265763401076
1.3553283767038413,1.1287902939743968
1.3553903345724907,-1.4483173246329621
1.35545229244114,-0.9216555386117002
1.3555142503097894,1.1783151859990526
1.3555762081784386,-0.25422206454385027
1.355638166047088,-2.407788705338901
1.3557001239157374,0.15936127949382062
1.3557620817843865,3.1643613324642255
1.3558240396530359,-0.27205334556105254
1.3558859975216853,-4.798643551214566
1.3559479553903346,-1.1974481723511263
1.3560099132589838,4.95870289191009
1.3560718711276332,1.6154125548736602
1.3561338289962825,-6.443905033471173
1.356195786864932,-4.126061415503079
1.356257744733581,5.8009151221245645
1.3563197026022304,5.461129571579225
1.3563816604708798,-5.714846812693194
1.3564436183395292,-7.960102149949279
1.3565055762081784,3.714724123813041
1.3565675340768277,9.089247750511813
1.356629491945477,-1.8979240611652115
1.3566914498141265,-10.544667265059825
1.3567534076827756,-1.9003423450843633
1.356815365551425,9.021798395759786
1.3568773234200744,3.7280887932367137
1.3569392812887238,-8.07015124220886
1.357001239157373,-6.540916289233449
1.3570631970260223,4.4926712350484355
1.3571251548946717,6.419129862535607
1.357187112763321,-2.1457269225814812
1.3572490706319702,-6.069070132210734
1.3573110285006196,-0.6636301711168704
1.357372986369269,3.5469624654400755
1.357434944237918,0.9452907653671123
1.3574969021065675,-2.3431700124337738
1.3575588599752169,-1.7826522579203552
1.3576208178438662,-0.2975018190310019
1.3576827757125154,-0.1530819125671372
1.3577447335811648,0.08118918965260535
1.3578066914498141,0.33027317476055773
1.3578686493184635,-0.795468468062035
1.3579306071871127,-1.6416522473076536
1.357992565055762,-0.1897496858681933
1.3580545229244114,1.2120379457862425
1.3581164807930608,-0.12076484841180912
1.35817843866171,-1.7917353985638182
1.3582403965303593,-0.7874702063921981
1.3583023543990087,0.6572599098766325
1.358364312267658,-0.4391208587710314
1.3584262701363072,-1.7832860070222534
1.3584882280049566,-0.3823059879696772
1.358550185873606,1.2365481841046677
1.3586121437422554,-0.2648287445480506
1.3586741016109045,-2.263555312913672
1.358736059479554,-0.7725165161498373
1.3587980173482033,1.86472450259951
1.3588599752168526,0.8591100287909195
1.3589219330855018,-2.3095984086752512
1.3589838909541512,-2.275801198419007
1.3590458488228006,0.8464953504523015
1.3591078066914497,1.6913119657277946
1.359169764560099,-1.1009619435859945
1.3592317224287485,-2.711777053260124
1.3592936802973978,-0.44653589235435187
1.359355638166047,1.852256439875754
1.3594175960346964,0.4332931585459139
1.3594795539033457,-2.1312273759190346
1.3595415117719951,-1.4041736839081351
1.3596034696406443,1.3949665876192516
1.3596654275092936,1.3860303548990984
1.359727385377943,-1.6729952633121215
1.3597893432465924,-2.687412911933067
1.3598513011152416,0.2576161299362929
1.359913258983891,2.294399876644014
1.3599752168525403,-0.23649096296406863
1.3600371747211897,-3.241972698872196
1.3600991325898388,-1.426509202798159
1.3601610904584882,2.513312845768905
1.3602230483271376,2.0339262337120756
1.360285006195787,-2.150022100944763
1.3603469640644361,-3.0356670555731817
1.3604089219330855,0.8222875717821796
1.3604708798017349,2.833210424855703
1.3605328376703842,-0.3640976936512237
1.3605947955390334,-3.2881907428923993
1.3606567534076828,-1.152842536861243
1.3607187112763321,2.156852020511737
1.3607806691449813,1.1245097633373844
1.3608426270136307,-2.0789924757061033
1.36090458488228,-1.8311606888832017
1.3609665427509294,1.2837943013514936
1.3610285006195786,1.9462964100483426
1.361090458488228,-0.757861105679508
1.3611524163568773,-2.2410753414070594
1.3612143742255267,-0.2343321587997646
1.3612763320941759,1.888393935680048
1.3613382899628252,0.7831201733734692
1.3614002478314746,-1.9012956896498876
1.361462205700124,-2.21610349174704
1.3615241635687731,0.4826397492127838
1.3615861214374225,2.5744449911410694
1.361648079306072,0.8847684062754011
1.3617100371747213,-2.5845285996955134
1.3617719950433704,-2.5638200525649886
1.3618339529120198,1.782789550321222
1.3618959107806692,4.162431010499087
1.3619578686493186,0.03583377765359719
1.3620198265179677,-4.941026022673501
1.362081784386617,-2.4297595289623137
1.3621437422552665,4.421311456349371
1.3622057001239158,4.389936425458332
1.362267657992565,-3.293883560283281
1.3623296158612144,-6.105020032481934
1.3623915737298637,1.311976792583789
1.362453531598513,7.001142667231271
1.3625154894671623,1.210146626596244
1.3625774473358117,-6.448059731947538
1.362639405204461,-2.8672030611656694
1.3627013630731102,5.831462299550156
1.3627633209417596,4.61431591857674
1.362825278810409,-4.340806640401553
1.3628872366790583,-5.501110066722152
1.3629491945477075,2.8190982427676348
1.3630111524163568,5.898989407684361
1.3630731102850062,-1.220780272720047
1.3631350681536556,-5.568070587032021
1.3631970260223047,0.24999309424738003
1.3632589838909541,5.546859288908035
1.3633209417596035,1.3749761313761084
1.3633828996282529,-4.141419545049096
1.363444857496902,-1.4775112751363186
1.3635068153655514,3.669729430737582
1.3635687732342008,2.058411767967439
1.3636307311028502,-2.5242397269483234
1.3636926889714993,-1.6234213957539767
1.3637546468401487,2.2292541046889687
1.363816604708798,1.5217128644870639
1.3638785625774474,-1.7721410029060547
1.3639405204460966,-0.7637220021688902
1.364002478314746,2.7219037440543876
1.3640644361833953,1.751387936593192
1.3641263940520445,-2.2332467971536114
1.3641883519206939,-1.7716170331417014
1.3642503097893433,2.792389540760825
1.3643122676579926,3.4856348798928742
1.3643742255266418,-1.365385328125842
1.3644361833952912,-3.983413306076646
1.3644981412639405,0.038426971124143394
1.36456009913259,4.573213580984435
1.364622057001239,2.625345364226211
1.3646840148698884,-2.944785489612217
1.3647459727385378,-3.7260565625267486
1.3648079306071872,1.7826419660797135
1.3648698884758363,5.635908425195256
1.3649318463444857,1.783758957268524
1.364993804213135,-4.459155777239925
1.3650557620817845,-3.50754024341885
1.3651177199504336,3.6392410302185225
1.365179677819083,5.804604683097578
1.3652416356877324,-0.926199610820595
1.3653035935563818,-5.901394591905995
1.365365551425031,-0.7177322325026143
1.3654275092936803,6.278270290956321
1.3654894671623297,3.405518160808069
1.365551425030979,-4.357096757631899
1.3656133828996282,-3.608248714123509
1.3656753407682776,4.229408726701997
1.365737298636927,5.319705319537045
1.365799256505576,-2.2039199136542837
1.3658612143742255,-4.97351666700122
1.3659231722428749,1.7825823548151583
1.3659851301115242,5.84265680150416
1.3660470879801734,-0.027214966816738073
1.3661090458488228,-5.245668588473204
1.3661710037174721,-0.5024332131024736
1.3662329615861215,5.785123453224017
1.3662949194547707,2.734258155889408
1.36635687732342,-3.945461119368983
1.3664188351920694,-2.6458999561295062
1.3664807930607188,3.8284477538647828
1.366542750929368,4.087981956050024
1.3666047087980173,-1.7580968913420918
1.3666666666666667,-3.345758465482805
1.366728624535316,1.383763914436728
1.3667905824039652,3.616773615520874
1.3668525402726146,-0.13244080314910756
1.366914498141264,-2.6175775270112744
1.3669764560099134,0.5675242472012156
1.3670384138785625,3.50037050961112
1.3671003717472119,0.9088658377420034
1.3671623296158613,-2.581241601104014
1.3672242874845106,-0.7159374282776785
1.3672862453531598,3.4892728934612585
1.3673482032218092,2.7762262056858384
1.3674101610904585,-2.1329506351696232
1.3674721189591077,-3.4317466518236985
1.367534076827757,1.2242325348748848
1.3675960346964064,4.7101490709628555
1.3676579925650558,1.4640790578422396
1.367719950433705,-3.6677507651861667
1.3677819083023544,-2.7113772150867126
1.3678438661710037,3.102036935146356
1.367905824039653,5.040053250760633
1.3679677819083023,0.1509836020008002
1.3680297397769516,-4.250757146657096
1.368091697645601,-1.7162606768918938
1.3681536555142504,3.731926848249136
1.3682156133828995,3.9359709395007254
1.368277571251549,-1.2100623405773256
1.3683395291201983,-4.008770932431188
1.3684014869888477,-0.5275082652206164
1.3684634448574968,3.9604727951489274
1.3685254027261462,3.0137380722759453
1.3685873605947956,-1.716891907149139
1.368649318463445,-3.157082460436136
1.368711276332094,0.7938985933970263
1.3687732342007435,4.144787188495414
1.3688351920693929,1.6620517999151638
1.3688971499380422,-3.044934957384211
1.3689591078066914,-2.6806898183531396
1.3690210656753408,2.3619108451798416
1.3690830235439901,4.10981142366895
1.3691449814126393,-0.5034133949615629
1.3692069392812887,-4.242601570371562
1.369268897149938,-0.8187175017741002
1.3693308550185874,4.673733800971211
1.3693928128872366,3.484848619235658
1.369454770755886,-2.7505705808069165
1.3695167286245353,-4.3503760738444655
1.3695786864931847,1.2281874464489206
1.3696406443618339,5.439895434532986
1.3697026022304832,1.826165103074147
1.3697645600991326,-4.351940575312813
1.369826517967782,-4.104820415453126
1.3698884758364311,2.2781386891520015
1.3699504337050805,5.77957617849277
1.37001239157373,1.3023818524816115
1.3700743494423793,-5.033817847233416
1.3701363073110284,-3.968044199182167
1.3701982651796778,3.6195407926576295
1.3702602230483272,6.803448735985814
1.3703221809169766,0.12458786375075481
1.3703841387856257,-7.003008160041077
1.370446096654275,-3.373182831130245
1.3705080545229245,6.003312633933349
1.3705700123915738,6.325615801276891
1.370631970260223,-3.4546984975013544
1.3706939281288724,-7.803318450208155
1.3707558859975217,0.5890517316412047
1.370817843866171,8.262359720261342
1.3708798017348203,2.75156792978001
1.3709417596034696,-6.713057333763336
1.371003717472119,-4.556841749820366
1.3710656753407682,5.248630440479818
1.3711276332094176,6.278430681301505
1.371189591078067,-2.7792734743740484
1.3712515489467163,-6.689384668564817
1.3713135068153655,0.440282940268389
1.3713754646840148,6.2521341957594325
1.3714374225526642,1.621004919264346
1.3714993804213136,-5.021922746871164
1.3715613382899627,-2.992056320570747
1.3716232961586121,3.5505819009846435
1.3716852540272615,4.086836642082996
1.3717472118959109,-1.1800256082364355
1.37180916976456,-3.5317546735293854
1.3718711276332094,-0.31854520547209875
1.3719330855018588,2.6162515132757194
1.3719950433705081,1.3963902534538515
1.3720570012391573,-1.1887727623577704
1.3721189591078067,-1.643424243659457
1.372180916976456,-0.3314458599491117
1.3722428748451054,0.8599096931763887
1.3723048327137546,1.171899941492594
1.372366790582404,0.4738616418823262
1.3724287484510533,-0.8404300667955793
1.3724907063197025,-1.1913330921729777
1.3725526641883519,0.3557150523109549
1.3726146220570012,1.8506865245520983
1.3726765799256506,0.8088437020368983
1.3727385377942998,-1.5757770707348806
1.3728004956629491,-1.759425020968218
1.3728624535315985,0.5908146240413097
1.372924411400248,1.8773396321215583
1.372986369268897,0.21561166406168608
1.3730483271375464,-1.6555869991329293
1.3731102850061958,-0.835801508987926
1.3731722428748452,1.268267235668962
1.3732342007434943,1.4283570172858036
1.3732961586121437,-0.37582128661891945
1.373358116480793,-1.2569921563269317
1.3734200743494425,-0.027609881764792732
1.3734820322180916,1.1706358981112495
1.373543990086741,0.3352614768173803
1.3736059479553904,-1.2771658907565673
1.3736679058240397,-1.019135217946629
1.373729863692689,0.9525648666466444
1.3737918215613383,1.5302919322788044
1.3738537794299877,-0.5358185918497891
1.373915737298637,-2.0301267764456226
1.3739776951672862,-0.015163892920640354
1.3740396530359356,2.7293461825448126
1.374101610904585,1.3885294545545244
1.374163568773234,-2.5547222422346505
1.3742255266418835,-2.6645375886035447
1.3742874845105328,1.7749804653275683
1.3743494423791822,3.5476263593965665
1.3744114002478314,-0.7490101303594885
1.3744733581164807,-4.240412570347114
1.3745353159851301,-0.8708470641409787
1.3745972738537795,4.007915491600007
1.3746592317224287,2.3326173048306122
1.374721189591078,-2.9617015618507447
1.3747831474597274,-2.9591030677753203
1.3748451053283768,2.040699086892195
1.374907063197026,3.417977883587734
1.3749690210656753,-0.8347976337483318
1.3750309789343247,-3.2678736857858395
1.375092936802974,-0.2132471120677193
1.3751548946716232,2.574216479004307
1.3752168525402726,0.5878884624107079
1.375278810408922,-2.1613655787208286
1.3753407682775713,-0.9647772618057038
1.3754027261462205,1.7283985207669779
1.3754646840148699,1.3768388765784476
1.3755266418835193,-0.9872497125403603
1.3755885997521686,-1.297777703054879
1.3756505576208178,0.6602758643147704
1.3757125154894672,1.5221642124941162
1.3757744733581165,-0.04698609225600946
1.375836431226766,-1.6199985004683481
1.375898389095415,-0.8452328332749869
1.3759603469640644,1.1637143947196082
1.3760223048327138,1.3665636602016833
1.376084262701363,-0.7215164637576043
1.3761462205700123,-1.8536206335909073
1.3762081784386617,0.15764118062553664
1.376270136307311,2.38013192089082
1.3763320941759603,0.951393869997645
1.3763940520446096,-2.1295142186595917
1.376456009913259,-1.6538412678421441
1.3765179677819084,1.8138566111491399
1.3765799256505575,2.279503485033446
1.376641883519207,-1.3783963755254005
1.3767038413878563,-2.988318833954511
1.3767657992565057,0.36228636517164436
1.3768277571251548,3.056180886189492
1.3768897149938042,0.5787369320811817
1.3769516728624536,-2.7276289905609454
1.377013630731103,-1.2792102437652357
1.377075588599752,2.346675649913616
1.3771375464684015,2.198582388592909
1.3771995043370509,-1.2038144747818607
1.3772614622057002,-2.4518696718187423
1.3773234200743494,-0.08485680285457309
1.3773853779429988,2.0173582870269726
1.3774473358116481,1.0140419264085108
1.3775092936802975,-1.4419602564888172
1.3775712515489467,-2.0372064108603016
1.377633209417596,0.1330117709624532
1.3776951672862454,2.385335992510995
1.3777571251548946,1.4141288141569124
1.377819083023544,-1.845722301214947
1.3778810408921933,-2.4638046125720274
1.3779429987608427,1.0682048224739793
1.3780049566294919,3.284430094944518
1.3780669144981412,0.0736928541009394
1.3781288723667906,-3.68916940503975
1.37819083023544,-1.626455350318326
1.3782527881040891,2.983025744852552
1.3783147459727385,2.36647666295906
1.3783767038413879,-2.3112127147658628
1.3784386617100373,-2.9636257017997156
1.3785006195786864,1.3164439866142374
1.3785625774473358,3.091525276568711
1.3786245353159852,-0.19732601351602908
1.3786864931846345,-2.5523089316440792
1.3787484510532837,-0.5670293101580897
1.378810408921933,1.5923176529463328
1.3788723667905824,0.6538033477693057
1.3789343246592318,-0.9448823743720827
1.378996282527881,-0.9295903129013197
1.3790582403965304,-0.43101233715044485
1.3791201982651797,0.015903271093622662
1.379182156133829,1.0247010662454281
1.3792441140024783,0.9586520259887075
1.3793060718711276,-1.3671291469576912
1.379368029739777,-2.2660571536607175
1.3794299876084262,1.0642795829771514
1.3794919454770755,3.4818323140257905
1.379553903345725,-0.29716148945873133
1.3796158612143743,-4.750028607304623
1.3796778190830234,-1.6841457054173223
1.3797397769516728,4.446027766372052
1.3798017348203222,2.9061853724774194
1.3798636926889716,-4.218316653470557
1.3799256505576207,-4.702167374042794
1.37998760842627,2.5430042204259204
1.3800495662949195,5.285955020398308
1.3801115241635689,-0.8340597922490071
1.380173482032218,-5.21215738947929
1.3802354399008674,-1.0373511903654589
1.3802973977695168,3.8716490618334856
1.3803593556381661,1.6773880377236048
1.3804213135068153,-2.929472955273151
1.3804832713754647,-2.5714774385190595
1.380545229244114,0.7984509712032191
1.3806071871127634,1.4954769565773733
1.3806691449814126,-0.24438445721295077
1.380731102850062,-1.0191644724332014
1.3807930607187113,-0.5758353298406181
1.3808550185873607,-0.17682482869288774
1.3809169764560099,0.35029239310905
1.3809789343246592,0.618444688132538
1.3810408921933086,-0.5264531232317473
1.3811028500619578,-1.667092556986354
1.3811648079306071,-0.4461197184331055
1.3812267657992565,1.2750221099601555
1.381288723667906,-0.012140893274469211
1.381350681536555,-2.3602768883096377
1.3814126394052044,-1.1168496325339006
1.3814745972738538,2.037223882766191
1.3815365551425032,1.2800988804452498
1.3815985130111523,-2.495864925966456
1.3816604708798017,-2.490841996933278
1.381722428748451,1.7249187014031027
1.3817843866171005,2.7943060380261024
1.3818463444857496,-1.5194496162870583
1.381908302354399,-4.048501925447619
1.3819702602230484,-0.5406609829698388
1.3820322180916977,3.0487892459009123
1.382094175960347,0.8595728578743929
1.3821561338289963,-3.1825844939990873
1.3822180916976456,-2.4749670871260356
1.382280049566295,1.4228619948953258
1.3823420074349442,2.193193531429681
1.3824039653035936,-0.7660328386685159
1.382465923172243,-2.364751052967013
1.3825278810408923,-0.6380940600248034
1.3825898389095415,0.9508041585366771
1.3826517967781908,0.07105305142713125
1.3827137546468402,-1.1830330313961397
1.3827757125154894,-0.8364125722489303
1.3828376703841387,-0.23473378777527032
1.3828996282527881,-0.6521834406761697
1.3829615861214375,-0.678857038655299
1.3830235439900866,0.4186554219396684
1.383085501858736,0.46744803726291273
1.3831474597273854,-1.3255960282150343
1.3832094175960348,-1.754458384486237
1.383271375464684,0.6948535385935171
1.3833333333333333,1.8220246488203704
1.3833952912019827,-1.2405813139581308
1.383457249070632,-3.59818015066392
1.3835192069392812,-0.4602132110885252
1.3835811648079306,3.2079677653197503
1.38364312267658,0.4068530837315281
1.3837050805452293,-4.586094809208693
1.3837670384138785,-2.5394016395111194
1.3838289962825279,3.823056171770001
1.3838909541511772,3.3456177580767648
1.3839529120198266,-3.7505344600973585
1.3840148698884758,-5.279250540368008
1.3840768277571251,1.6544579915018787
1.3841387856257745,5.160887036604656
1.384200743494424,-0.7760864076634525
1.384262701363073,-6.024683839577061
1.3843246592317224,-2.1475811662503013
1.3843866171003718,3.7925307673314252
1.384448574969021,2.454602586321778
1.3845105328376703,-2.7396521121348316
1.3845724907063197,-3.476686226846488
1.384634448574969,-0.021409472918267308
1.3846964064436182,2.0219834135153834
1.3847583643122676,1.104382628426718
1.384820322180917,-0.9164285704983619
1.3848822800495664,-2.6176666293808135
1.3849442379182155,-2.1098574656696476
1.385006195786865,1.2770866801808358
1.3850681536555143,3.0083896293723438
1.3851301115241637,-0.9669653779455166
1.3851920693928128,-5.161791436212464
1.3852540272614622,-1.7296657203126413
1.3853159851301116,4.733766309957748
1.385377942998761,3.0633063243961374
1.38543990086741,-4.631305182031652
1.3855018587360595,-5.136891515660471
1.3855638166047088,2.798016092368755
1.3856257744733582,5.472355551602456
1.3856877323420074,-1.878207314371132
1.3857496902106567,-6.5699835306907985
1.3858116480793061,-0.7482304460929036
1.3858736059479555,5.238578504107022
1.3859355638166047,1.432684920083707
1.385997521685254,-4.970778207352712
1.3860594795539034,-3.1620786991177967
1.3861214374225526,3.076983633660836
1.386183395291202,3.3257927310769233
1.3862453531598513,-1.8676808900291035
1.3863073110285007,-3.647726905270927
1.3863692688971498,-0.026631353726616847
1.3864312267657992,2.5161740500298984
1.3864931846344486,0.478679338452409
1.386555142503098,-2.312865997113425
1.3866171003717471,-1.8446413789472214
1.3866790582403965,0.6008989033811254
1.3867410161090459,1.4107593229370117
1.3868029739776953,-0.1781616117205429
1.3868649318463444,-1.5762400230917264
1.3869268897149938,-0.7070430648141981
1.3869888475836432,1.0551095352673248
1.3870508054522925,0.9496211788040964
1.3871127633209417,-0.8610029100220289
1.387174721189591,-1.477603263130334
1.3872366790582404,0.009368305315182845
1.3872986369268898,1.0385633204489388
1.387360594795539,-0.08021425097959595
1.3874225526641883,-1.428847713626348
1.3874845105328377,-0.8104324752000969
1.387546468401487,0.795939632111654
1.3876084262701363,1.055953629371143
1.3876703841387856,-0.2468769193855207
1.387732342007435,-1.2181779148506389
1.3877942998760842,-0.46987469052275277
1.3878562577447335,1.1130063411032576
1.387918215613383,1.2285413028162897
1.3879801734820323,-0.748122571369365
1.3880421313506814,-2.1066297581033853
1.3881040892193308,-0.38178587875330433
1.3881660470879802,2.088542068432981
1.3882280049566296,1.1256807929941475
1.3882899628252787,-2.0171168252049925
1.388351920693928,-1.9465533891064875
1.3884138785625775,1.6185803305986486
1.3884758364312269,2.757069593001303
1.388537794299876,-0.52756392017807
1.3885997521685254,-2.628430461777951
1.3886617100371748,-0.09370831706444394
1.3887236679058241,2.4903016218514114
1.3887856257744733,0.8100521712832389
1.3888475836431227,-1.959095674791957
1.388909541511772,-1.3234474148109134
1.3889714993804214,1.1311104717626392
1.3890334572490706,1.5338554431276032
1.38909541511772,0.03399648813608325
1.3891573729863693,-0.9034050027758518
1.3892193308550187,-0.5077738516443457
1.3892812887236679,0.7141722548101888
1.3893432465923172,1.7797513332460153
1.3894052044609666,0.8729004122728519
1.3894671623296158,-1.775563598366332
1.3895291201982651,-2.03662604812905
1.3895910780669145,1.7288523844057657
1.3896530359355639,3.6721986698167353
1.389714993804213,-0.6200272788695868
1.3897769516728624,-4.611423661097072
1.3898389095415118,-0.5625988910740065
1.3899008674101612,5.710286007893784
1.3899628252788103,3.166886894197801
1.3900247831474597,-4.697400190740625
1.390086741016109,-4.407117666575941
1.3901486988847584,4.1243642762226695
1.3902106567534076,6.48732614533834
1.390272614622057,-1.6200271925575451
1.3903345724907064,-6.71782213422621
1.3903965303593557,-0.4528858528619344
1.3904584882280049,6.5728910102147005
1.3905204460966543,3.125105721801625
1.3905824039653036,-4.492620017140423
1.390644361833953,-4.060363995950093
1.3907063197026022,2.9235504917979607
1.3907682775712515,5.395326773447634
1.390830235439901,0.5253556603209761
1.3908921933085503,-3.789727662685125
1.3909541511771994,-1.935020945835124
1.3910161090458488,2.612805434947866
1.3910780669144982,3.6866666918648767
1.3911400247831474,0.273551461963245
1.3912019826517967,-3.1415479268396913
1.391263940520446,-2.086192096544554
1.3913258983890955,2.398755288036135
1.3913878562577446,4.356246869707778
1.391449814126394,0.6274567444263678
1.3915117719950434,-3.7687975085120535
1.3915737298636928,-2.048644757970161
1.391635687732342,3.7601856761189008
1.3916976456009913,4.8401180932916095
1.3917596034696407,-1.001806592733435
1.39182156133829,-5.103350394751431
1.3918835192069392,-0.9126634330094872
1.3919454770755886,5.342551314152544
1.392007434944238,3.816630612711374
1.3920693928128873,-3.3469226628011324
1.3921313506815365,-4.819317539588674
1.3921933085501859,2.073090219107806
1.3922552664188352,6.574340771258351
1.3923172242874846,1.3566721954736987
1.3923791821561338,-5.383315834635156
1.3924411400247831,-2.7373850621763123
1.3925030978934325,5.104543263469781
1.392565055762082,5.301023972982008
1.392627013630731,-2.6805427988364285
1.3926889714993804,-5.909249541141704
1.3927509293680298,0.9316160541348815
1.392812887236679,6.75051486688373
1.3928748451053283,2.1700322769654887
1.3929368029739777,-5.227255024374537
1.392998760842627,-3.432650274786304
1.3930607187112762,4.553746103933555
1.3931226765799256,5.922587356942238
1.393184634448575,-1.312556144696568
1.3932465923172244,-5.627845596546846
1.3933085501858735,-0.5449421383071003
1.393370508054523,5.627934291042767
1.3934324659231723,3.3310948870875605
1.3934944237918216,-3.5798369149924874
1.3935563816604708,-4.363988020389007
1.3936183395291202,1.9800292160192585
1.3936802973977696,5.589494019073877
1.393742255266419,1.1262027867185171
1.393804213135068,-4.22460908904525
1.3938661710037175,-2.159400783386642
1.3939281288723668,3.841212535053347
1.3939900867410162,4.200081643842314
1.3940520446096654,-1.5417691534912479
1.3941140024783147,-4.169957962257184
1.3941759603469641,0.29395794632864614
1.3942379182156135,4.369524668180661
1.3942998760842626,1.542178057356908
1.394361833952912,-3.2365744029626438
1.3944237918215614,-2.0627803555137545
1.3944857496902106,2.9183246555547124
1.39454770755886,3.4789776396144143
1.3946096654275093,-0.9951754979078236
1.3946716232961587,-2.959933761021249
1.3947335811648078,0.5348039911123452
1.3947955390334572,3.3847613618221257
1.3948574969021066,0.9507799114285578
1.394919454770756,-2.552929698604619
1.3949814126394051,-1.4974746081602437
1.3950433705080545,2.045092063727202
1.3951053283767039,2.275434258499177
1.3951672862453532,-0.7751428134471715
1.3952292441140024,-1.8805869488638767
1.3952912019826518,0.5421636016954315
1.3953531598513012,2.3113816324645287
1.3954151177199505,0.7510373451248573
1.3954770755885997,-1.2885273162696809
1.395539033457249,-0.6693854162325457
1.3956009913258984,1.1017001809876643
1.3956629491945478,1.035153832839358
1.395724907063197,-0.43244675381438813
1.3957868649318463,-0.8459596256372099
1.3958488228004957,0.11017394314084816
1.395910780669145,0.8084832827649733
1.3959727385377942,0.5833221676018852
1.3960346964064436,0.0519170567630848
1.396096654275093,-0.2856080783687944
1.3961586121437422,-0.097119531770257
1.3962205700123915,0.7302831732413877
1.396282527881041,1.100958415440891
1.3963444857496903,-0.14094933469912907
1.3964064436183394,-1.514161946589979
1.3964684014869888,-0.4727353687844533
1.3965303593556382,1.774262205612774
1.3965923172242876,1.3144604591121305
1.3966542750929367,-1.572173029681103
1.396716232961586,-1.9639982165943484
1.3967781908302355,1.2899211319286372
1.3968401486988848,2.8755031393460335
1.396902106567534,-0.03695038955961838
1.3969640644361834,-2.587906805421206
1.3970260223048327,-0.5407703514955887
1.3970879801734821,2.3826470898355674
1.3971499380421313,1.2074608315347453
1.3972118959107807,-1.7384888993115022
1.39727385377943,-1.4868424642898002
1.3973358116480794,0.900753930417024
1.3973977695167286,1.1467859548139772
1.397459727385378,-0.3947571637146743
1.3975216852540273,-0.4451025210563055
1.3975836431226767,0.596819601178785
1.3976456009913258,0.21286592825766998
1.3977075588599752,-0.6422326182307146
1.3977695167286246,0.30499997923398076
1.3978314745972737,1.3506342573008752
1.3978934324659231,-0.17236529429404923
1.3979553903345725,-1.9944409962241907
1.3980173482032219,-0.47890095622747963
1.398079306071871,2.1235573108750136
1.3981412639405204,1.0231329757458985
1.3982032218091698,-2.1810551833178544
1.3982651796778192,-1.6847207576395464
1.3983271375464683,2.0671330999091624
1.3983890954151177,2.5521113569185574
1.398451053283767,-1.3360868358842133
1.3985130111524164,-2.822459513151555
1.3985749690210656,0.9036386791131086
1.398636926889715,3.2368607593365235
1.3986988847583643,-0.36273863400574535
1.3987608426270137,-3.7712052134023395
1.3988228004956629,-0.6233834498889683
1.3988847583643123,3.861788505835576
1.3989467162329616,1.4779543663112735
1.399008674101611,-3.963782036536635
1.3990706319702602,-2.5247405250597077
1.3991325898389095,3.952278547211994
1.399194547707559,4.054485793545427
1.3992565055762083,-3.021544964471214
1.3993184634448574,-5.051852487782013
1.3993804213135068,1.8952275061962334
1.3994423791821562,5.775338223570448
1.3995043370508053,-0.5220621640421161
1.3995662949194547,-6.182639022559428
1.399628252788104,-1.2713500548177152
1.3996902106567535,5.633912563888629
1.3997521685254026,2.6264957704503438
1.399814126394052,-4.59228429619541
1.3998760842627014,-3.310245143521904
1.3999380421313508,3.6963467586876804
1.4,3.9626404688415895
1.4000619578686493,-2.322686160651634
1.4001239157372987,-3.7781809094479972
1.400185873605948,1.384578360762979
1.4002478314745972,3.388226462316087
1.4003097893432466,-0.8022683143832423
1.400371747211896,-3.1453765990486144
1.4004337050805453,0.10395201970255052
1.4004956629491945,2.6849851213781144
1.4005576208178439,0.5696873874356365
1.4006195786864932,-1.8373582794145227
1.4006815365551426,-0.7221625466595496
1.4007434944237918,1.342769784995166
1.4008054522924411,1.2780768631001065
1.4008674101610905,-0.06872250318398324
1.4009293680297399,-0.991836262216192
1.400991325898389,-1.000401248166952
1.4010532837670384,0.212907011940902
1.4011152416356878,1.6739644466846084
1.401177199504337,0.8575506794569998
1.4012391573729863,-1.8062927111980367
1.4013011152416357,-1.9169182079176519
1.401363073110285,1.542039252576325
1.4014250309789342,3.1497093961857368
1.4014869888475836,-0.0644998333643878
1.401548946716233,-2.923495548577309
1.4016109045848824,-0.784917133794863
1.4016728624535315,2.529514990042374
1.4017348203221809,1.6807403874783287
1.4017967781908303,-1.3629145809847505
1.4018587360594796,-1.7935201477154954
1.4019206939281288,0.09509835756536056
1.4019826517967782,1.1919730590104467
1.4020446096654275,1.0058839705058487
1.402106567534077,0.31037569277052657
1.402168525402726,-0.8959672258929985
1.4022304832713754,-1.1960517130954789
1.4022924411400248,1.0051139316741116
1.4023543990086742,2.772512610756561
1.4024163568773234,0.17017268131404922
1.4024783147459727,-3.3569209617682123
1.402540272614622,-1.2458091870897143
1.4026022304832715,3.703867264310347
1.4026641883519206,2.5720592917389893
1.40272614622057,-3.451746589115906
1.4027881040892194,-3.6774410475111834
1.4028500619578685,3.093766577787367
1.402912019826518,5.253455213500865
1.4029739776951673,-1.3830709889743618
1.4030359355638167,-5.519572141377067
1.4030978934324658,0.13774635885568176
1.4031598513011152,5.994825403272942
1.4032218091697646,2.091079333827106
1.403283767038414,-5.029652152079292
1.403345724907063,-3.810101809106717
1.4034076827757125,3.313989300135847
1.4034696406443619,4.959522879790233
1.4035315985130112,-0.7565004117054908
1.4035935563816604,-4.621694919869254
1.4036555142503098,-1.2678593017215516
1.4037174721189591,3.866479299651785
1.4037794299876085,3.5700815950862164
1.4038413878562577,-1.3158354098980003
1.403903345724907,-3.8682862605023716
1.4039653035935564,-0.6680531687904387
1.4040272614622058,3.5646575959658557
1.404089219330855,2.5340907426889987
1.4041511771995043,-2.262070042796069
1.4042131350681537,-3.4190071692103388
1.404275092936803,0.840079190460486
1.4043370508054522,3.6397695231464917
1.4043990086741016,0.7205404060041445
1.404460966542751,-2.625408494487509
1.4045229244114001,-0.924434229634049
1.4045848822800495,2.2893812462729146
1.404646840148699,1.4045902822599428
1.4047087980173483,-1.4191538560182777
1.4047707558859974,-1.0612876240301947
1.4048327137546468,1.1254096048159057
1.4048946716232962,0.7354383936432403
1.4049566294919456,-1.1159842557161848
1.4050185873605947,-0.5584122037872667
1.405080545229244,1.2550470335337272
1.4051425030978935,0.7013470975994709
1.4052044609665428,-1.0349942993998704
1.405266418835192,-0.40630862360086795
1.4053283767038414,1.4377134925590869
1.4053903345724907,0.8498057901086074
1.4054522924411401,-1.269422009293236
1.4055142503097893,-1.0909757375330553
1.4055762081784386,1.0794968536874214
1.405638166047088,1.3569991804678234
1.4057001239157374,-0.8821683332634758
1.4057620817843866,-1.971804922989311
1.405824039653036,0.009425075485408385
1.4058859975216853,2.217786077134191
1.4059479553903347,1.2734854041786365
1.4060099132589838,-1.7325713135333118
1.4060718711276332,-2.3719747519567904
1.4061338289962826,0.8626287485968736
1.4061957868649317,3.431658982434434
1.4062577447335811,0.7427404632500005
1.4063197026022305,-3.9149561445505356
1.4063816604708799,-3.0350013211066393
1.406443618339529,2.8489070176071527
1.4065055762081784,4.41332388810499
1.4065675340768278,-1.549491329359435
1.4066294919454772,-5.591642986252905
1.4066914498141263,-0.6415286295422713
1.4067534076827757,5.51440345641239
1.406815365551425,2.6833805312875736
1.4068773234200744,-4.501897315835299
1.4069392812887236,-4.271327956327854
1.407001239157373,2.5792535596498167
1.4070631970260223,4.542455966405253
1.4071251548946717,-1.1708848779282681
1.4071871127633209,-4.890421105644639
1.4072490706319702,-1.1202738674079982
1.4073110285006196,3.4525156197643065
1.407372986369269,1.9589069151347958
1.4074349442379182,-2.422212642447345
1.4074969021065675,-2.9394287807038197
1.407558859975217,0.5922918946448246
1.4076208178438663,2.829077218306613
1.4076827757125154,0.7784497503404656
1.4077447335811648,-2.715575604091548
1.4078066914498142,-2.817179448653044
1.4078686493184633,0.8993710122194754
1.4079306071871127,3.1057125177566176
1.407992565055762,-0.07187854235070759
1.4080545229244115,-4.232027985469179
1.4081164807930606,-2.4387417664788975
1.40817843866171,3.1593323093363446
1.4082403965303594,3.5497764719841722
1.4083023543990087,-2.3412626524821403
1.408364312267658,-4.9709039267862885
1.4084262701363073,0.13852700094630455
1.4084882280049567,4.518966382819425
1.408550185873606,0.8783914651952552
1.4086121437422552,-4.661561228601322
1.4086741016109046,-3.139810608760107
1.408736059479554,2.389323305251337
1.4087980173482033,2.7838243262950937
1.4088599752168525,-1.8767571202484645
1.4089219330855018,-3.5610077155995112
1.4089838909541512,-0.0785248248994676
1.4090458488228006,2.4055854325010797
1.4091078066914497,0.3108409992751633
1.4091697645600991,-2.3643542602175893
1.4092317224287485,-1.527342537809798
1.4092936802973979,0.8548518745426467
1.409355638166047,0.7985847452151237
1.4094175960346964,-1.4087679971447495
1.4094795539033458,-2.15035148115493
1.409541511771995,-0.25293243364062623
1.4096034696406443,1.2156901399918119
1.4096654275092937,-0.22657697607232785
1.409727385377943,-2.2420782848758805
1.4097893432465922,-1.1948572239077837
1.4098513011152416,1.458279589775192
1.409913258983891,1.0409416552991084
1.4099752168525403,-2.1071738906139057
1.4100371747211895,-2.5222007076511863
1.4100991325898389,0.723202966747847
1.4101610904584883,1.715060722316755
1.4102230483271376,-1.6806842462283742
1.4102850061957868,-3.274813397171225
1.4103469640644362,0.2211563221213887
1.4104089219330855,2.4273075364113432
1.410470879801735,-1.0997275104732172
1.410532837670384,-3.8106395308314216
1.4105947955390334,0.0029221351349953406
1.4106567534076828,3.6095262207410084
1.4107187112763322,-0.35294858327463186
1.4107806691449813,-5.271509433408416
1.4108426270136307,-1.716433487314074
1.41090458488228,4.516071646074844
1.4109665427509295,1.8092256340711366
1.4110285006195786,-5.760582979170433
1.411090458488228,-4.656784084722758
1.4111524163568774,3.766860742275095
1.4112143742255265,4.917947559446935
1.411276332094176,-3.2827835616886087
1.4113382899628253,-6.5618887840067845
1.4114002478314747,0.6037799125796373
1.4114622057001238,5.6652618545486755
1.4115241635687732,0.286006891418231
1.4115861214374226,-5.870948877669036
1.411648079306072,-2.8368275573288377
1.411710037174721,3.2529325590276965
1.4117719950433705,2.3116606935077284
1.4118339529120199,-2.9192937690743714
1.4118959107806692,-3.559085116614764
1.4119578686493184,0.3770952692245533
1.4120198265179678,2.1458797436465336
1.4120817843866171,-0.025903531593291174
1.4121437422552665,-2.0745325695393335
1.4122057001239157,-1.5386178302444837
1.412267657992565,0.24996457744912348
1.4123296158612144,1.1079377186630301
1.4123915737298638,-0.12450734607262648
1.412453531598513,-2.325077553237838
1.4125154894671623,-2.205243411895194
1.4125774473358117,0.927859339556512
1.412639405204461,2.2972335062919362
1.4127013630731102,-1.1740716780022882
1.4127633209417596,-4.087501345038456
1.412825278810409,-0.687948477129102
1.4128872366790581,4.017549173992462
1.4129491945477075,1.601741193991524
1.4130111524163569,-4.514072798961922
1.4130731102850063,-3.8151670474234725
1.4131350681536554,2.8922601336099305
1.4131970260223048,4.14727388763901
1.4132589838909542,-2.369788137657253
1.4133209417596035,-5.639491980318723
1.4133828996282527,-0.2776614105715285
1.413444857496902,4.596741166731635
1.4135068153655515,1.3059998615022597
1.4135687732342008,-4.071507481890733
1.41363073110285,-2.9206184793146575
1.4136926889714994,2.1678470817229485
1.4137546468401487,3.1164775898531616
1.413816604708798,-0.8035337914706764
1.4138785625774473,-3.4343831208451188
1.4139405204460966,-1.4624219334474249
1.414002478314746,1.9507740264568054
1.4140644361833954,2.1216771031453705
1.4141263940520445,-1.2728774437975348
1.414188351920694,-3.500488437872357
1.4142503097893433,-0.7640091046575408
1.4143122676579927,3.4467479801641447
1.4143742255266418,2.3317212752253993
1.4144361833952912,-3.0431991449261373
1.4144981412639406,-3.9026578752370638
1.4145600991325897,1.8341044777786217
1.414622057001239,4.747761420633873
1.4146840148698885,-0.5416963063897977
1.4147459727385379,-5.365961832058747
1.414807930607187,-1.479425031936552
1.4148698884758364,4.471085163485027
1.4149318463444858,2.488274457456612
1.4149938042131351,-3.4672971692052714
1.4150557620817843,-3.07335513064353
1.4151177199504337,2.255569988162889
1.415179677819083,3.091590189011142
1.4152416356877324,-0.9579481318850331
1.4153035935563816,-2.1070810122509993
1.415365551425031,0.7176813638178895
1.4154275092936803,1.3516578451890178
1.4154894671623297,-0.9678816080748065
1.4155514250309789,-0.9824695653558202
1.4156133828996282,1.4524098675649795
1.4156753407682776,1.1717066963493794
1.415737298636927,-1.6923990047203374
1.4157992565055761,-1.5785903857870802
1.4158612143742255,1.8621168094256793
1.415923172242875,2.790809018287818
1.4159851301115243,-0.41000664126150355
1.4160470879801734,-2.4828878798723335
1.4161090458488228,-0.3742700044692344
1.4161710037174722,2.344766337116327
1.4162329615861213,1.820538540404616
1.4162949194547707,-0.8289699527214411
1.41635687732342,-2.1206632711042115
1.4164188351920695,-0.5650690666967573
1.4164807930607186,2.144271654745036
1.416542750929368,2.60875154453695
1.4166047087980174,-0.3795079145941806
1.4166666666666667,-2.8840116734230237
1.416728624535316,-0.4275594043960971
1.4167905824039653,4.017684987112332
1.4168525402726146,2.9836377943143706
1.416914498141264,-2.916796628547755
1.4169764560099132,-4.067898914434773
1.4170384138785626,2.3695252258652255
1.417100371747212,5.931946442575318
1.4171623296158613,-0.2525991755172574
1.4172242874845105,-6.331948965258479
1.4172862453531598,-1.2253711152030857
1.4173482032218092,7.452004859540539
1.4174101610904586,4.730620473640044
1.4174721189591077,-5.7776761092907085
1.4175340768277571,-6.324006856617989
1.4175960346964065,4.965235328166909
1.4176579925650559,9.397096590521397
1.417719950433705,-1.2507533842299106
1.4177819083023544,-9.746155998121282
1.4178438661710038,-1.6329688888196277
1.417905824039653,9.945132648263623
1.4179677819083023,5.7534547595898395
1.4180297397769517,-7.174124084759793
1.418091697645601,-7.314122447712951
1.4181536555142502,5.2317571173241575
1.4182156133828996,9.505106740808287
1.418277571251549,-0.8109569446457386
1.4183395291201983,-7.9068735697388846
1.4184014869888475,-0.8223883082415389
1.4184634448574969,7.3400647894519535
1.4185254027261462,3.358610177843331
1.4185873605947956,-4.616750944989339
1.4186493184634448,-3.2433036574713827
1.4187112763320942,3.5943596180586317
1.4187732342007435,3.9645170787942616
1.418835192069393,-1.2949837771723232
1.418897149938042,-2.399473923883665
1.4189591078066914,1.5974332247437757
1.4190210656753408,3.0946759495848575
1.4190830235439902,0.22216700337810302
1.4191449814126393,-1.439163645354546
1.4192069392812887,0.3236502038563186
1.419268897149938,1.7724189049751975
1.4193308550185875,0.8407194481545244
1.4193928128872366,-0.3240603261048348
1.419454770755886,-0.18972000314645243
1.4195167286245354,0.4088168524712274
1.4195786864931845,0.8725488946627431
1.419640644361834,1.2006148912239911
1.4197026022304833,0.7983298218595102
1.4197645600991327,-0.2119943633271224
1.4198265179677818,-0.22228837424650807
1.4198884758364312,1.1045694291615966
1.4199504337050806,1.6375620734535514
1.42001239157373,0.300098485383136
1.420074349442379,-0.8679483677463334
1.4201363073110285,-0.11763563882922018
1.4201982651796778,1.181257735202871
1.4202602230483272,1.0870015114588842
1.4203221809169764,0.12991137126817365
1.4203841387856257,-0.08660823796225436
1.4204460966542751,0.49625111445851655
1.4205080545229245,0.8488354781239573
1.4205700123915737,0.6781968836988053
1.420631970260223,0.4727795887791084
1.4206939281288724,0.42677923998998063
1.4207558859975218,0.27216023417064283
1.420817843866171,-0.0044273785134996135
1.4208798017348203,0.07917346889483357
1.4209417596034697,0.6615226422204541
1.421003717472119,0.8785804974054965
1.4210656753407682,0.07732193989705283
1.4211276332094176,-0.5725514806295934
1.421189591078067,0.41200996458558636
1.4212515489467161,1.768678415709125
1.4213135068153655,0.9486718935203449
1.4213754646840149,-1.0581442391934717
1.4214374225526643,-0.629160079066529
1.4214993804213134,1.8195981728120136
1.4215613382899628,1.6761752973916566
1.4216232961586122,-1.4368798435053334
1.4216852540272615,-1.9484198536336432
1.4217472118959107,1.673580136052478
1.42180916976456,3.097359530330591
1.4218711276332094,-0.7606138232828242
1.4219330855018588,-3.2445513246040036
1.421995043370508,0.5850853525910296
1.4220570012391573,4.417199068117176
1.4221189591078067,1.333572945692232
1.422180916976456,-3.67627456582081
1.4222428748451053,-2.1410682271874846
1.4223048327137546,3.194423083409109
1.422366790582404,3.3419993558505703
1.4224287484510534,-1.6087665233832187
1.4224907063197025,-3.454172453217787
1.422552664188352,0.155375304517963
1.4226146220570013,3.0917079661652815
1.4226765799256507,1.5037237051628882
1.4227385377942998,-1.3780959197652616
1.4228004956629492,-1.6346309849461238
1.4228624535315986,0.3613585755654629
1.4229244114002477,1.9187522750084065
1.422986369268897,1.252505952090949
1.4230483271375465,-1.0039793653269173
1.4231102850061959,-1.9583703698013455
1.423172242874845,0.04741431264248375
1.4232342007434944,2.1060401339950365
1.4232961586121438,0.6797970662996353
1.4233581164807931,-1.9676469174541076
1.4234200743494423,-1.058969760660812
1.4234820322180917,1.9665255659264156
1.423543990086741,1.5929351099604694
1.4236059479553904,-1.5304665127241837
1.4236679058240396,-1.4979812030604909
1.423729863692689,1.6630167478803464
1.4237918215613383,1.765759424103761
1.4238537794299877,-1.699832856908381
1.4239157372986369,-2.2503104946609245
1.4239776951672862,1.286309523348612
1.4240396530359356,2.276066543352849
1.424101610904585,-1.188894010052192
1.4241635687732341,-2.5254396933402283
1.4242255266418835,0.888760836414518
1.4242874845105329,2.666614493160936
1.4243494423791823,-0.5023261719977932
1.4244114002478314,-2.561329212197979
1.4244733581164808,0.4026079732042279
1.4245353159851302,2.6496004138400355
1.4245972738537793,-0.3970346853879281
1.4246592317224287,-3.27933513868384
1.424721189591078,-0.4288040925240988
1.4247831474597275,3.2667074670381115
1.4248451053283766,0.957923429633912
1.424907063197026,-3.6310360970477102
1.4249690210656754,-2.3193011831360133
1.4250309789343247,3.1511012896157298
1.4250929368029739,3.6481282638738497
1.4251548946716233,-1.9372452497052
1.4252168525402726,-4.570881472494737
1.425278810408922,0.06846392818004343
1.4253407682775712,4.452959563840283
1.4254027261462205,1.4842164399387587
1.42546468401487,-4.065384118500088
1.4255266418835193,-3.437977325899503
1.4255885997521685,2.0999478422322904
1.4256505576208178,3.7565676285172023
1.4257125154894672,-0.5508918192315067
1.4257744733581166,-3.556291949227043
1.4258364312267657,-0.8932271084989395
1.425898389095415,2.5503689341786253
1.4259603469640645,1.545423620258985
1.4260223048327139,-1.4406408985649573
1.426084262701363,-1.643743974961354
1.4261462205700124,0.19685177428836065
1.4262081784386618,0.5886300795305894
1.426270136307311,-0.3414582831485218
1.4263320941759603,-0.3377151931680915
1.4263940520446097,0.21487507169321596
1.426456009913259,-0.2701262424229651
1.4265179677819082,-0.8215930113849299
1.4265799256505576,0.13849569128901473
1.426641883519207,1.2062831178009237
1.4267038413878563,0.3156384496414121
1.4267657992565055,-1.2436296951991075
1.4268277571251549,-0.91195302298189
1.4268897149938042,0.6389610608926146
1.4269516728624536,0.7666611900784752
1.4270136307311028,-0.5710556297943592
1.4270755885997521,-1.0404663782871695
1.4271375464684015,-0.07046612848746076
1.427199504337051,0.5239739766702411
1.4272614622057,-0.01617380017479375
1.4273234200743494,-0.29566763753381986
1.4273853779429988,0.35532179592389457
1.4274473358116482,0.5251994902956341
1.4275092936802973,-0.5279742099778675
1.4275712515489467,-1.025770113881307
1.427633209417596,0.35595800351825047
1.4276951672862455,1.4790831604365395
1.4277571251548946,-0.13887592666768178
1.427819083023544,-2.3631396851517597
1.4278810408921934,-1.0587660298827744
1.4279429987608425,2.4242866868415085
1.428004956629492,2.2325529869288725
1.4280669144981413,-1.9961957037454856
1.4281288723667906,-3.1878326549980383
1.4281908302354398,1.3954708020421611
1.4282527881040892,4.2626781580942135
1.4283147459727386,-0.04789883338528789
1.428376703841388,-4.645776788047324
1.428438661710037,-1.4250613270241774
1.4285006195786865,4.391706294089542
1.4285625774473358,2.6525857166488045
1.4286245353159852,-3.8835191362964117
1.4286864931846344,-3.9077319577573384
1.4287484510532837,2.796967195378869
1.4288104089219331,4.903373473313151
1.4288723667905825,-0.9186625589473225
1.4289343246592316,-4.683365494224962
1.428996282527881,-0.456144432663367
1.4290582403965304,4.315509494384223
1.4291201982651798,2.1690921254924813
1.429182156133829,-2.766100856540249
1.4292441140024783,-3.006880464833561
1.4293060718711277,0.7748614743152062
1.429368029739777,2.8257996157274485
1.4294299876084262,1.1952039662199452
1.4294919454770756,-1.4577295871336684
1.429553903345725,-2.1807212295016676
1.4296158612143741,-0.05099264579432061
1.4296778190830235,2.8666802831936327
1.4297397769516729,2.5637689900831764
1.4298017348203222,-1.4805326454121719
1.4298636926889714,-3.663403005030128
1.4299256505576208,-0.019948701974174532
1.4299876084262702,4.2443749407387585
1.4300495662949195,2.0415118285276272
1.4301115241635687,-3.5191784217723976
1.430173482032218,-3.416386387232497
1.4302354399008674,2.338167646531159
1.4302973977695168,4.456758608763325
1.430359355638166,-0.20864072063911493
1.4304213135068153,-3.714958449998389
1.4304832713754647,-0.6033344305347664
1.430545229244114,3.4728343983465297
1.4306071871127632,1.939583848902251
1.4306691449814126,-2.070749170839325
1.430731102850062,-1.99334335407163
1.4307930607187114,1.2616991916205313
1.4308550185873605,2.013191322958665
1.43091697645601,-0.33862878996407964
1.4309789343246593,-1.380950211577626
1.4310408921933087,0.2343602273206229
1.4311028500619578,1.3626902852391487
1.4311648079306072,0.5386544359607364
1.4312267657992566,-0.17591576328683195
1.4312887236679057,0.20256883319362773
1.431350681536555,0.2084503349342426
1.4314126394052045,-0.2736271887283066
1.4314745972738538,0.3391471758338218
1.431536555142503,1.2621485730483344
1.4315985130111524,0.03930524675936464
1.4316604708798017,-1.9548906832283555
1.4317224287484511,-0.6428527644644899
1.4317843866171003,2.837743883146693
1.4318463444857497,2.4199411839513134
1.431908302354399,-2.1959694170701987
1.4319702602230484,-3.3183946969881557
1.4320322180916976,1.8553027589758972
1.432094175960347,4.995022809366968
1.4321561338289963,0.17144308414181464
1.4322180916976457,-5.087248371755523
1.4322800495662948,-1.8592328842328907
1.4323420074349442,4.6292676807950635
1.4324039653035936,3.5122479503932826
1.432465923172243,-3.1804379198155894
1.4325278810408921,-4.144322326259855
1.4325898389095415,1.8623921801968852
1.4326517967781909,4.564457456565959
1.4327137546468403,0.09254603483752266
1.4327757125154894,-3.398063714553035
1.4328376703841388,-0.6036665531498073
1.4328996282527882,2.774513647831675
1.4329615861214373,1.1870501998231284
1.4330235439900867,-1.7992034564569548
1.433085501858736,-1.1575288185458694
1.4331474597273854,1.1278008166667595
1.4332094175960346,0.9358634989246724
1.433271375464684,-0.7307538197647172
1.4333333333333333,-0.6566515058929023
1.4333952912019827,0.7353822067384128
1.4334572490706319,0.9387154910351108
1.4335192069392813,-0.13517128272177625
1.4335811648079306,-0.6536305741968329
1.43364312267658,-0.03259184121842107
1.4337050805452292,0.6570089662053847
1.4337670384138785,0.40662325595503535
1.433828996282528,-0.6050298514482801
1.4338909541511773,-1.0637563748814585
1.4339529120198264,-0.04098489911290956
1.4340148698884758,1.177387236703836
1.4340768277571252,0.4831240030436368
1.4341387856257746,-1.296954716113811
1.4342007434944237,-1.0184806695217168
1.434262701363073,1.3063431894052
1.4343246592317225,1.7220468045439064
1.4343866171003719,-0.9415518131256431
1.434448574969021,-2.34795317593632
1.4345105328376704,0.0872887943687557
1.4345724907063198,2.2531162795957016
1.434634448574969,0.2210830941941455
1.4346964064436183,-2.68180090512197
1.4347583643122677,-1.4577235787439446
1.434820322180917,1.8574279672640694
1.4348822800495662,1.7542826525317432
1.4349442379182156,-1.2927164945506993
1.435006195786865,-2.0535265140285235
1.4350681536555143,0.3232131878108324
1.4351301115241635,1.5123476957943875
1.4351920693928129,-0.07136059655756366
1.4352540272614622,-1.2922264459018726
1.4353159851301116,-0.6114906559270354
1.4353779429987608,-0.14565917537618356
1.4354399008674101,-0.6161922731466634
1.4355018587360595,-0.16746906871060419
1.4355638166047089,0.8292269219078414
1.435625774473358,-0.20987710948846164
1.4356877323420074,-2.19590400904367
1.4357496902106568,-1.0355838946820959
1.4358116480793062,2.312132855594474
1.4358736059479553,1.8766469732496853
1.4359355638166047,-2.6945391952877324
1.435997521685254,-3.896209015336747
1.4360594795539035,0.9959901506300437
1.4361214374225526,3.961678234907358
1.436183395291202,-0.5598983712235079
1.4362453531598514,-5.285502600573048
1.4363073110285005,-1.9760202496099932
1.4363692688971499,4.041685791766213
1.4364312267657993,2.6449894838994616
1.4364931846344486,-3.656389237874044
1.4365551425030978,-4.156882145337377
1.4366171003717472,1.5922113568372804
1.4366790582403965,3.617150190989473
1.436741016109046,-1.0080629309335714
1.436802973977695,-4.103451372313406
1.4368649318463445,-1.2249220394126488
1.4369268897149938,1.8768563098398814
1.4369888475836432,0.5635810524262033
1.4370508054522924,-1.7512553804176365
1.4371127633209417,-1.454931867181216
1.437174721189591,-0.3425971762647011
1.4372366790582405,-0.21874127773987828
1.4372986369268896,0.1623687119271151
1.437360594795539,0.5596986690021826
1.4374225526641884,-0.9571346310631934
1.4374845105328378,-2.618859381475831
1.437546468401487,-0.9083758401978053
1.4376084262701363,1.963075222951559
1.4376703841387857,0.7167401699516152
1.437732342007435,-3.134842318200009
1.4377942998760842,-3.049090499071377
1.4378562577447336,1.035758690818006
1.437918215613383,2.398284393395449
1.437980173482032,-0.8136770128943238
1.4380421313506815,-2.9988796037231387
1.4381040892193309,-1.1840864114680967
1.4381660470879802,0.9992006809245452
1.4382280049566294,0.6364164699690544
1.4382899628252788,-0.7534791816570446
1.4383519206939281,-1.5844072570076944
1.4384138785625775,-1.8552177502689318
1.4384758364312267,-0.8497969937797619
1.438537794299876,1.1459265957272615
1.4385997521685254,0.9249061586273694
1.4386617100371748,-2.2519837510984027
1.438723667905824,-3.2694830385935063
1.4387856257744733,0.5391443051645783
1.4388475836431227,3.157139974685507
1.438909541511772,-0.38371628160863447
1.4389714993804212,-4.366274040403408
1.4390334572490706,-1.820604924467013
1.43909541511772,2.805375904331359
1.4391573729863694,1.3362462576484597
1.4392193308550185,-3.482621859135443
1.439281288723668,-3.1264801337109938
1.4393432465923173,1.397523560572342
1.4394052044609666,2.005382174547445
1.4394671623296158,-1.7149915310934243
1.4395291201982652,-2.6882661374568873
1.4395910780669146,0.3368476533928866
1.4396530359355637,1.4444516725136805
1.439714993804213,-0.953370341582547
1.4397769516728625,-2.003717950376013
1.4398389095415118,-0.14433086347928004
1.439900867410161,0.5720000879885485
1.4399628252788104,-1.2063544266498047
1.4400247831474597,-1.8034744116789632
1.4400867410161091,0.12750329738645866
1.4401486988847583,1.0352740622492038
1.4402106567534076,-0.8818219612840441
1.440272614622057,-2.285804695427518
1.4403345724907064,-0.4317900552860342
1.4403965303593556,1.978946516288977
1.440458488228005,0.8498797257070696
1.4405204460966543,-2.631730252336007
1.4405824039653037,-3.0862734797461275
1.4406443618339528,0.8839075500905031
1.4407063197026022,3.396426161332522
1.4407682775712516,-0.29866221920753366
1.440830235439901,-5.117381534877147
1.4408921933085501,-2.738980046804485
1.4409541511771995,4.198970702859116
1.4410161090458489,4.439529496221449
1.4410780669144982,-3.386190263663728
1.4411400247831474,-6.675308125099818
1.4412019826517968,0.7699913586322404
1.4412639405204462,7.090017271910741
1.4413258983890953,1.3923529007828224
1.4413878562577447,-7.351124066911357
1.441449814126394,-4.690550989351137
1.4415117719950434,5.046239133605931
1.4415737298636926,5.919198206471175
1.441635687732342,-3.173279684354261
1.4416976456009913,-7.230553290512165
1.4417596034696407,-0.02975058777651951
1.4418215613382899,6.628720983154814
1.4418835192069392,2.6463986370247703
1.4419454770755886,-5.142155848857649
1.442007434944238,-4.823441435980099
1.4420693928128872,2.5413010028140715
1.4421313506815365,5.595411802378463
1.442193308550186,-0.09848205773088763
1.4422552664188353,-5.875049741504875
1.4423172242874844,-2.930344015612336
1.4423791821561338,4.39304418623675
1.4424411400247832,4.776371891945354
1.4425030978934326,-2.500637004389251
1.4425650557620817,-5.738106724625345
1.442627013630731,0.5336581399946798
1.4426889714993805,6.044851895808012
1.4427509293680298,1.6414345043025813
1.442812887236679,-5.072526096533693
1.4428748451053284,-2.826335743247893
1.4429368029739778,3.8593266333686405
1.442998760842627,3.2603201989066464
1.4430607187112763,-2.7030408695001955
1.4431226765799257,-3.025489386333771
1.443184634448575,2.020159746909921
1.4432465923172242,2.684868816661053
1.4433085501858736,-1.3524130769712661
1.443370508054523,-1.5372363312682806
1.4434324659231723,2.163814787439871
1.4434944237918215,1.7933719414465625
1.4435563816604708,-2.071957408845613
1.4436183395291202,-1.3940782525599638
1.4436802973977696,2.8360850839522374
1.4437422552664188,2.0815730757402373
1.4438042131350681,-2.6884111766616963
1.4438661710037175,-2.3024283293425762
1.4439281288723669,2.872394898136056
1.443990086741016,3.3092426866899816
1.4440520446096654,-1.6633778592112582
1.4441140024783148,-2.752365347918024
1.4441759603469642,1.8276050905644747
1.4442379182156133,3.6036231998651536
1.4442998760842627,-0.18081651149306088
1.444361833952912,-2.4525655820086554
1.4444237918215614,0.12331542881733859
1.4444857496902106,2.3597606232344943
1.44454770755886,1.0149760304359636
1.4446096654275093,-0.7985949555523972
1.4446716232961585,-0.6715601602557018
1.4447335811648079,0.3196930785182195
1.4447955390334573,1.4213996020570088
1.4448574969021066,2.0315911570562046
1.4449194547707558,0.40065109214798533
1.4449814126394052,-2.0568839638556016
1.4450433705080545,-0.584592226290102
1.445105328376704,3.772196239927623
1.445167286245353,3.23361747886334
1.4452292441140024,-2.8457777006091414
1.4452912019826518,-4.244940157263752
1.4453531598513012,2.6209176115812935
1.4454151177199503,6.426379180583607
1.4454770755885997,0.011043937389733083
1.445539033457249,-5.941287608269622
1.4456009913258985,-0.923583718639464
1.4456629491945476,6.693234997656821
1.445724907063197,4.079989734334836
1.4457868649318464,-3.9632706553287274
1.4458488228004958,-4.014568239730622
1.445910780669145,3.055114250247298
1.4459727385377943,5.141764440530545
1.4460346964064437,-0.14124235363733245
1.446096654275093,-3.451833467519111
1.4461586121437422,-0.4659580005504058
1.4462205700123916,2.9731214550133487
1.446282527881041,2.236514892854704
1.44634448574969,-0.189544863363998
1.4464064436183395,-0.8303379378063513
1.4464684014869889,0.26045722993055587
1.4465303593556382,1.5373065624367142
1.4465923172242874,1.773042861467927
1.4466542750929368,0.45703872382149124
1.4467162329615861,-0.9393250907673656
1.4467781908302355,-0.20089509862319055
1.4468401486988847,1.7015832917496798
1.446902106567534,1.5291798261891705
1.4469640644361834,-0.49092772841339416
1.4470260223048328,-0.6987318943035792
1.447087980173482,1.3652895970752115
1.4471499380421313,2.01365482330774
1.4472118959107807,0.2105642520433717
1.44727385377943,-0.6607441149042004
1.4473358116480792,0.7889477694263044
1.4473977695167286,1.679234191931631
1.447459727385378,0.5131481226512473
1.4475216852540274,-0.44592827637169163
1.4475836431226765,0.14935270508457799
1.4476456009913259,0.7538480831539549
1.4477075588599753,0.6091810009216629
1.4477695167286246,0.717940996070533
1.4478314745972738,0.8322759628494607
1.4478934324659232,-0.0005557801061681356
1.4479553903345725,-0.37898819125885397
1.4480173482032217,1.217973900688118
1.448079306071871,2.382347440576903
1.4481412639405205,0.3483313114514235
1.4482032218091698,-2.072107049643245
1.448265179677819,-0.4593401887550974
1.4483271375464684,2.9206432426760784
1.4483890954151177,2.172253798041171
1.448451053283767,-1.8240491567166863
1.4485130111524163,-2.3137758388456753
1.4485749690210656,1.7370041918842283
1.448636926889715,3.6196109458628793
1.4486988847583644,0.32685995895114495
1.4487608426270135,-2.4478072004519134
1.448822800495663,-0.25939187800174945
1.4488847583643123,2.7898615456429514
1.4489467162329617,1.6047512857791397
1.4490086741016108,-1.403552131656611
1.4490706319702602,-1.2257401997761246
1.4491325898389096,1.173385936275843
1.449194547707559,1.4666421230912747
1.449256505576208,-0.24254445906430377
1.4493184634448575,-0.5170153390769643
1.4493804213135069,0.7498669699512961
1.4494423791821562,0.8276272067993278
1.4495043370508054,-0.1273272845501201
1.4495662949194548,0.28318033411304055
1.4496282527881041,1.301508599984092
1.4496902106567533,0.23583476559179517
1.4497521685254027,-1.5409896772327056
1.449814126394052,-0.2896446143899767
1.4498760842627014,2.477792333721439
1.4499380421313506,1.4135931846196685
1.45,-2.672601452643794
1.4500619578686493,-2.5779066660881584
1.4501239157372987,2.7860181937343693
1.4501858736059479,4.729314969668675
1.4502478314745972,-1.0292686850817412
1.4503097893432466,-5.563246059630649
1.450371747211896,-0.6346573488743816
1.4504337050805451,6.4348125173058515
1.4504956629491945,3.5696370093226157
1.450557620817844,-5.523450119727752
1.4506195786864933,-6.107786984631656
1.4506815365551424,3.3714724158026335
1.4507434944237918,7.7336082622603035
1.4508054522924412,-0.3764899267789461
1.4508674101610906,-7.920227627688594
1.4509293680297397,-2.5293276233034945
1.450991325898389,7.086124215240024
1.4510532837670385,5.364303582967211
1.4511152416356878,-4.637034474478575
1.451177199504337,-6.619129457125445
1.4512391573729864,2.091640650575096
1.4513011152416357,6.819069298880726
1.451363073110285,0.1858021178207619
1.4514250309789343,-6.403410137451867
1.4514869888475836,-2.415737510215205
1.451548946716233,4.922291521031184
1.4516109045848822,3.654656117369351
1.4516728624535316,-3.367519727507494
1.451734820322181,-4.390418058297618
1.4517967781908303,1.7389947529556777
1.4518587360594795,4.762494416751411
1.4519206939281288,0.1335501602391146
1.4519826517967782,-4.517867505484562
1.4520446096654276,-2.155656602234475
1.4521065675340767,3.1746866141380625
1.4521685254027261,3.26333957240252
1.4522304832713755,-1.9300713685904123
1.4522924411400249,-4.553091499387876
1.452354399008674,-0.5038414044163111
1.4524163568773234,4.346876796119561
1.4524783147459728,2.537952844080797
1.4525402726146222,-3.4611210493242788
1.4526022304832713,-4.254074061395141
1.4526641883519207,1.7929788331637317
1.45272614622057,5.0202702310606675
1.4527881040892194,-0.23648321411521467
1.4528500619578686,-5.571620677294825
1.452912019826518,-1.970331553060458
1.4529739776951673,4.5637979517631235
1.4530359355638165,2.794411266772353
1.4530978934324659,-4.197903360130088
1.4531598513011152,-4.088232057187353
1.4532218091697646,3.0234493310845005
1.4532837670384138,4.6398879146760645
1.4533457249070632,-2.0282922361421525
1.4534076827757125,-5.180127440330844
1.453469640644362,0.5739511978736398
1.453531598513011,4.929976903800755
1.4535935563816604,0.38866139157148183
1.4536555142503098,-4.963916150452319
1.4537174721189592,-2.2475106097190722
1.4537794299876083,3.293566628234502
1.4538413878562577,2.5668814056324925
1.453903345724907,-2.131799539396483
1.4539653035935565,-2.8426751699701804
1.4540272614622056,0.4443310408606793
1.454089219330855,1.9096122597049878
1.4541511771995044,0.42273835435268814
1.4542131350681538,-0.7203825792686184
1.454275092936803,-0.7326643045213834
1.4543370508054523,-0.9142039552746338
1.4543990086741017,-0.5580140862480406
1.454460966542751,0.963990736774888
1.4545229244114002,1.2471056302112782
1.4545848822800496,-1.0648183723669447
1.454646840148699,-2.5937498269953663
1.454708798017348,-0.3549572399640425
1.4547707558859975,2.626795063980099
1.4548327137546468,1.7079585465173746
1.4548946716232962,-1.8582517114612647
1.4549566294919454,-2.7702698224947593
1.4550185873605948,0.213034038360066
1.4550805452292441,2.6329279462265056
1.4551425030978935,1.038335796725384
1.4552044609665427,-2.254973318127461
1.455266418835192,-2.653644151803304
1.4553283767038414,0.37895971669051165
1.4553903345724908,2.6678482798626217
1.45545229244114,1.0503012646955612
1.4555142503097893,-2.1802740351471073
1.4555762081784387,-2.330220723916831
1.455638166047088,1.0026723076414925
1.4557001239157372,3.0590038498220053
1.4557620817843866,0.6200643543631198
1.455824039653036,-3.0454297776646175
1.4558859975216853,-2.511341115555611
1.4559479553903345,1.792757071169775
1.4560099132589839,3.5455892050118223
1.4560718711276333,-0.39988481652760194
1.4561338289962826,-4.488518720859332
1.4561957868649318,-1.9429624589848873
1.4562577447335812,4.252444811611518
1.4563197026022305,4.442207664484925
1.4563816604708797,-2.6304276516390317
1.456443618339529,-6.146956414802158
1.4565055762081784,0.29845148086738915
1.4565675340768278,7.0283156329924115
1.456629491945477,2.6965044259160185
1.4566914498141263,-6.507918032545498
1.4567534076827757,-5.710570617258853
1.456815365551425,4.197444846908682
1.4568773234200743,7.335887729411747
1.4569392812887236,-1.1878519706779767
1.457001239157373,-7.350719641280587
1.4570631970260224,-1.574415800576417
1.4571251548946715,6.201972846639812
1.457187112763321,3.9660263073917665
1.4572490706319703,-3.42742595722535
1.4573110285006197,-4.301978814310619
1.4573729863692688,0.9833033388207675
1.4574349442379182,3.402102903044053
1.4574969021065676,0.7180908488444843
1.457558859975217,-1.6941194934888233
1.457620817843866,-1.2602818481904121
1.4576827757125155,-0.06308862754666045
1.4577447335811649,0.8159887248009592
1.4578066914498142,1.5468904976157376
1.4578686493184634,0.8610591009866457
1.4579306071871128,-1.294945248333227
1.4579925650557621,-1.6738194289813597
1.4580545229244113,0.9999866124178759
1.4581164807930607,2.625918146099127
1.45817843866171,0.2002243865542952
1.4582403965303594,-2.588340670824721
1.4583023543990086,-1.2335688766070732
1.458364312267658,2.048326644488458
1.4584262701363073,2.075732450202079
1.4584882280049567,-0.901076030939694
1.4585501858736059,-2.027756471387571
1.4586121437422552,0.3288618479253116
1.4586741016109046,2.4472291234889827
1.458736059479554,1.1676743655775066
1.4587980173482031,-1.5747843283368792
1.4588599752168525,-1.7133967499131297
1.4589219330855019,1.0140106753632308
1.4589838909541513,2.4525714050118275
1.4590458488228004,0.09990868947030895
1.4591078066914498,-2.612945941022402
1.4591697645600992,-1.181092594721405
1.4592317224287485,2.499294795388386
1.4592936802973977,2.5679488643135833
1.459355638166047,-1.199501374703959
1.4594175960346965,-2.6421585336899542
1.4594795539033458,0.5689604331147264
1.459541511771995,3.0020364196284453
1.4596034696406444,0.7913732774757207
1.4596654275092937,-2.0684039946302986
1.459727385377943,-1.1372981893749317
1.4597893432465923,1.1702828793149194
1.4598513011152416,0.916232474887855
1.459913258983891,-0.43854141694679694
1.4599752168525402,-0.020131357104443887
1.4600371747211895,0.6686763559889486
1.460099132589839,-0.39882550123050176
1.4601610904584883,-0.9038277895139499
1.4602230483271375,1.1186704981630344
1.4602850061957868,2.3178435708775904
1.4603469640644362,-0.25954230227421826
1.4604089219330856,-2.8626423862816144
1.4604708798017347,-0.8843858830435654
1.460532837670384,2.78641863686007
1.4605947955390335,2.167903380812426
1.4606567534076829,-1.8478964689408564
1.460718711276332,-2.9931717044811714
1.4607806691449814,0.3226258947142271
1.4608426270136308,3.0528593880774055
1.4609045848822801,1.5965175599075794
1.4609665427509293,-1.5558627974114572
1.4610285006195787,-2.2290521453479197
1.461090458488228,0.0408207908434961
1.4611524163568774,2.2059742339335195
1.4612143742255266,1.533743826549111
1.461276332094176,-1.2865756876043821
1.4613382899628253,-2.6388801593658844
1.4614002478314747,-0.4522091685234986
1.4614622057001239,2.3930286610228846
1.4615241635687732,1.6899797994543864
1.4615861214374226,-1.5517232432563781
1.4616480793060718,-2.2695289192115973
1.4617100371747211,0.6096787947008284
1.4617719950433705,2.368753239117485
1.46183395291202,0.32680441522049763
1.461895910780669,-1.9121727414854193
1.4619578686493184,-0.8995904251253499
1.4620198265179678,1.0338259081186696
1.4620817843866172,0.4715824796594814
1.4621437422552663,-1.1297999982722182
1.4622057001239157,-0.6892821222633061
1.462267657992565,0.7704812870503215
1.4623296158612145,0.4161522768464464
1.4623915737298636,-0.9794182570941854
1.462453531598513,-0.6602223176727477
1.4625154894671624,0.8836216260343366
1.4625774473358117,0.8448649757103346
1.462639405204461,-0.8235405780310965
1.4627013630731103,-1.416402951530806
1.4627633209417596,-0.14762530238920823
1.462825278810409,0.7888031102994065
1.4628872366790582,-0.0017223737952563045
1.4629491945477076,-1.1383552269765953
1.463011152416357,-0.9024065984195726
1.4630731102850063,0.2751454171370402
1.4631350681536555,0.6668899076097499
1.4631970260223048,-0.2376695323357383
1.4632589838909542,-0.9894911254087866
1.4633209417596034,-0.31285092217728216
1.4633828996282527,0.681426388859623
1.4634448574969021,0.011679707390981786
1.4635068153655515,-1.5535498489120096
1.4635687732342006,-1.1933011556067428
1.46363073110285,0.8888561438119205
1.4636926889714994,0.9793322394170665
1.4637546468401488,-1.6377624366133225
1.463816604708798,-2.469738610788493
1.4638785625774473,0.5498325481650055
1.4639405204460967,2.5606396146707207
1.464002478314746,-0.17650105388945458
1.4640644361833952,-3.2158139411084985
1.4641263940520446,-1.3542398507223545
1.464188351920694,2.093206408206518
1.4642503097893433,1.1752575329308121
1.4643122676579925,-2.193838545646186
1.4643742255266419,-2.22086520072463
1.4644361833952912,0.30777845928587333
1.4644981412639406,0.580520003794436
1.4645600991325898,-0.8571342647632296
1.4646220570012392,-0.4179394225727995
1.4646840148698885,0.48053755650428154
1.464745972738538,-1.0843827129628973
1.464807930607187,-2.1125624198531283
1.4648698884758364,0.6585797571208398
1.4649318463444858,2.55166191042065
1.464993804213135,-1.1355889943754713
1.4650557620817843,-4.641805501867937
1.4651177199504337,-1.0425949319069583
1.465179677819083,3.949692120351161
1.4652416356877322,1.1447865748904522
1.4653035935563816,-4.886636951731425
1.465365551425031,-3.2356615883508333
1.4654275092936804,3.4014469726259495
1.4654894671623295,3.232248294001491
1.465551425030979,-3.266288472356301
1.4656133828996283,-4.398856639732951
1.4656753407682777,1.4399333563271486
1.4657372986369268,3.474945135585968
1.4657992565055762,-1.5537521271703836
1.4658612143742256,-4.382705027731881
1.465923172242875,-0.6265229364826402
1.465985130111524,2.4823343962185325
1.4660470879801735,0.2311052771543175
1.4661090458488228,-2.4334176874140505
1.4661710037174722,-1.4858531184999988
1.4662329615861214,0.2117522049286591
1.4662949194547708,0.33138328724365235
1.4663568773234201,0.3333665474945935
1.4664188351920695,0.0005644971900961027
1.4664807930607187,-2.019799050831611
1.466542750929368,-2.7634197984296285
1.4666047087980174,0.6187025465592952
1.4666666666666666,3.2179298033641595
1.466728624535316,-0.5222552558048333
1.4667905824039653,-5.31376780426841
1.4668525402726147,-2.5109352877502005
1.4669144981412638,4.136975502474648
1.4669764560099132,3.6417198290757833
1.4670384138785626,-3.398828294861334
1.467100371747212,-5.475056862882045
1.4671623296158611,0.4703157003815167
1.4672242874845105,4.528501158671481
1.4672862453531599,0.7349140185584345
1.4673482032218093,-4.253680608267853
1.4674101610904584,-3.218869107121688
1.4674721189591078,1.1487898367536569
1.4675340768277572,2.434337530500633
1.4675960346964065,-0.12120063283601445
1.4676579925650557,-2.545530824316001
1.467719950433705,-2.022990596380491
1.4677819083023544,0.6343284010048134
1.4678438661710038,2.1300364752314564
1.467905824039653,0.20842579026889452
1.4679677819083023,-2.7446707897977007
1.4680297397769517,-2.145537790220213
1.468091697645601,1.4300722877645322
1.4681536555142503,2.1239901106989656
1.4682156133828996,-1.6102331585496423
1.468277571251549,-3.599371467307493
1.4683395291201982,-0.14720850496441829
1.4684014869888475,3.1756158786210786
1.468463444857497,0.7419164498199065
1.4685254027261463,-3.3996696692510615
1.4685873605947954,-2.287308439544443
1.4686493184634448,2.2759319352847003
1.4687112763320942,2.8855629989600544
1.4687732342007436,-1.3666607158831914
1.4688351920693927,-3.857265478852449
1.468897149938042,-1.012651856461551
1.4689591078066915,2.719369384266703
1.4690210656753409,1.9586278100251697
1.46908302354399,-2.003732680396214
1.4691449814126394,-3.397765265924569
1.4692069392812888,-0.11410266236782052
1.4692688971499381,3.2519833479184026
1.4693308550185873,1.7610797191346477
1.4693928128872367,-2.472038331457497
1.469454770755886,-3.019360332995177
1.4695167286245354,0.9663914016786435
1.4695786864931846,3.101850823225525
1.469640644361834,0.0006230129455246924
1.4697026022304833,-3.115941692828603
1.4697645600991327,-1.2528237150385926
1.4698265179677819,2.0542610957785303
1.4698884758364312,1.3183004064697341
1.4699504337050806,-1.4348501498028208
1.4700123915737298,-1.0713478580414626
1.4700743494423791,1.2370581413341637
1.4701363073110285,0.9567501610248901
1.4701982651796779,-0.9870884638502408
1.470260223048327,-0.5260656473879527
1.4703221809169764,1.260427239009061
1.4703841387856258,0.4315180000669153
1.4704460966542752,-1.620831292819818
1.4705080545229243,-0.6413414772937913
1.4705700123915737,1.8398374317497594
1.470631970260223,0.9714486078013078
1.4706939281288725,-1.874123141332567
1.4707558859975216,-1.0936219378714718
1.470817843866171,2.451767687967985
1.4708798017348204,2.286297454109679
1.4709417596034697,-1.8167733223635207
1.4710037174721189,-2.6722727523689396
1.4710656753407683,1.6752208657236078
1.4711276332094176,3.856737298360186
1.471189591078067,-0.3342538211190509
1.4712515489467162,-4.220978335100729
1.4713135068153655,-1.0843256505651802
1.471375464684015,4.3731443304970234
1.4714374225526643,3.3434703130836496
1.4714993804213135,-2.723540097673543
1.4715613382899628,-4.15569393656348
1.4716232961586122,1.575188093410635
1.4716852540272614,5.626588061040865
1.4717472118959107,1.5505206164328824
1.47180916976456,-4.478365986068413
1.4718711276332095,-3.138156099348398
1.4719330855018586,3.469690421892355
1.471995043370508,5.019548683870906
1.4720570012391574,-0.8616522895521511
1.4721189591078068,-4.871408630471709
1.472180916976456,-0.7451303406726445
1.4722428748451053,4.9454896188555555
1.4723048327137547,3.4194101625625573
1.472366790582404,-2.5125818993571776
1.4724287484510532,-3.411642392961041
1.4724907063197026,1.7205806404214194
1.472552664188352,4.506638197542587
1.4726146220570013,0.8476382330764243
1.4726765799256505,-3.202964040776552
1.4727385377942999,-1.589543264410946
1.4728004956629492,2.7148089427050572
1.4728624535315986,3.1348385233125473
1.4729244114002478,-0.5138949172558891
1.4729863692688971,-2.5015231798587636
1.4730483271375465,0.023671034972667426
1.473110285006196,3.240331052588798
1.473172242874845,2.470348033176841
1.4732342007434944,-1.130257885993009
1.4732961586121438,-2.2567712632863843
1.473358116480793,0.8010251943695119
1.4734200743494423,3.398302103803081
1.4734820322180917,1.3913585376950048
1.473543990086741,-2.2376104965151087
1.4736059479553902,-1.7520262943185572
1.4736679058240396,2.1458266237812866
1.473729863692689,3.275650838482795
1.4737918215613384,0.04992662276533355
1.4738537794299875,-2.0398682720499375
1.473915737298637,0.23548725643672763
1.4739776951672863,2.718319850374812
1.4740396530359356,1.4449727291031078
1.4741016109045848,-0.8688232137418419
1.4741635687732342,-0.41964122773689105
1.4742255266418836,1.1166360757304525
1.474287484510533,0.7282957976156492
1.474349442379182,-0.12535477734067849
1.4744114002478315,0.7489761801466184
1.4744733581164808,1.3331374887991936
1.4745353159851302,-0.21214771124567866
1.4745972738537794,-0.859067719959011
1.4746592317224287,1.577110596868137
1.4747211895910781,2.9626601206109253
1.4747831474597275,-0.06556310662786613
1.4748451053283766,-2.6791260509247268
1.474907063197026,0.29209231713754114
1.4749690210656754,4.10028112070904
1.4750309789343246,1.5518428597606224
1.475092936802974,-3.531495443767008
1.4751548946716233,-2.031850113781454
1.4752168525402727,4.048754184941593
1.4752788104089218,4.1877283098455385
1.4753407682775712,-2.172488193942903
1.4754027261462206,-4.030887055294111
1.47546468401487,2.0529076195840763
1.4755266418835191,5.668926874252946
1.4755885997521685,0.5596022817383011
1.4756505576208179,-4.6140938158643365
1.4757125154894672,-1.361833717350963
1.4757744733581164,4.440242977331596
1.4758364312267658,3.252979971530223
1.4758983890954152,-2.3256789274694194
1.4759603469640645,-3.1654920233212667
1.4760223048327137,1.2724323529118018
1.476084262701363,3.7573009897836047
1.4761462205700124,1.4552355185787347
1.4762081784386618,-1.537309016236363
1.476270136307311,-1.6643905303255067
1.4763320941759603,0.5770629876845881
1.4763940520446097,2.7625964375095053
1.476456009913259,2.2261020871329666
1.4765179677819082,-1.42419258625203
1.4765799256505576,-3.5943552585372256
1.476641883519207,0.1258037483204555
1.4767038413878562,5.149896560008448
1.4767657992565055,2.8040891630334652
1.476827757125155,-4.440623283863027
1.4768897149938043,-4.460149377904578
1.4769516728624534,4.092206039484552
1.4770136307311028,7.230994817736242
1.4770755885997522,-1.231878398154059
1.4771375464684016,-7.589305643595962
1.4771995043370507,-0.8085182081551416
1.4772614622057,7.8549793554777105
1.4773234200743495,3.59367643322579
1.4773853779429988,-6.380943354507191
1.477447335811648,-5.216111855108608
1.4775092936802974,4.732291774826216
1.4775712515489468,6.6355279487411645
1.4776332094175961,-1.8731939423896629
1.4776951672862453,-5.965963304862761
1.4777571251548947,0.36687029952757755
1.477819083023544,5.619691612408786
1.4778810408921934,1.6959547680165885
1.4779429987608426,-3.7720597030503353
1.478004956629492,-2.263019619404181
1.4780669144981413,2.2701499290462372
1.4781288723667907,2.3592823830572183
1.4781908302354398,-0.820364424445791
1.4782527881040892,-1.7095537355726769
1.4783147459727386,0.12880559517560952
1.4783767038413878,1.2372647832192278
1.4784386617100371,0.6239834184250024
1.4785006195786865,-0.06920158219691874
1.4785625774473359,-0.11407636440478534
1.478624535315985,-0.03961713614306839
1.4786864931846344,-0.008509925561073217
1.4787484510532838,0.16162831779394393
1.4788104089219332,0.27997551683479094
1.4788723667905823,0.02685786450360972
1.4789343246592317,-0.48684154304860594
1.478996282527881,-0.6029307610743897
1.4790582403965304,0.21393602760209718
1.4791201982651796,1.1596215563600036
1.479182156133829,0.5884908066249079
1.4792441140024783,-1.1140963376518802
1.4793060718711277,-1.1358366281583667
1.4793680297397769,1.14435088813674
1.4794299876084263,2.013093761239541
1.4794919454770756,-0.6454590323091878
1.479553903345725,-2.76021294638372
1.4796158612143742,-0.44185046738986555
1.4796778190830235,2.678971497263763
1.479739776951673,1.1212246392148426
1.4798017348203223,-2.6303309014828646
1.4798636926889714,-2.0283869664522696
1.4799256505576208,2.042859801519571
1.4799876084262702,2.675881609429698
1.4800495662949193,-1.0426397072493738
1.4801115241635687,-2.7172285905996265
1.480173482032218,0.10490448192347923
1.4802354399008675,2.272492347887725
1.4802973977695166,0.41321558626431854
1.480359355638166,-1.9436849292003555
1.4804213135068154,-1.2347270104939128
1.4804832713754648,0.7031964188307593
1.480545229244114,0.9071096723736496
1.4806071871127633,-0.11269398420485555
1.4806691449814127,-0.5761300293572992
1.480731102850062,-0.3858146363474194
1.4807930607187112,-0.04231861086229127
1.4808550185873606,0.4510453854053271
1.48091697645601,0.6026856320060493
1.4809789343246593,-0.22064503806165991
1.4810408921933085,-1.170330111230534
1.4811028500619579,-0.8063891783258887
1.4811648079306072,0.4911984109560043
1.4812267657992566,0.9124053197620556
1.4812887236679058,-0.16283831804686877
1.4813506815365551,-1.350331972918461
1.4814126394052045,-0.9878382108210505
1.4814745972738539,0.8259414566665547
1.481536555142503,1.8480453362363505
1.4815985130111524,0.19486293035125812
1.4816604708798018,-2.301109880965923
1.481722428748451,-1.6730495292479413
1.4817843866171003,1.7662605100494975
1.4818463444857497,2.539878234544876
1.481908302354399,-1.3340851892605143
1.4819702602230482,-3.8288075341472463
1.4820322180916976,-0.34424616273387
1.482094175960347,3.7161667156703535
1.4821561338289964,1.4273657330602088
1.4822180916976455,-3.450069209500158
1.4822800495662949,-2.489438219214714
1.4823420074349443,2.7054730676389536
1.4824039653035936,3.1378599698092042
1.4824659231722428,-1.8632232098391377
1.4825278810408922,-3.6332267125764055
1.4825898389095415,0.561951590385187
1.482651796778191,3.176949658897384
1.48271375464684,-0.06943572458886482
1.4827757125154895,-3.2475685352525914
1.4828376703841388,-1.104578336329101
1.4828996282527882,2.3920615541473813
1.4829615861214374,1.6862069015653105
1.4830235439900867,-1.4276714150442018
1.483085501858736,-1.962130818010074
1.4831474597273855,0.29057934681620645
1.4832094175960346,1.7571261197266477
1.483271375464684,0.76214017543125
1.4833333333333334,-1.2247565907629452
1.4833952912019825,-1.9501576618076752
1.483457249070632,-0.4046979714063437
1.4835192069392813,1.811513053672146
1.4835811648079307,1.507643648852019
1.4836431226765798,-1.488222299859631
1.4837050805452292,-2.711931652503297
1.4837670384138786,0.41582664856687757
1.483828996282528,3.360674522736112
1.483890954151177,1.0750152775397281
1.4839529120198265,-3.1072293245682197
1.4840148698884759,-2.312029549824902
1.4840768277571252,2.1990837040213913
1.4841387856257744,2.810270841289051
1.4842007434944238,-1.4747356931791753
1.4842627013630731,-3.3090635878979624
1.4843246592317225,0.2616125740334674
1.4843866171003717,2.9125454371961026
1.484448574969021,0.3657021233707217
1.4845105328376704,-2.4098312196908993
1.4845724907063198,-0.5381180937891312
1.484634448574969,2.2155396100212625
1.4846964064436183,0.8067476212688311
1.4847583643122677,-1.9111221831530814
1.484820322180917,-0.8899948961010882
1.4848822800495662,1.6723761332417568
1.4849442379182156,0.7426924146134477
1.485006195786865,-1.919487730617985
1.4850681536555141,-1.1335247045028733
1.4851301115241635,1.7814850146609222
1.485192069392813,1.3744342078597462
1.4852540272614623,-1.623030769795318
1.4853159851301114,-1.509284362546637
1.4853779429987608,1.7039286104479192
1.4854399008674102,2.1098980680722805
1.4855018587360596,-1.2280857523442796
1.4855638166047087,-2.424583983104454
1.485625774473358,0.6069587903339859
1.4856877323420075,2.458075842706907
1.4857496902106568,-0.06846731573175513
1.485811648079306,-2.536533994517713
1.4858736059479554,-0.8848791633245661
1.4859355638166047,1.9472676071039237
1.4859975216852541,1.6227777690242944
1.4860594795539033,-0.7591243212895022
1.4861214374225526,-1.5337898827064993
1.486183395291202,-0.16808999074138642
1.4862453531598514,1.2495678587625834
1.4863073110285006,1.2695843516372076
1.48636926889715,-0.1880162821759599
1.4864312267657993,-1.8524051879798518
1.4864931846344487,-1.4112803600035806
1.4865551425030978,1.3214246491558612
1.4866171003717472,2.5286701059913748
1.4866790582403966,-0.32719938592248665
1.4867410161090457,-3.191123092296843
1.4868029739776951,-0.986458051335023
1.4868649318463445,3.353071984610219
1.4869268897149939,2.7044003445459346
1.486988847583643,-2.29569819284292
1.4870508054522924,-3.642485927864785
1.4871127633209418,0.885601071054402
1.4871747211895912,3.878580265906435
1.4872366790582403,0.494278495768812
1.4872986369268897,-3.733835890440165
1.487360594795539,-2.1405780900852687
1.4874225526641884,2.5490617326250185
1.4874845105328376,3.096176171341668
1.487546468401487,-0.9449443410834164
1.4876084262701363,-3.235576132082925
1.4876703841387857,-0.5499485667663123
1.4877323420074349,2.9287566659589856
1.4877942998760842,2.147000707807276
1.4878562577447336,-1.7338846795873133
1.487918215613383,-3.2471665136732963
1.4879801734820322,-0.2858293942093413
1.4880421313506815,2.963627935841103
1.488104089219331,1.8194763671375909
1.4881660470879803,-2.1949881409777223
1.4882280049566294,-3.2897889435662377
1.4882899628252788,0.33052270393129857
1.4883519206939282,3.6539837745713823
1.4884138785625773,1.884420877747438
1.4884758364312267,-2.6100773386672786
1.488537794299876,-3.499677610866831
1.4885997521685255,0.5430848207264289
1.4886617100371746,3.792229054547807
1.488723667905824,1.4506369575723894
1.4887856257744734,-3.349001016888635
1.4888475836431228,-3.710825053158227
1.488909541511772,1.0488924315334167
1.4889714993804213,4.093947856267494
1.4890334572490707,1.0380075461969742
1.48909541511772,-3.4516197978022185
1.4891573729863692,-2.771049696828414
1.4892193308550186,1.6832218545885553
1.489281288723668,3.209758287781758
1.4893432465923173,0.15105683525059788
1.4894052044609665,-2.6718454268853726
1.4894671623296158,-1.9987203331159713
1.4895291201982652,0.33120581262320625
1.4895910780669146,1.6653123797216065
1.4896530359355638,1.2014295654535947
1.4897149938042131,-0.9936234374660602
1.4897769516728625,-3.0334513880727254
1.4898389095415119,-1.3605397345372334
1.489900867410161,3.221582432195456
1.4899628252788104,3.6918939344345003
1.4900247831474598,-2.4184371586158697
1.490086741016109,-6.082231785491515
1.4901486988847583,-0.13115431430086222
1.4902106567534077,6.701092907094697
1.490272614622057,2.341100508399345
1.4903345724907062,-7.202282547819758
1.4903965303593556,-5.918910133294339
1.490458488228005,5.005345291120172
1.4905204460966544,7.705338691272109
1.4905824039653035,-2.6355899900288913
1.4906443618339529,-9.100222277793527
1.4907063197026023,-1.0645160003219725
1.4907682775712516,8.280003357652799
1.4908302354399008,4.010217762514823
1.4908921933085502,-6.604975266143338
1.4909541511771995,-7.001139290758295
1.491016109045849,2.477293321669454
1.491078066914498,6.944671179937988
1.4911400247831474,0.5335224887352545
1.4912019826517968,-6.537684090642577
1.4912639405204462,-4.418211528287262
1.4913258983890954,3.2184472609118684
1.4913878562577447,5.724811656768388
1.491449814126394,-0.03868433521147274
1.4915117719950435,-5.991242057460691
1.4915737298636926,-3.7417668342322337
1.491635687732342,3.61616296112191
1.4916976456009914,5.221812786669392
1.4917596034696405,-1.6369910030046313
1.49182156133829,-6.645312375193176
1.4918835192069393,-2.047811351991129
1.4919454770755887,4.835976656860279
1.4920074349442378,3.2323095026654522
1.4920693928128872,-3.6825265895427686
1.4921313506815366,-4.5553712973661415
1.492193308550186,1.2670251765361575
1.492255266418835,3.756145776971327
1.4923172242874845,-0.35439364845162946
1.4923791821561339,-3.372649499318484
1.4924411400247832,-0.9823393517111241
1.4925030978934324,1.4855018967408786
1.4925650557620818,-0.0016205693654907094
1.4926270136307311,-1.7111403948377757
1.4926889714993805,-0.49000316499743707
1.4927509293680297,0.6131141270031792
1.492812887236679,-0.7227538200593204
1.4928748451053284,-1.43302564545165
1.4929368029739778,0.41419674158119973
1.492998760842627,1.3744384461044776
1.4930607187112763,-0.78829602432565
1.4931226765799257,-2.4153119031662253
1.493184634448575,-0.41084701756378506
1.4932465923172242,1.8962071342532472
1.4933085501858736,0.3345706865644713
1.493370508054523,-2.773727525598161
1.4934324659231721,-2.272165877339979
1.4934944237918215,1.3097114562613208
1.4935563816604709,2.4129177848143564
1.4936183395291203,-0.8183236629381572
1.4936802973977694,-3.4646324513802815
1.4937422552664188,-1.2247327669543853
1.4938042131350682,2.7945853456101357
1.4938661710037175,2.357863181131371
1.4939281288723667,-2.3406555399791493
1.493990086741016,-4.323908990235411
1.4940520446096655,-0.27391941216547144
1.4941140024783148,3.7995479885456276
1.494175960346964,1.4317248256524753
1.4942379182156134,-3.913672335571543
1.4942998760842627,-3.8620074939081293
1.494361833952912,1.641513970637125
1.4944237918215613,4.124491618843759
1.4944857496902106,-0.004379457045242563
1.49454770755886,-4.086202479967545
1.4946096654275094,-2.131179697611085
1.4946716232961585,2.2149326439908283
1.494733581164808,2.3678596178429974
1.4947955390334573,-1.131618111280269
1.4948574969021067,-2.8543395588084755
1.4949194547707558,-1.1294122568551863
1.4949814126394052,0.9539302487190796
1.4950433705080546,1.1116815828823183
1.4951053283767037,-0.03708822654218619
1.495167286245353,-1.1876949212202907
1.4952292441140025,-1.384478043678741
1.4952912019826519,-0.07584696811771252
1.495353159851301,1.523303192805049
1.4954151177199504,0.959771892059755
1.4954770755885998,-1.5495526084807685
1.4955390334572491,-2.3586886033123857
1.4956009913258983,0.0702851463501275
1.4956629491945477,2.0378702389125127
1.495724907063197,0.2931604024556125
1.4957868649318464,-2.3431807855962608
1.4958488228004956,-1.4376470217728372
1.495910780669145,1.5607271853573281
1.4959727385377943,1.6882670001668671
1.4960346964064437,-1.1007160730928347
1.4960966542750929,-1.9203947371209182
1.4961586121437422,0.5571372981812517
1.4962205700123916,1.83224911736015
1.496282527881041,-0.47923716688992357
1.4963444857496901,-2.3605944255837032
1.4964064436183395,-0.4047097136819853
1.496468401486989,2.0572509691723226
1.4965303593556383,0.6509894625747888
1.4965923172242874,-2.2548038766788028
1.4966542750929368,-1.4726870201702127
1.4967162329615862,1.9039184546607455
1.4967781908302353,2.1915092042561963
1.4968401486988847,-1.0842692837468348
1.496902106567534,-2.364134434825627
1.4969640644361835,0.31878888311331677
1.4970260223048326,2.1599794365210547
1.497087980173482,0.1822903840580774
1.4971499380421314,-1.8830995158044423
1.4972118959107807,-0.6775399212683646
1.49727385377943,1.1246399493888706
1.4973358116480793,0.42981151013024155
1.4973977695167286,-0.7018631477241377
1.497459727385378,0.21070872398937723
1.4975216852540272,1.0301259138078687
1.4975836431226766,-0.30166645396468006
1.497645600991326,-1.0968295075472823
1.4977075588599753,0.7488477382462952
1.4977695167286245,1.8579408847851249
1.4978314745972738,-0.45467542434925634
1.4978934324659232,-2.3243439029570685
1.4979553903345726,-0.05964598916361852
1.4980173482032217,2.5221987157214363
1.4980793060718711,0.716541727145291
1.4981412639405205,-2.191222375460436
1.4982032218091699,-0.7893350196394149
1.498265179677819,2.381127119428068
1.4983271375464684,1.5413907915409713
1.4983890954151178,-1.5504357288472268
1.498451053283767,-1.086727018308943
1.4985130111524163,1.787831205874331
1.4985749690210657,1.4031311842357077
1.498636926889715,-1.4821284170354012
1.4986988847583642,-1.2827834986874223
1.4987608426270136,1.585637762640875
1.498822800495663,1.6249390031455322
1.4988847583643123,-1.0841108937826918
1.4989467162329615,-1.18731918346574
1.4990086741016109,1.5165909148334362
1.4990706319702602,1.848846681075357
1.4991325898389096,-0.6404607534519804
1.4991945477075588,-1.0341852333034098
1.4992565055762082,1.2186389811563683
1.4993184634448575,1.4361421912009886
1.499380421313507,-0.8833388248472027
1.499442379182156,-1.1088217012491266
1.4995043370508054,1.2748658360860987
1.4995662949194548,1.6167619776733404
1.4996282527881042,-0.725652893906478
1.4996902106567533,-1.1421336803946978
1.4997521685254027,1.19696643115898
1.499814126394052,1.8795440488820367
1.4998760842627015,-0.05231434430578644
1.4999380421313506,-0.6405892850458386
1.5,0.7841984089400413
1.5000619578686494,0.6901892670518064
1.5001239157372985,-0.7057178712117117
1.500185873605948,0.2653823686573044
1.5002478314745973,2.168686260720818
1.5003097893432467,0.2718451660017943
1.5003717472118958,-2.9332739345217194
1.5004337050805452,-0.5566197412549928
1.5004956629491946,4.7643631649983975
1.500557620817844,3.206460566703557
1.500619578686493,-4.063496979832108
1.5006815365551425,-4.443455517554956
1.5007434944237918,4.046428449587935
1.5008054522924412,7.139009120044904
1.5008674101610904,-1.4733462290743742
1.5009293680297398,-7.667764413513531
1.5009913258983891,-0.5071155866979589
1.5010532837670385,8.11341822178853
1.5011152416356877,3.4739673997382576
1.501177199504337,-6.353239403715575
1.5012391573729864,-4.491523810738215
1.5013011152416358,5.506364011878778
1.501363073110285,6.412121560018228
1.5014250309789343,-2.6175648514703225
1.5014869888475837,-5.651740794536522
1.501548946716233,1.698858324117686
1.5016109045848822,5.922227830591389
1.5016728624535316,0.3018207169833158
1.501734820322181,-4.562225591590519
1.5017967781908301,-0.8176476039769114
1.5018587360594795,3.9682149039971377
1.5019206939281289,2.0035125172673807
1.5019826517967783,-1.897207262291467
1.5020446096654274,-1.128934813824639
1.5021065675340768,1.4936224854428892
1.5021685254027262,1.3731407355080978
1.5022304832713755,0.4195705457750447
1.5022924411400247,0.7922762354817166
1.502354399008674,0.053124886079618294
1.5024163568773234,-1.7940561861805246
1.5024783147459728,-0.32206647895672774
1.502540272614622,3.50792615916431
1.5026022304832714,2.4687264519325893
1.5026641883519207,-3.2702821416016046
1.50272614622057,-3.8573319380717033
1.5027881040892193,3.091284567335732
1.5028500619578686,6.3432327360128085
1.502912019826518,-0.1925229620963007
1.5029739776951674,-5.9953421251188965
1.5030359355638165,-1.4062108712444736
1.503097893432466,5.825859314695832
1.5031598513011153,3.8885900019920907
1.5032218091697647,-3.4378496609842752
1.5032837670384138,-4.285091810861159
1.5033457249070632,1.5235302099401504
1.5034076827757126,4.176338488460752
1.5034696406443617,0.8408791399600632
1.503531598513011,-2.001685154997565
1.5035935563816605,-0.8958951657722203
1.5036555142503099,0.9698288094731744
1.503717472118959,1.3529577285292995
1.5037794299876084,1.2012324904876384
1.5038413878562578,0.4134341182133248
1.5039033457249071,-1.3373433394992058
1.5039653035935563,-1.4499841621822365
1.5040272614622057,1.4049139520656722
1.504089219330855,2.928170809143917
1.5041511771995044,-0.21395024558573006
1.5042131350681536,-3.242052730040664
1.504275092936803,-0.506967294832404
1.5043370508054523,3.9784527202645688
1.5043990086741017,2.491878366778907
1.5044609665427509,-2.8506081604230675
1.5045229244114002,-3.0412610013132175
1.5045848822800496,2.4288703525121904
1.504646840148699,4.34946290000211
1.5047087980173481,-0.6877247015336709
1.5047707558859975,-4.479735498519968
1.504832713754647,-0.8879892125029032
1.5048946716232963,4.210341689981608
1.5049566294919454,2.8146768038707037
1.5050185873605948,-2.5364819767829627
1.5050805452292442,-3.473586093587476
1.5051425030978933,1.0989249450328438
1.5052044609665427,4.176669250396172
1.505266418835192,1.5820121071924347
1.5053283767038415,-2.667039600836923
1.5053903345724906,-2.8268821462834133
1.50545229244114,0.9420089010362591
1.5055142503097894,3.44424656482014
1.5055762081784387,1.3410909077200168
1.505638166047088,-2.6120983894717513
1.5057001239157373,-2.9689552319713295
1.5057620817843866,1.0751084450560053
1.505824039653036,3.9803071085672856
1.5058859975216852,1.408001855540899
1.5059479553903345,-3.0015251122678976
1.506009913258984,-2.604056205299034
1.5060718711276333,2.0031407451262453
1.5061338289962825,3.653256920290387
1.5061957868649318,-0.15586724767046378
1.5062577447335812,-3.388578927137212
1.5063197026022306,-1.2641923438135854
1.5063816604708797,2.421608693285068
1.5064436183395291,2.005351339310825
1.5065055762081785,-1.163272858328153
1.5065675340768279,-1.8737759357032358
1.506629491945477,0.43157656799300703
1.5066914498141264,1.8234266130698087
1.5067534076827758,0.6406268449647801
1.506815365551425,-0.840646488885324
1.5068773234200743,-0.7312227678265435
1.5069392812887237,0.27170838868979375
1.507001239157373,0.774293736861722
1.5070631970260222,0.2838310868172771
1.5071251548946716,-0.7147004886561137
1.507187112763321,-0.9532729545210026
1.5072490706319703,0.2881232465258192
1.5073110285006195,1.4782651847149084
1.5073729863692689,0.5435793128715993
1.5074349442379182,-1.3691787735912984
1.5074969021065676,-1.0005017991556828
1.5075588599752168,1.458443901255797
1.5076208178438661,1.9565545543692937
1.5076827757125155,-0.7395610838039584
1.507744733581165,-2.449338692659233
1.507806691449814,-0.3034037035330257
1.5078686493184634,2.2767582845906755
1.5079306071871128,1.1025813159380213
1.5079925650557622,-1.8687115888885615
1.5080545229244113,-1.8091247130491088
1.5081164807930607,1.1273203093057647
1.50817843866171,2.2944260013263045
1.5082403965303595,0.09781106483158997
1.5083023543990086,-1.8184715024821556
1.508364312267658,-0.654745509228389
1.5084262701363074,1.388711640240953
1.5084882280049565,1.0407407714655268
1.508550185873606,-0.9112069892604624
1.5086121437422553,-1.2969044187434795
1.5086741016109046,0.23515797607738098
1.5087360594795538,0.9961236564998367
1.5087980173482032,-0.051333193560406665
1.5088599752168526,-0.7589729329410799
1.508921933085502,0.18571736889276602
1.508983890954151,0.9401283268971699
1.5090458488228005,0.024186637022646895
1.5091078066914498,-0.8266994634535735
1.5091697645600992,0.08579647304941229
1.5092317224287484,1.0266262213266573
1.5092936802973977,-0.05664337063927827
1.5093556381660471,-1.428459533330764
1.5094175960346965,-0.4653477756347037
1.5094795539033456,1.3476042828610584
1.509541511771995,0.7780636672568664
1.5096034696406444,-1.260515969148805
1.5096654275092938,-1.0896784115691507
1.509727385377943,1.194194144693745
1.5097893432465923,1.7128654127584773
1.5098513011152417,-0.48897903780924545
1.509913258983891,-1.7776057999348875
1.5099752168525402,-0.11071261242433157
1.5100371747211896,1.643570768956867
1.510099132589839,0.5996215366752167
1.5101610904584881,-1.5271340234233783
1.5102230483271375,-1.3778619586016014
1.5102850061957869,0.7789652831489704
1.5103469640644362,1.6715124912123362
1.5104089219330854,0.08239960550771941
1.5104708798017348,-1.4470422845756612
1.5105328376703842,-0.5744772000703438
1.5105947955390335,1.2893049203416536
1.5106567534076827,1.2213625992817974
1.510718711276332,-0.6172919761437614
1.5107806691449814,-1.3521936312598446
1.5108426270136308,-0.13161356570143146
1.51090458488228,0.7764235018414868
1.5109665427509293,0.18501374244427882
1.5110285006195787,-0.33545690432986786
1.511090458488228,-0.027235463238049484
1.5111524163568772,-0.178235886953364
1.5112143742255266,-0.5761063987183177
1.511276332094176,0.5619145755961972
1.5113382899628254,1.8960046034842963
1.5114002478314745,0.10782906957610205
1.511462205700124,-2.8628600265609156
1.5115241635687733,-1.3267261484882713
1.5115861214374227,3.3054087271320576
1.5116480793060718,2.765316194619959
1.5117100371747212,-3.3743990216199133
1.5117719950433706,-4.720841812594639
1.5118339529120197,2.2111615604049892
1.511895910780669,6.0705130023351215
1.5119578686493185,-0.38903843987332287
1.5120198265179678,-6.501958524305168
1.512081784386617,-1.4262478698459082
1.5121437422552664,6.399750778839914
1.5122057001239158,3.401665592844379
1.5122676579925651,-5.360381227301567
1.5123296158612143,-4.939980940374443
1.5123915737298637,3.5386539654356177
1.512453531598513,5.366602085139465
1.5125154894671624,-2.049256725484953
1.5125774473358116,-5.597373235555513
1.512639405204461,0.31442549381149676
1.5127013630731103,5.119769436897753
1.5127633209417597,1.174755660843613
1.5128252788104088,-4.080463998402342
1.5128872366790582,-2.0566336922681163
1.5129491945477076,3.042428454494926
1.513011152416357,2.6798434068762296
1.5130731102850061,-1.9732232838668269
1.5131350681536555,-3.2444706928718468
1.5131970260223049,0.37267034402518673
1.5132589838909543,2.813130194751287
1.5133209417596034,0.523051972288048
1.5133828996282528,-2.531121245821198
1.5134448574969022,-1.5378984293474112
1.5135068153655513,1.8037384035182644
1.5135687732342007,2.205925378761099
1.51363073110285,-0.8343167585836878
1.5136926889714994,-2.349448977618415
1.5137546468401486,-0.06009316624899441
1.513816604708798,1.9624052102301217
1.5138785625774474,0.33028410610692016
1.5139405204460967,-1.97249591264561
1.5140024783147459,-1.059067198404946
1.5140644361833953,1.1531660019873222
1.5141263940520446,0.8225805269961577
1.514188351920694,-0.97721238900878
1.5142503097893432,-0.8367432853594523
1.5143122676579925,0.6698419962046662
1.514374225526642,0.7033957646214977
1.5144361833952913,-0.4450162503772398
1.5144981412639404,-0.642810177529098
1.5145600991325898,-0.09882938644830104
1.5146220570012392,-0.0674603601296746
1.5146840148698886,-0.11122271660830163
1.5147459727385377,0.07096333108972308
1.514807930607187,-0.5262840581582506
1.5148698884758365,-1.2193920085425747
1.5149318463444859,0.040562631364636115
1.514993804213135,1.7719172385437543
1.5150557620817844,0.35775815584471005
1.5151177199504338,-2.4913046419650993
1.515179677819083,-1.3610414682632896
1.5152416356877323,2.5267348046637332
1.5153035935563817,2.0652377117770238
1.515365551425031,-2.742075379174501
1.5154275092936802,-3.559877513230952
1.5154894671623296,1.4271286785145152
1.515551425030979,3.5253941111081826
1.5156133828996283,-1.0275628961218541
1.5156753407682775,-4.1135993984458
1.5157372986369269,-0.35294506894946487
1.5157992565055762,3.463856753585789
1.5158612143742256,0.9682115685290602
1.5159231722428748,-2.907002512133047
1.5159851301115241,-1.7358526994564685
1.5160470879801735,1.4786806623044222
1.516109045848823,1.2195906418938607
1.516171003717472,-1.0435414888574104
1.5162329615861214,-1.4458767805498884
1.5162949194547708,-0.6023591846516196
1.5163568773234202,-0.21178639297373003
1.5164188351920693,0.47994655629337035
1.5164807930607187,0.9586811186945328
1.516542750929368,-0.7706528173105596
1.5166047087980175,-2.5485564771051172
1.5166666666666666,-0.3262037405419649
1.516728624535316,3.069273574543953
1.5167905824039654,1.152898056208302
1.5168525402726145,-3.8493760286120855
1.516914498141264,-3.2988109253966984
1.5169764560099133,2.4123021081165152
1.5170384138785626,3.5554562109221246
1.5171003717472118,-1.9260307365432408
1.5171623296158612,-4.6307068121391275
1.5172242874845105,-0.2285543841877049
1.51728624535316,3.536859927523982
1.517348203221809,0.983699523825559
1.5174101610904585,-2.6544771629839987
1.5174721189591078,-1.8337058414582548
1.5175340768277572,0.6310543554362201
1.5175960346964064,0.7300087883854851
1.5176579925650557,-0.19864780251410363
1.5177199504337051,-0.4366866724106955
1.5177819083023545,-1.160506023456261
1.5178438661710036,-1.7949011357204883
1.517905824039653,-0.014670455871810928
1.5179677819083024,2.106213949305461
1.5180297397769518,0.30934379764094366
1.518091697645601,-3.0638290029029136
1.5181536555142503,-1.8414778596889907
1.5182156133828997,2.427419991422189
1.518277571251549,2.196186706908575
1.5183395291201982,-2.469699478708513
1.5184014869888476,-3.4658364597788256
1.518463444857497,0.8606450086609156
1.5185254027261461,2.7037386882411942
1.5185873605947955,-1.0699724041186438
1.5186493184634449,-3.507487977087888
1.5187112763320942,-0.36208638698963713
1.5187732342007434,2.597824540976142
1.5188351920693928,0.38069459408729933
1.5188971499380421,-2.6826286229754603
1.5189591078066915,-1.3326426106148432
1.5190210656753407,1.5907408730275097
1.51908302354399,1.0276351318402301
1.5191449814126394,-1.574214657622051
1.5192069392812888,-1.8149087217243483
1.519268897149938,-0.036498172262934725
1.5193308550185873,0.46066295318645945
1.5193928128872367,-0.4331121254404542
1.519454770755886,-0.565461386253113
1.5195167286245352,-0.13995932010403056
1.5195786864931846,-0.6328033294241049
1.519640644361834,-1.0072378555375994
1.5197026022304834,0.3826261350220834
1.5197645600991325,1.580755179353138
1.519826517967782,-0.3240792070973697
1.5198884758364313,-3.1186355578671283
1.5199504337050807,-1.7807562438049194
1.5200123915737298,2.5748226108326033
1.5200743494423792,2.762174032704072
1.5201363073110286,-2.717059153408122
1.5201982651796777,-5.312422680578673
1.520260223048327,0.34337386339092957
1.5203221809169765,5.935755316620998
1.5203841387856258,1.7048237921767604
1.520446096654275,-6.357081520231439
1.5205080545229244,-4.711999483187583
1.5205700123915737,4.816536678012136
1.5206319702602231,6.467693700298174
1.5206939281288723,-3.2602267364335455
1.5207558859975217,-8.52354258592834
1.520817843866171,-0.2655748467989544
1.5208798017348204,7.950426670164017
1.5209417596034696,2.4265402759700776
1.521003717472119,-7.490591704860585
1.5210656753407683,-5.242266006338972
1.5211276332094177,5.158523011668685
1.5211895910780668,6.495292348272366
1.5212515489467162,-2.772589315207469
1.5213135068153656,-7.106200482437302
1.521375464684015,-0.24249782308059187
1.5214374225526641,5.885196964616271
1.5214993804213135,1.9673289738072592
1.5215613382899629,-4.766780670135549
1.5216232961586122,-4.002656847899386
1.5216852540272614,1.964283457265415
1.5217472118959108,3.9286232883456327
1.5218091697645602,-0.01586262898569646
1.5218711276332093,-3.4890248815732434
1.5219330855018587,-1.9054677701564717
1.521995043370508,2.050743250423902
1.5220570012391574,2.8867286706183144
1.5221189591078066,-0.4609325774026898
1.522180916976456,-3.2893585826158898
1.5222428748451053,-1.5034649430429763
1.5223048327137547,2.2777399070086783
1.5223667905824039,2.2485539851421823
1.5224287484510532,-1.5822555734931223
1.5224907063197026,-3.110573850416947
1.522552664188352,0.12636368305098844
1.5226146220570012,2.9513132369942205
1.5226765799256505,1.0683919787406921
1.5227385377943,-2.1780387001598047
1.5228004956629493,-1.7197351633929927
1.5228624535315984,1.2491277085754213
1.5229244114002478,1.9928666252531224
1.5229863692688972,-0.24413153879551075
1.5230483271375466,-1.9722381942700467
1.5231102850061957,-1.022071248569427
1.523172242874845,1.060068373601887
1.5232342007434945,1.572531301490007
1.5232961586121438,-0.12264487048624262
1.523358116480793,-1.7500897464895775
1.5234200743494424,-0.725241783995875
1.5234820322180918,1.8575815767588473
1.523543990086741,1.9717116440717521
1.5236059479553903,-1.0164999837556374
1.5236679058240397,-2.3964757409738215
1.523729863692689,0.35999610188275066
1.5237918215613382,2.6595458696568346
1.5238537794299876,0.3346488017538609
1.523915737298637,-2.673628133957249
1.5239776951672863,-0.9476177771056771
1.5240396530359355,2.5488942727414705
1.5241016109045848,1.5979175876415663
1.5241635687732342,-1.9223639325151645
1.5242255266418836,-1.4164910655354874
1.5242874845105328,2.1943627131327537
1.5243494423791821,2.110389078640804
1.5244114002478315,-1.6225619225342565
1.5244733581164809,-2.0598673412043706
1.52453531598513,1.650733992043048
1.5245972738537794,2.4938984810290443
1.5246592317224288,-1.3193033761683322
1.5247211895910782,-2.721108499039673
1.5247831474597273,1.195402469910038
1.5248451053283767,3.44234794779243
1.524907063197026,-0.22916791038742734
1.5249690210656754,-3.205318313596873
1.5250309789343246,0.22245164339534096
1.525092936802974,4.118335053165097
1.5251548946716234,1.1743777722650308
1.5252168525402725,-3.7979148267069753
1.5252788104089219,-1.83119452062884
1.5253407682775713,4.003243513170924
1.5254027261462206,3.2647873292382283
1.5254646840148698,-3.3309761795444532
1.5255266418835192,-4.2334178058069485
1.5255885997521685,2.8610005227452366
1.525650557620818,5.977762059381115
1.525712515489467,-0.7700865550535108
1.5257744733581164,-6.078298257961813
1.5258364312267658,-0.3397855417085751
1.5258983890954152,7.042928320896812
1.5259603469640644,3.0442006508911517
1.5260223048327137,-6.0812928572932
1.526084262701363,-4.6869525343545675
1.5261462205700125,5.206714213283213
1.5262081784386616,6.685813653341425
1.526270136307311,-3.0100038675236047
1.5263320941759604,-7.278560368833191
1.5263940520446098,1.3926942405071805
1.526456009913259,8.293994747077006
1.5265179677819083,1.7213817049686377
1.5265799256505577,-6.974937695825947
1.526641883519207,-3.0721074726424575
1.5267038413878562,6.437084638159635
1.5267657992565056,5.334177323521456
1.526827757125155,-4.161202503438363
1.526889714993804,-5.948090525854532
1.5269516728624535,2.4122431980629226
1.5270136307311029,6.553444541431096
1.5270755885997522,0.15375380213004108
1.5271375464684014,-5.415732237633996
1.5271995043370508,-1.2082734150659087
1.5272614622057001,5.0661278360556015
1.5273234200743495,3.2296012952289246
1.5273853779429987,-2.801516078488749
1.527447335811648,-3.0156600811011134
1.5275092936802974,1.9972094018979065
1.5275712515489468,3.4752796773664594
1.527633209417596,-0.4208938369809563
1.5276951672862453,-2.700744471845632
1.5277571251548947,-0.004003554093781947
1.527819083023544,2.583704670834868
1.5278810408921932,0.9951446090658997
1.5279429987608426,-1.41638325213434
1.528004956629492,-0.4904395602296918
1.5280669144981414,1.7795583614188644
1.5281288723667905,1.4326461368837768
1.52819083023544,-0.6295176613704215
1.5282527881040893,-0.8685833735147019
1.5283147459727386,0.6898472387795525
1.5283767038413878,1.1920638809589101
1.5284386617100372,0.10509100668283511
1.5285006195786865,-0.5841886408507833
1.5285625774473357,-0.13861244639024362
1.528624535315985,0.48213639659234575
1.5286864931846345,0.8453372513735878
1.5287484510532838,0.8925182316475471
1.528810408921933,0.10861980076656819
1.5288723667905824,-0.8298371090328154
1.5289343246592317,-0.017044004461791218
1.5289962825278811,1.8670457894539116
1.5290582403965303,1.3573439013378912
1.5291201982651796,-1.5663930621842854
1.529182156133829,-2.0106620070751022
1.5292441140024784,1.4524942311919473
1.5293060718711275,3.036700755003431
1.529368029739777,-0.48055081870670036
1.5294299876084263,-3.0911524830855774
1.5294919454770757,0.26496475592498125
1.5295539033457248,3.9364022141300024
1.5296158612143742,1.152434516312551
1.5296778190830236,-3.3090302148102335
1.529739776951673,-1.2928311741601906
1.5298017348203221,3.6085852913917655
1.5298636926889715,2.211519599234786
1.5299256505576209,-3.2107736515412837
1.5299876084262702,-2.67141531188834
1.5300495662949194,3.0680600378322005
1.5301115241635688,3.4936743854494137
1.5301734820322181,-2.3221547952374832
1.5302354399008673,-3.668938907974116
1.5302973977695167,2.20547307853301
1.530359355638166,4.745757432906929
1.5304213135068154,-0.8048323541272997
1.5304832713754646,-4.602373918125773
1.530545229244114,0.12124396921140645
1.5306071871127633,4.892272108528641
1.5306691449814127,1.1793545538908567
1.5307311028500619,-4.519283913848926
1.5307930607187112,-2.3179531840374414
1.5308550185873606,3.875002762745754
1.53091697645601,3.5403227591238653
1.5309789343246591,-2.426090880981849
1.5310408921933085,-3.861006691273861
1.531102850061958,1.3896407957783887
1.5311648079306073,4.548030066468234
1.5312267657992564,0.6957948960957804
1.5312887236679058,-3.833193695576635
1.5313506815365552,-2.102624876603352
1.5314126394052046,2.8607544318602556
1.5314745972738537,3.3178807189322823
1.531536555142503,-1.3433492406140048
1.5315985130111525,-3.9357651318491635
1.5316604708798018,-0.40238138758812414
1.531722428748451,3.955617694822266
1.5317843866171004,2.4080804600113503
1.5318463444857497,-2.6940916775341996
1.531908302354399,-3.278785455227595
1.5319702602230483,1.6444859066783075
1.5320322180916977,4.120904023074898
1.532094175960347,0.09756042886824623
1.5321561338289962,-3.8733983587861305
1.5322180916976456,-1.519673763156411
1.532280049566295,2.910830080906856
1.5323420074349443,2.2477208550176324
1.5324039653035935,-1.725346872457461
1.5324659231722428,-2.2661073272769094
1.5325278810408922,0.7659697383583947
1.5325898389095416,1.9998555732104684
1.5326517967781907,0.32983021070032836
1.5327137546468401,-0.6847268019309283
1.5327757125154895,-0.1807761390369474
1.5328376703841389,-0.18903100506880988
1.532899628252788,-0.3262909545080686
1.5329615861214374,0.8018537644948054
1.5330235439900868,1.1746599468986347
1.5330855018587362,-1.0123654535199238
1.5331474597273853,-2.3016418199839617
1.5332094175960347,0.4617249275885795
1.533271375464684,3.1629135253417555
1.5333333333333334,0.8105555690551483
1.5333952912019826,-2.9577061831970872
1.533457249070632,-1.5878097668522928
1.5335192069392813,2.6797515414735535
1.5335811648079305,2.5370489992613177
1.5336431226765799,-1.608505891737213
1.5337050805452292,-2.7507221179831687
1.5337670384138786,0.380854342468256
1.5338289962825278,2.107771425132593
1.5338909541511772,0.3130700147482919
1.5339529120198265,-1.1430556118953694
1.534014869888476,-0.4142990131398173
1.534076827757125,0.2634807152688786
1.5341387856257744,0.2763992584394801
1.5342007434944238,0.9347590640646111
1.5342627013630732,0.9929035712495893
1.5343246592317223,-1.045931046165663
1.5343866171003717,-2.0787889081031254
1.534448574969021,0.7327410022643972
1.5345105328376705,3.1015105570578987
1.5345724907063196,0.07148079305245258
1.534634448574969,-3.921493393484498
1.5346964064436184,-1.4640096440038395
1.5347583643122678,4.138046319662237
1.534820322180917,3.2609565658965467
1.5348822800495663,-3.2044412159365416
1.5349442379182157,-4.355247734010214
1.535006195786865,2.208286615702478
1.5350681536555142,5.651409320837983
1.5351301115241636,-0.07266147405617085
1.535192069392813,-5.811499568938416
1.535254027261462,-2.187545002559297
1.5353159851301115,4.9917460944219805
1.5353779429987608,4.2000993327944895
1.5354399008674102,-3.276893970997048
1.5355018587360594,-5.541614806758933
1.5355638166047088,1.0657714365105115
1.5356257744733581,6.316401762963586
1.5356877323420075,2.0459260631539067
1.5357496902106567,-5.177504181883335
1.535811648079306,-4.114936266488009
1.5358736059479554,3.6825525757379944
1.5359355638166048,5.9602767302713255
1.535997521685254,-1.1763913868283702
1.5360594795539033,-6.648534265835452
1.5361214374225527,-1.5525833755790241
1.536183395291202,6.260133646957733
1.5362453531598512,4.184555966289359
1.5363073110285006,-4.647298869440057
1.53636926889715,-5.821362018977167
1.5364312267657994,2.947961200543648
1.5364931846344485,7.50236024248
1.5365551425030979,0.12935583334432676
1.5366171003717473,-7.402973000813761
1.5366790582403966,-2.7427582009329656
1.5367410161090458,6.661234838767401
1.5368029739776952,5.42204628656071
1.5368649318463445,-4.658927373798267
1.5369268897149937,-7.3161974187620515
1.536988847583643,1.8622902144421678
1.5370508054522924,8.286147534014999
1.5371127633209418,1.8416066761228427
1.537174721189591,-7.07022435444817
1.5372366790582404,-4.403668236374775
1.5372986369268897,5.351448172214759
1.537360594795539,6.825563007120801
1.5374225526641883,-1.9292391059294713
1.5374845105328376,-7.123085499933103
1.537546468401487,-1.235858360924139
1.5376084262701364,6.045581905691713
1.5376703841387855,3.805523111645827
1.537732342007435,-3.687002050706537
1.5377942998760843,-4.841696176617289
1.5378562577447337,1.3740609069036598
1.5379182156133828,5.144968853582237
1.5379801734820322,1.3975999394884213
1.5380421313506816,-3.494109201917664
1.538104089219331,-2.4038904624905317
1.53816604708798,2.2158551992086744
1.5382280049566295,3.1315188756957077
1.5382899628252789,-0.5958345074794651
1.5383519206939282,-2.9452291425994064
1.5384138785625774,-0.535661940860428
1.5384758364312268,2.524638365686461
1.5385377942998761,1.4554153872583255
1.5385997521685253,-1.6963768435486428
1.5386617100371747,-1.6023882313398972
1.538723667905824,1.5716887351894842
1.5387856257744734,2.4657348672294956
1.5388475836431226,-0.49900465089918794
1.538909541511772,-2.4029070676765203
1.5389714993804213,-0.09033790178539425
1.5390334572490707,2.4800421531478136
1.5390954151177199,0.9388796213363721
1.5391573729863692,-2.139626730243734
1.5392193308550186,-1.6780237352441179
1.539281288723668,1.4586415428588295
1.5393432465923171,2.217164768768359
1.5394052044609665,-0.2626235051548838
1.539467162329616,-1.7737783438892916
1.5395291201982653,-0.1857193732371486
1.5395910780669144,1.6623257992430132
1.5396530359355638,1.0123996666590054
1.5397149938042132,-0.8570839659241289
1.5397769516728625,-1.2136257615461485
1.5398389095415117,0.14386430131947436
1.539900867410161,1.0793126551354564
1.5399628252788105,0.25590666147555075
1.5400247831474598,-1.0661701331209268
1.540086741016109,-0.7160644377797964
1.5401486988847584,1.0746268514851742
1.5402106567534077,1.483679253842168
1.540272614622057,-0.5505678830723413
1.5403345724907063,-1.8604768908601304
1.5403965303593556,0.17037599395663017
1.540458488228005,2.490458228970909
1.5405204460966542,0.7227180806687272
1.5405824039653035,-2.8960694741183843
1.540644361833953,-2.2436740958619907
1.5407063197026023,2.219754537676601
1.5407682775712515,3.23839295935507
1.5408302354399008,-1.2758829784453576
1.5408921933085502,-4.066419252335017
1.5409541511771996,-0.2771387245972634
1.5410161090458487,4.159677996154767
1.5410780669144981,2.048995437493312
1.5411400247831475,-3.2378772262652533
1.5412019826517969,-3.3378843500459565
1.541263940520446,1.5573190042398692
1.5413258983890954,3.4643475313917906
1.5413878562577448,-0.3251245063267086
1.5414498141263941,-3.5132741258872446
1.5415117719950433,-1.4158861809163032
1.5415737298636927,2.1432492493244384
1.541635687732342,1.8188211124337617
1.5416976456009914,-1.0861542169259186
1.5417596034696406,-1.8575271612386675
1.54182156133829,0.009773523488129154
1.5418835192069393,1.1751403572314658
1.5419454770755887,0.3301661960019284
1.5420074349442379,-0.7105819031238112
1.5420693928128872,-0.8089526288536977
1.5421313506815366,-0.58556907692103
1.5421933085501858,-0.2426974670710722
1.5422552664188351,0.4031324856368183
1.5423172242874845,0.3521937951623493
1.542379182156134,-0.9529025533330565
1.542441140024783,-1.4782046856557205
1.5425030978934324,0.35114498115138315
1.5425650557620818,1.8815576723155654
1.5426270136307312,0.02543238341834364
1.5426889714993803,-2.6494362483931084
1.5427509293680297,-1.4053083832866533
1.542812887236679,2.0752193083279087
1.5428748451053285,1.6788558634361042
1.5429368029739776,-2.4557832612247252
1.542998760842627,-3.384607849145542
1.5430607187112764,0.806988261308009
1.5431226765799257,3.2259098354901052
1.543184634448575,-0.20617154043504637
1.5432465923172243,-3.6917823603604867
1.5433085501858737,-1.4576190909851277
1.543370508054523,2.6094805439475754
1.5434324659231722,1.9001351058268185
1.5434944237918216,-2.0684658080267164
1.543556381660471,-3.003138290032136
1.5436183395291203,-0.15130430928897898
1.5436802973977695,1.7062609552659036
1.5437422552664188,0.352494237306038
1.5438042131350682,-1.6784988499198998
1.5438661710037174,-1.8809618377480484
1.5439281288723667,-0.4215037403055193
1.5439900867410161,1.1408791494797446
1.5440520446096655,1.1099753923195066
1.5441140024783147,-0.9339140723303347
1.544175960346964,-2.567038994143165
1.5442379182156134,-1.0193029829286988
1.5442998760842628,1.8876877151368516
1.544361833952912,1.4023716997838571
1.5444237918215613,-2.3479848141148194
1.5444857496902107,-3.532055993751906
1.54454770755886,0.09297892933902308
1.5446096654275092,2.9343972622190377
1.5446716232961586,0.4227749737417843
1.544733581164808,-3.404965873196904
1.5447955390334573,-2.432039153779874
1.5448574969021065,1.7222489294578458
1.5449194547707559,2.566783762368341
1.5449814126394052,-1.0154011847310294
1.5450433705080546,-3.5434620404438935
1.5451053283767038,-1.5446582358128864
1.5451672862453532,1.770581033081819
1.5452292441140025,1.6674111082242828
1.545291201982652,-1.589032515568058
1.545353159851301,-3.4168963812214255
1.5454151177199504,-1.1201132257155089
1.5454770755885998,2.3490624660288164
1.545539033457249,2.027515764654032
1.5456009913258983,-2.007163251014873
1.5456629491945477,-3.941592731963266
1.545724907063197,-0.45729255054032136
1.5457868649318462,3.478387602855407
1.5458488228004956,1.4607335225514049
1.545910780669145,-3.9560353995210047
1.5459727385377944,-4.336733779668441
1.5460346964064435,1.3162396048659761
1.546096654275093,4.252318256305583
1.5461586121437423,-0.32316478727891607
1.5462205700123917,-5.189606046568999
1.5462825278810408,-2.4698722841129728
1.5463444857496902,3.5696839378562104
1.5464064436183396,3.3326886173319332
1.546468401486989,-2.6389570101528435
1.546530359355638,-4.786232064905711
1.5465923172242875,-0.07584834471459834
1.5466542750929368,3.595185438208164
1.5467162329615862,0.6085789714170393
1.5467781908302354,-3.776740923173769
1.5468401486988848,-2.685648287831988
1.5469021065675341,1.567177420098282
1.5469640644361835,2.2129412485424593
1.5470260223048327,-1.0415757439257471
1.547087980173482,-2.6347448083377585
1.5471499380421314,-0.5035758207049228
1.5472118959107806,1.5359693347935894
1.54727385377943,0.5471973377429136
1.5473358116480793,-1.5331599112357321
1.5473977695167287,-1.7066491036654348
1.5474597273853778,-0.15862355867336286
1.5475216852540272,0.7968475827402728
1.5475836431226766,0.027127421939329266
1.547645600991326,-1.3500631486069987
1.5477075588599751,-1.4545752544619073
1.5477695167286245,0.11753585628799168
1.5478314745972739,1.4360610549500454
1.5478934324659233,0.44036893867987886
1.5479553903345724,-1.804794982543016
1.5480173482032218,-1.9263695458736643
1.5480793060718712,0.7022332689545854
1.5481412639405205,2.199140508061842
1.5482032218091697,-0.22902658593950528
1.548265179677819,-3.275528107838814
1.5483271375464684,-1.9674887043729505
1.5483890954151178,2.2014908774302904
1.548451053283767,2.763578553856206
1.5485130111524164,-1.5225863458387021
1.5485749690210657,-3.9052169745539267
1.548636926889715,-0.1644446008186865
1.5486988847583643,3.915473210623518
1.5487608426270136,1.478266832612966
1.548822800495663,-3.700121798254215
1.5488847583643122,-2.959219771335025
1.5489467162329615,2.4765140011970046
1.549008674101611,3.156303120626206
1.5490706319702603,-2.1712720458519637
1.5491325898389094,-3.968133594484016
1.5491945477075588,1.1823729638420437
1.5492565055762082,4.015856343241377
1.5493184634448576,-0.7695561245562994
1.5493804213135067,-4.336583298262559
1.549442379182156,0.3446106302223127
1.5495043370508055,4.893685664966508
1.5495662949194549,0.42998994988706485
1.549628252788104,-5.368481038189814
1.5496902106567534,-1.596498067378647
1.5497521685254028,5.322306222611382
1.5498141263940521,2.553341590160011
1.5498760842627013,-5.329440059195479
1.5499380421313507,-3.8848135808565525
1.55,4.7338207928175695
1.5500619578686494,5.056697485341518
1.5501239157372986,-3.595436050203163
1.550185873605948,-5.510266357869828
1.5502478314745973,2.906759555545613
1.5503097893432467,6.406209154264468
1.5503717472118959,-1.4846256054360631
1.5504337050805452,-6.652792543256014
1.5504956629491946,0.1671987953858769
1.5505576208178438,6.782429547050052
1.5506195786864931,1.4343440979079758
1.5506815365551425,-6.388822526427006
1.550743494423792,-2.934398098444037
1.550805452292441,5.825365384242348
1.5508674101610904,4.98588989339396
1.5509293680297398,-3.69728446218026
1.5509913258983892,-5.493763650074975
1.5510532837670383,2.21840283419124
1.5511152416356877,6.355441647500493
1.551177199504337,0.3753479585291122
1.5512391573729865,-5.591872592031688
1.5513011152416356,-2.0659806966659033
1.551363073110285,4.714663734401594
1.5514250309789344,3.7448157362040724
1.5514869888475837,-2.8821297585548464
1.551548946716233,-4.026267573266045
1.5516109045848823,2.0377716088287428
1.5516728624535316,5.089987761717073
1.551734820322181,0.14697521740204578
1.5517967781908302,-4.291815818702747
1.5518587360594795,-0.7093978201315466
1.551920693928129,4.641333596137706
1.5519826517967783,2.461304016182424
1.5520446096654275,-3.5940196837549534
1.5521065675340768,-3.185954613022814
1.5521685254027262,2.9749965172278134
1.5522304832713754,4.522217350596209
1.5522924411400247,-0.8481186572458762
1.5523543990086741,-3.9653897232137165
1.5524163568773235,0.030563711077221
1.5524783147459726,4.296825631310945
1.552540272614622,2.381583206005252
1.5526022304832714,-2.036374564108623
1.5526641883519208,-2.3964554222912464
1.55272614622057,0.9179118673251583
1.5527881040892193,2.8667126834057735
1.5528500619578687,1.30733035623205
1.552912019826518,-1.3892028431105783
1.5529739776951672,-1.8490837857992857
1.5530359355638166,0.6748347008755956
1.553097893432466,3.0280287146942904
1.5531598513011153,1.6578441648730446
1.5532218091697645,-1.7035293837043177
1.5532837670384139,-1.6539219550242614
1.5533457249070632,2.007582758321657
1.5534076827757126,3.06739660937977
1.5534696406443618,-0.5322341944181992
1.5535315985130111,-2.547091948872389
1.5535935563816605,0.5756157560666351
1.55365551425031,3.0679949877115167
1.553717472118959,0.40466063330349056
1.5537794299876084,-2.276220513295763
1.5538413878562578,0.11020519364635128
1.553903345724907,3.047861335236994
1.5539653035935563,1.147543754998734
1.5540272614622057,-1.7481609539160612
1.554089219330855,-0.29057329683608446
1.5541511771995042,2.272926818393375
1.5542131350681536,0.9933764466571869
1.554275092936803,-1.202610770487737
1.5543370508054524,-0.002604914226909283
1.5543990086741015,1.580058192813483
1.554460966542751,-0.05157889183890979
1.5545229244114003,-1.2153396000468901
1.5545848822800497,1.3121015902212487
1.5546468401486988,2.7432158327946015
1.5547087980173482,-0.511847480929551
1.5547707558859976,-2.643216331720309
1.554832713754647,1.0227428076419702
1.554894671623296,4.193304979532783
1.5549566294919455,0.6618177310241237
1.5550185873605948,-3.682044248207507
1.5550805452292442,-1.1762641158263842
1.5551425030978934,3.625689132249054
1.5552044609665427,2.357455359526692
1.5552664188351921,-2.173089963352961
1.5553283767038415,-1.8868694748970172
1.5553903345724907,1.9103997415584795
1.55545229244114,2.208528411402396
1.5555142503097894,-0.4847959508763413
1.5555762081784386,-0.5680830819359584
1.555638166047088,1.2954780984578804
1.5557001239157373,0.5645841344503817
1.5557620817843867,-1.2651854507308955
1.5558240396530358,0.10805959310058633
1.5558859975216852,2.3046765193415273
1.5559479553903346,0.4899638520794375
1.556009913258984,-2.482381422895946
1.5560718711276331,-0.7357592011577185
1.5561338289962825,3.1230542350323507
1.5561957868649319,2.1196154507541514
1.5562577447335812,-2.1354982728338503
1.5563197026022304,-2.012652981019017
1.5563816604708798,2.2420292365021304
1.5564436183395292,2.8960113881893945
1.5565055762081785,-1.2044109190220342
1.5565675340768277,-2.6816476496201873
1.556629491945477,0.8731656301989951
1.5566914498141264,2.790375223069988
1.5567534076827758,-0.28141266132266485
1.556815365551425,-2.484733892459115
1.5568773234200743,0.22860901996169397
1.5569392812887237,2.805778657181188
1.557001239157373,0.6298705828938569
1.5570631970260222,-2.106354889572876
1.5571251548946716,-0.4251815583916274
1.557187112763321,2.2962632653665196
1.5572490706319702,0.9116341027012265
1.5573110285006195,-1.8787122814660657
1.557372986369269,-0.8772514073712359
1.5574349442379183,1.7182443525300644
1.5574969021065674,0.7506496124793556
1.5575588599752168,-1.7585248400711442
1.5576208178438662,-0.533215006834788
1.5576827757125156,2.3085546357579823
1.5577447335811647,0.9493348935651155
1.557806691449814,-2.4244037650849166
1.5578686493184635,-1.024805540173786
1.5579306071871128,3.1606956361050083
1.557992565055762,1.9956349731697345
1.5580545229244114,-3.295760648890773
1.5581164807930608,-3.1007505845099392
1.5581784386617101,2.9002983282763077
1.5582403965303593,3.9793726153470454
1.5583023543990087,-2.3411992113698066
1.558364312267658,-4.890570060538698
1.5584262701363074,1.3088418770633963
1.5584882280049566,5.502308797123381
1.558550185873606,0.19282662296289987
1.5586121437422553,-5.26092122567903
1.5586741016109047,-1.3132828858542682
1.5587360594795538,4.843023955207361
1.5587980173482032,2.3992778309863674
1.5588599752168526,-4.076204071694325
1.5589219330855018,-3.4500645200903834
1.5589838909541511,2.5143937954084423
1.5590458488228005,3.478611857064168
1.5591078066914499,-1.2938323684704849
1.559169764560099,-3.2935746602806293
1.5592317224287484,-0.0473924008729375
1.5592936802973978,2.490844727364947
1.5593556381660472,1.1675241752835577
1.5594175960346963,-0.9894723338729905
1.5594795539033457,-1.4925708865710217
1.559541511771995,-0.7131310427001871
1.5596034696406444,0.8280880073806718
1.5596654275092936,1.8168176270504128
1.559727385377943,-0.0008113426111355793
1.5597893432465924,-2.9876286180951723
1.5598513011152417,-1.9387961043038033
1.5599132589838909,2.7145340175751773
1.5599752168525403,3.4573707663654054
1.5600371747211896,-1.7320841208352094
1.560099132589839,-4.426567940325787
1.5601610904584882,0.26481546503947256
1.5602230483271375,4.589331207473961
1.560285006195787,1.2425623214046198
1.5603469640644363,-4.016833757690807
1.5604089219330854,-2.6561794367596945
1.5604708798017348,2.2264171173893583
1.5605328376703842,2.4933110700939984
1.5605947955390334,-1.0583603603901524
1.5606567534076827,-2.0389696786709735
1.560718711276332,-0.10947424153103325
1.5607806691449815,0.6986231806873695
1.5608426270136306,0.388197453235235
1.56090458488228,0.8585539842827673
1.5609665427509294,0.3629593820018231
1.5610285006195788,-1.970216865734451
1.561090458488228,-1.8957994848378035
1.5611524163568773,2.0118835481687514
1.5612143742255267,3.1939827684003337
1.561276332094176,-1.7742821270738731
1.5613382899628252,-4.936717151277259
1.5614002478314746,0.1598191011240826
1.561462205700124,5.6452051042711755
1.5615241635687733,1.7217044217002515
1.5615861214374225,-5.540533663943863
1.5616480793060719,-3.567130085036087
1.5617100371747212,4.7851119673827665
1.5617719950433706,5.34815348632557
1.5618339529120198,-3.1638575535975777
1.5618959107806691,-6.61108057467005
1.5619578686493185,0.7062848454826443
1.562019826517968,6.53896922965463
1.562081784386617,1.4066581433019358
1.5621437422552664,-5.914983862683199
1.5622057001239158,-3.5275722253210438
1.562267657992565,4.254715967632108
1.5623296158612143,4.952583944636255
1.5623915737298637,-1.7617779189654208
1.562453531598513,-4.858670461333492
1.5625154894671622,-0.26667605470814637
1.5625774473358116,3.9805240614056157
1.562639405204461,1.7756076420605411
1.5627013630731104,-2.4184787325122463
1.5627633209417595,-2.3819262601450184
1.562825278810409,0.5315326285783577
1.5628872366790583,1.6125215256035546
1.5629491945477076,0.5311985621327991
1.5630111524163568,-0.1692511282733693
1.5630731102850062,-0.2538381843226344
1.5631350681536555,-0.6971203220206889
1.563197026022305,-0.41597481781672213
1.563258983890954,1.3891206472571318
1.5633209417596035,2.104592401873945
1.5633828996282528,-0.4656453597179439
1.5634448574969022,-3.133481169575323
1.5635068153655514,-1.323246979564142
1.5635687732342007,3.0316664277799092
1.5636307311028501,3.304067925528907
1.5636926889714995,-1.563913810021942
1.5637546468401486,-4.450957204388706
1.563816604708798,-0.4777725033183231
1.5638785625774474,4.934186082934723
1.5639405204460965,3.5357349783489087
1.564002478314746,-3.0664979552937486
1.5640644361833953,-5.067005453552381
1.5641263940520447,0.8417151769976836
1.5641883519206938,5.827721312479872
1.5642503097893432,2.05191370355158
1.5643122676579926,-4.90770798564696
1.564374225526642,-4.279170288124117
1.5644361833952911,3.046635197698207
1.5644981412639405,5.74387421307712
1.5645600991325899,-0.12569954965126628
1.5646220570012392,-5.11838475169275
1.5646840148698884,-1.654031795859118
1.5647459727385378,4.392808014042817
1.5648079306071871,3.745877117136596
1.5648698884758365,-1.9762808743329767
1.5649318463444857,-4.009965677708966
1.564993804213135,-0.08798843367400627
1.5650557620817844,3.5592983578352753
1.5651177199504338,2.1695305856856386
1.565179677819083,-1.816603009025103
1.5652416356877323,-3.073457462945177
1.5653035935563817,0.06506883183836742
1.565365551425031,3.750436082465925
1.5654275092936802,2.830793069929329
1.5654894671623296,-2.132000556235874
1.565551425030979,-4.094465415053741
1.5656133828996281,0.650423092340277
1.5656753407682775,5.2882763454729576
1.565737298636927,1.9868070435764955
1.5657992565055763,-4.695873148181839
1.5658612143742254,-3.9784854969525894
1.5659231722428748,3.3114479681325655
1.5659851301115242,5.487081402527622
1.5660470879801736,-0.6968716266401778
1.5661090458488227,-4.915653629122839
1.566171003717472,-0.8306362314244882
1.5662329615861215,4.241768091826529
1.5662949194547708,2.7130710783121934
1.56635687732342,-1.7307286332074139
1.5664188351920694,-2.428107435531081
1.5664807930607187,-0.04372916290449558
1.5665427509293681,1.5025035499724066
1.5666047087980173,1.5259224541353027
1.5666666666666667,0.45662794955718167
1.566728624535316,-1.6465730905338916
1.5667905824039654,-2.085856462614598
1.5668525402726146,1.3697963164378897
1.566914498141264,4.095462271307685
1.5669764560099133,0.5864486038634807
1.5670384138785627,-4.3036494381296055
1.5671003717472118,-1.7976571890200366
1.5671623296158612,4.570597474548933
1.5672242874845106,3.514224630202321
1.5672862453531597,-3.770626478073791
1.5673482032218091,-4.58828919340842
1.5674101610904585,2.702291777367436
1.5674721189591079,5.258802941645699
1.567534076827757,-1.2947746910759919
1.5675960346964064,-5.070088760980541
1.5676579925650558,0.4808075003398299
1.5677199504337052,5.139139902845362
1.5677819083023543,0.9010625193487684
1.5678438661710037,-4.116515132182339
1.567905824039653,-1.3034565407591345
1.5679677819083024,3.3822455462143184
1.5680297397769516,1.542992607559884
1.568091697645601,-2.681439880157733
1.5681536555142503,-1.6164910462830302
1.5682156133828997,1.9604677958868297
1.5682775712515489,1.3585839242005064
1.5683395291201983,-1.5192825040298048
1.5684014869888476,-0.9723548016396776
1.568463444857497,1.5656356033649643
1.5685254027261462,1.1436427746072282
1.5685873605947955,-1.1951670488418573
1.568649318463445,-1.1119366897295269
1.5687112763320943,0.8200643737941502
1.5687732342007434,0.9588913816143069
1.5688351920693928,-0.5934498560495056
1.5688971499380422,-1.086669768303942
1.5689591078066913,-0.2746714226443763
1.5690210656753407,0.280470134627671
1.56908302354399,0.433824369247819
1.5691449814126395,0.4601520840520472
1.5692069392812886,-0.2970173021647674
1.569268897149938,-1.227014184238731
1.5693308550185874,-0.35211762005465813
1.5693928128872368,1.5778807270138175
1.569454770755886,1.1091599170447846
1.5695167286245353,-1.7922853408888326
1.5695786864931847,-2.5542074505387826
1.569640644361834,0.4768926660313577
1.5697026022304832,2.558996010449132
1.5697645600991326,0.1647054995466224
1.569826517967782,-2.904204321680785
1.5698884758364313,-1.6493731161722343
1.5699504337050805,1.9302929876307602
1.5700123915737298,2.2283885246990742
1.5700743494423792,-0.9899895121740685
1.5701363073110286,-2.68461868542831
1.5701982651796778,-0.6580020303497807
1.5702602230483271,1.6414957388516307
1.5703221809169765,0.9305631622111512
1.5703841387856259,-1.4257395078726303
1.570446096654275,-2.1411883814234303
1.5705080545229244,-0.5261005032104222
1.5705700123915738,1.2402063538722796
1.570631970260223,1.0252226053179592
1.5706939281288723,-0.9301335600287715
1.5707558859975217,-2.1448094779131557
1.570817843866171,-0.6965704548452571
1.5708798017348202,1.7480042598526815
1.5709417596034696,1.414474793559736
1.571003717472119,-1.8896872701677847
1.5710656753407684,-3.3590933280516535
1.5711276332094175,-0.23476909561441067
1.5711895910780669,2.914598625157539
1.5712515489467163,0.749656813965868
1.5713135068153656,-3.6577871944745883
1.5713754646840148,-3.010062035728893
1.5714374225526642,2.0611397413996633
1.5714993804213135,3.380260643552641
1.571561338289963,-1.3067276116561541
1.571623296158612,-4.329952374802928
1.5716852540272614,-0.8868981161701639
1.5717472118959108,3.029204572646842
1.5718091697645602,1.0340962737419561
1.5718711276332094,-3.142722401431924
1.5719330855018587,-2.7242004744210786
1.571995043370508,0.8193220830519378
1.5720570012391575,1.498947540816269
1.5721189591078066,-0.8244508350809175
1.572180916976456,-1.7308458687522126
1.5722428748451054,-0.5241563400077285
1.5723048327137545,0.07518445485043479
1.572366790582404,-0.19981633059331433
1.5724287484510533,-0.008031077300633793
1.5724907063197027,-0.3042559087232479
1.5725526641883518,-1.7301567738320514
1.5726146220570012,-1.6429390344686468
1.5726765799256506,0.8241906143024931
1.5727385377943,1.3685978029105421
1.572800495662949,-1.94656024428617
1.5728624535315985,-3.5154710012597503
1.5729244114002479,0.39627254967789627
1.5729863692688972,3.5423124079968638
1.5730483271375464,-0.16505349769525424
1.5731102850061958,-4.891141255573294
1.5731722428748451,-2.1281342951585747
1.5732342007434945,3.8697206727151725
1.5732961586121437,2.6530881792946346
1.573358116480793,-4.164353625309168
1.5734200743494424,-5.213825171157671
1.5734820322180918,1.26647744006516
1.573543990086741,4.577855788119641
1.5736059479553903,-0.3486091514011256
1.5736679058240397,-5.175674724800732
1.573729863692689,-2.51620031961349
1.5737918215613382,2.902386003974131
1.5738537794299876,3.0273659506513857
1.573915737298637,-1.5302829277143692
1.5739776951672861,-4.0969835204406975
1.5740396530359355,-1.7404564925094677
1.574101610904585,2.0544003053104634
1.5741635687732343,2.381053157921478
1.5742255266418834,-1.4101779869685205
1.5742874845105328,-4.422805813942883
1.5743494423791822,-1.8975742412135737
1.5744114002478315,3.2299210958207416
1.5744733581164807,3.074318081227552
1.57453531598513,-2.8213852082999935
1.5745972738537795,-5.134205005395354
1.5746592317224288,0.46841411579758274
1.574721189591078,4.97985082033181
1.5747831474597274,0.5247550189361998
1.5748451053283767,-5.664380937639806
1.5749070631970261,-3.083041666282811
1.5749690210656753,3.7922203280337445
1.5750309789343246,3.1353806208110147
1.575092936802974,-3.604161646396575
1.5751548946716234,-4.5210618507404305
1.5752168525402725,1.6887320160552446
1.575278810408922,3.9801118216399516
1.5753407682775713,-1.141550888624032
1.5754027261462207,-4.130598716333196
1.5754646840148698,-0.09742497154105006
1.5755266418835192,3.0756996052712986
1.5755885997521686,-0.17820601936376823
1.5756505576208177,-3.4163577759571995
1.5757125154894671,-0.7871430302264883
1.5757744733581165,2.389795142583914
1.5758364312267659,0.10963278659685471
1.575898389095415,-3.1009931826507247
1.5759603469640644,-0.8870075506136801
1.5760223048327138,2.9255809273510414
1.5760842627013631,1.235201769652563
1.5761462205700123,-3.2224894948183493
1.5762081784386617,-2.4473436839669667
1.576270136307311,2.5724772842443966
1.5763320941759604,3.19465146594579
1.5763940520446096,-2.0464560678140478
1.576456009913259,-4.6202092797721805
1.5765179677819083,-0.11897062414448678
1.5765799256505577,4.330304898348608
1.5766418835192069,1.6117308626134133
1.5767038413878562,-3.9017233371004654
1.5767657992565056,-3.4325553540522264
1.576827757125155,2.2912579339327213
1.5768897149938041,4.425948078019802
1.5769516728624535,-0.10244887429274296
1.577013630731103,-4.244505997813716
1.5770755885997523,-2.0057251034659256
1.5771375464684014,2.840148195589695
1.5771995043370508,3.1404281363838233
1.5772614622057002,-1.1164663498582583
1.5773234200743493,-3.634127300103165
1.5773853779429987,-1.14036275361066
1.577447335811648,2.69929357994479
1.5775092936802975,2.84305474673836
1.5775712515489466,-0.6630711568454544
1.577633209417596,-3.082084931724975
1.5776951672862454,-1.056515516508096
1.5777571251548947,2.855643538872888
1.577819083023544,3.0912394634555422
1.5778810408921933,-1.1683963095206344
1.5779429987608427,-3.948009142898713
1.578004956629492,-0.7857098028633882
1.5780669144981412,3.8916606047818196
1.5781288723667906,2.8071552133634983
1.57819083023544,-2.602772078899358
1.5782527881040893,-3.782546840820879
1.5783147459727385,1.4150843037481011
1.5783767038413878,4.881926532643011
1.5784386617100372,1.1032994613709874
1.5785006195786866,-3.861902275300708
1.5785625774473357,-2.1444673543315793
1.5786245353159851,3.2646903145830475
1.5786864931846345,3.5838931437732606
1.5787484510532839,-1.4986421605236298
1.578810408921933,-3.661209341113766
1.5788723667905824,0.36900534454071066
1.5789343246592318,3.8661438115943536
1.578996282527881,1.4233396655233779
1.5790582403965303,-2.4895543190037372
1.5791201982651797,-1.3922138791510177
1.579182156133829,2.546097008775029
1.5792441140024782,2.6319246019447657
1.5793060718711276,-0.9702833442650025
1.579368029739777,-1.9383458338271122
1.5794299876084263,1.0907414093369368
1.5794919454770755,2.4275300441876446
1.5795539033457249,-0.3107419383187878
1.5796158612143743,-1.9390270584193225
1.5796778190830236,0.7629275828004279
1.5797397769516728,2.9347906398473613
1.5798017348203222,0.38366229425685816
1.5798636926889715,-2.3886263951782176
1.579925650557621,0.038860543125546876
1.57998760842627,3.82482584240458
1.5800495662949194,2.0423213318016504
1.5801115241635688,-2.8732173131118337
1.5801734820322182,-2.5854651983074257
1.5802354399008673,2.880705330781966
1.5802973977695167,4.557963147150055
1.580359355638166,-0.7062932063381497
1.5804213135068155,-4.630267966808713
1.5804832713754646,-0.6252725843175937
1.580545229244114,5.409548589991282
1.5806071871127634,4.014948793983458
1.5806691449814125,-2.971873888651271
1.580731102850062,-4.777454021050339
1.5807930607187113,1.8036837853464143
1.5808550185873607,6.8064958680308685
1.5809169764560098,1.9823964866480197
1.5809789343246592,-5.719760891203723
1.5810408921933086,-4.037075519525322
1.581102850061958,4.934326894088867
1.581164807930607,6.9125596077345755
1.5812267657992565,-1.7155691337759966
1.5812887236679058,-7.035205880469169
1.5813506815365552,-0.0028314101964459493
1.5814126394052044,8.019399604033206
1.5814745972738538,3.7692035973340676
1.5815365551425031,-5.6051242353261514
1.5815985130111525,-4.6071929195855885
1.5816604708798017,4.541649747047926
1.581722428748451,6.378221622773891
1.5817843866171004,-1.4484244784610776
1.5818463444857498,-5.502124477755906
1.581908302354399,-0.028688409653161884
1.5819702602230483,5.0455146139221
1.5820322180916977,2.41121803823651
1.582094175960347,-2.1309160849796154
1.5821561338289962,-1.865750275013269
1.5822180916976456,1.0580896987266544
1.582280049566295,2.3515647944459195
1.5823420074349441,1.8299102957353734
1.5824039653035935,0.16922766088752095
1.5824659231722429,-2.0293193109745804
1.5825278810408923,-1.6120884073834088
1.5825898389095414,2.4803646459756976
1.5826517967781908,4.218415654436448
1.5827137546468402,-0.613629803584372
1.5827757125154895,-4.825776552294203
1.5828376703841387,-0.4877459322697311
1.582899628252788,6.009727689853838
1.5829615861214374,3.4689333533839894
1.5830235439900868,-4.248001352617581
1.583085501858736,-4.066841763263194
1.5831474597273854,3.574069684523716
1.5832094175960347,5.4783135118025434
1.583271375464684,-1.282216576638405
1.5833333333333333,-4.92127221162783
1.5833952912019826,0.15408329493999107
1.583457249070632,4.681262504421255
1.5835192069392814,1.5362691533356556
1.5835811648079305,-3.0454582445137577
1.58364312267658,-1.6002434025678496
1.5837050805452293,2.6428235276207968
1.5837670384138787,2.84948020984896
1.5838289962825278,-0.5460665659952078
1.5838909541511772,-2.2554512691223634
1.5839529120198266,-0.37272329476538524
1.5840148698884757,2.2323627779367428
1.584076827757125,2.128441096967305
1.5841387856257745,-0.8923113285884917
1.5842007434944239,-3.0099033480331174
1.584262701363073,-0.5818538435772485
1.5843246592317224,3.7274407456290803
1.5843866171003718,3.1775592430860615
1.5844485749690211,-2.379454469697359
1.5845105328376703,-4.427388701448134
1.5845724907063197,1.0788145161713831
1.584634448574969,5.84758296150055
1.5846964064436184,1.8194918032155198
1.5847583643122676,-5.158468337115795
1.584820322180917,-4.0888720429552805
1.5848822800495663,3.410673389382871
1.5849442379182157,5.580319064372713
1.5850061957868649,-0.7454541624840543
1.5850681536555142,-5.518231023621286
1.5851301115241636,-1.613292453519418
1.585192069392813,4.588237875025616
1.5852540272614621,3.8391195645039016
1.5853159851301115,-2.0866627370706765
1.585377942998761,-4.1495588934496475
1.5854399008674103,0.06863495490032567
1.5855018587360594,3.695258473905385
1.5855638166047088,1.5851088282634473
1.5856257744733582,-2.532512120712119
1.5856877323420073,-2.5794955513959303
1.5857496902106567,0.8616751050710385
1.585811648079306,2.432007829600662
1.5858736059479555,0.4184183092246314
1.5859355638166046,-1.596827974008709
1.585997521685254,-0.9378126261109125
1.5860594795539034,0.7979036254263827
1.5861214374225527,1.1979945698527512
1.586183395291202,0.2618520691894459
1.5862453531598513,-0.7836413818638578
1.5863073110285006,-1.141658772519382
1.58636926889715,-0.3669082239822574
1.5864312267657992,1.0214794180032385
1.5864931846344485,1.0692933851944941
1.586555142503098,-0.9106300877566512
1.5866171003717473,-2.1158518698494806
1.5866790582403965,-0.07519491861376965
1.5867410161090458,2.550096321505348
1.5868029739776952,1.4048360975254617
1.5868649318463446,-2.179886576692601
1.5869268897149937,-2.6128906458723775
1.5869888475836431,0.9785156298032422
1.5870508054522925,2.9892072680455026
1.5871127633209419,0.16637765139706717
1.587174721189591,-3.2215139226039824
1.5872366790582404,-2.0945335168713797
1.5872986369268898,1.7545137799471795
1.587360594795539,2.698731047639683
1.5874225526641883,-0.3518782202418994
1.5874845105328377,-2.791907300933894
1.587546468401487,-1.221053646191038
1.5876084262701362,1.9303791180780905
1.5876703841387856,2.1364314538443523
1.587732342007435,-0.7998940595103465
1.5877942998760843,-2.6218421636917832
1.5878562577447335,-0.8614956157237601
1.5879182156133829,1.6278033365053404
1.5879801734820322,1.1369392685159383
1.5880421313506816,-1.2630711852777257
1.5881040892193308,-1.7045194162795825
1.5881660470879801,0.25247154222527013
1.5882280049566295,1.3163500715526664
1.588289962825279,0.11241827690142325
1.588351920693928,-0.9731926386004779
1.5884138785625774,-0.29880338911161974
1.5884758364312268,0.5217340825515154
1.5885377942998762,-0.013996196481015133
1.5885997521685253,-0.7529114794617887
1.5886617100371747,-0.41040464769535623
1.588723667905824,0.1538375143647519
1.5887856257744735,-0.08110993721337434
1.5888475836431226,-0.41238529604298146
1.588909541511772,-0.11761099025012567
1.5889714993804214,0.10034732675241975
1.5890334572490705,-0.18225533032023478
1.58909541511772,-0.08140479843488946
1.5891573729863693,0.5403007053476747
1.5892193308550187,0.2712137597277244
1.5892812887236678,-1.0414699079474286
1.5893432465923172,-1.1902378546183705
1.5894052044609666,0.6201409664757302
1.589467162329616,1.5352292106459176
1.589529120198265,-0.49516563746258635
1.5895910780669145,-2.5025261061194435
1.5896530359355638,-0.7769032079416908
1.5897149938042132,2.4763263612078714
1.5897769516728624,1.962113765964305
1.5898389095415117,-1.8508143679292228
1.5899008674101611,-2.8315545033250347
1.5899628252788105,0.8028787887685712
1.5900247831474597,3.1408132957864647
1.590086741016109,0.24796925771917944
1.5901486988847584,-3.148932661648737
1.5902106567534078,-1.565388558286915
1.590272614622057,2.1033470841858595
1.5903345724907063,1.7944682049696468
1.5903965303593557,-1.462332356625107
1.590458488228005,-1.9016587157766915
1.5905204460966542,0.8723561758950167
1.5905824039653036,1.8543064472492312
1.590644361833953,-0.2719479881521192
1.5907063197026021,-1.444125979846405
1.5907682775712515,0.1097570822616234
1.5908302354399009,1.2307850710610277
1.5908921933085503,-0.00999245138195537
1.5909541511771994,-1.2442285360940621
1.5910161090458488,-0.4834564966441879
1.5910780669144982,0.7569950677794317
1.5911400247831475,0.6314422023933909
1.5912019826517967,-0.2532870736456583
1.591263940520446,-0.5298151797669277
1.5913258983890954,-0.03595159863735686
1.5913878562577448,0.6142379805455456
1.591449814126394,0.7567751302924508
1.5915117719950433,0.06723192384135435
1.5915737298636927,-0.7287449618912272
1.591635687732342,-0.48008721873291416
1.5916976456009913,0.4386861448564351
1.5917596034696406,0.5405636642599678
1.59182156133829,-0.14403088432038547
1.5918835192069394,-0.2812896320536601
1.5919454770755885,0.05106318860203929
1.592007434944238,-0.09043779251462938
1.5920693928128873,0.04004645112786537
1.5921313506815367,1.156537464796204
1.5921933085501858,1.1797390883561343
1.5922552664188352,-1.1039883760499478
1.5923172242874846,-2.0634790052464926
1.5923791821561337,0.9876872640578268
1.592441140024783,3.2876571522143703
1.5925030978934325,-0.07509604615090171
1.5925650557620818,-4.060345948894366
1.592627013630731,-1.1771479461268992
1.5926889714993804,4.387297741246012
1.5927509293680298,2.832880380824685
1.5928128872366791,-3.529411017571435
1.5928748451053283,-3.4445265028203575
1.5929368029739777,3.152161354633062
1.592998760842627,4.551594735806003
1.5930607187112764,-1.7202916530730885
1.5931226765799256,-4.446408289153567
1.593184634448575,0.8950259381988375
1.5932465923172243,4.32026310241206
1.5933085501858737,-0.052717960126069885
1.5933705080545228,-3.783809377515581
1.5934324659231722,-0.30136002219676716
1.5934944237918216,3.522319120801003
1.593556381660471,0.9881928378188654
1.5936183395291201,-2.4548830028709596
1.5936802973977695,-0.47321304313921275
1.5937422552664189,2.5124887770594824
1.5938042131350683,0.7419910478415273
1.5938661710037174,-1.9486148747706533
1.5939281288723668,-0.2943301531886586
1.5939900867410162,2.120566949234769
1.5940520446096653,0.257255381624788
1.5941140024783147,-2.3520755258009736
1.594175960346964,-0.3687402439693299
1.5942379182156134,2.9504639164131263
1.5942998760842626,1.4730210188529982
1.594361833952912,-2.531148009277871
1.5944237918215614,-2.077884549210322
1.5944857496902107,2.442588244664767
1.5945477075588599,3.6666348222658707
1.5946096654275093,-0.7388313208945685
1.5946716232961586,-4.149335220283293
1.594733581164808,-1.156680950527326
1.5947955390334572,3.9447089453265205
1.5948574969021065,3.281771133270113
1.594919454770756,-2.571935184984968
1.5949814126394053,-4.730086666333397
1.5950433705080544,0.6592854995359128
1.5951053283767038,5.64196410577688
1.5951672862453532,2.227286256225967
1.5952292441140026,-4.515599963307798
1.5952912019826517,-3.8940214256694112
1.595353159851301,3.0795997594269515
1.5954151177199505,5.0910528825422405
1.5954770755885999,-0.9208199959501359
1.595539033457249,-5.0238610767877265
1.5956009913258984,-1.0740780148820122
1.5956629491945478,3.830222221672915
1.595724907063197,2.2027111204453234
1.5957868649318463,-2.1279521850406278
1.5958488228004957,-2.1850802270361815
1.595910780669145,0.8724727154218497
1.5959727385377942,1.8808669180620186
1.5960346964064436,0.45771406074941634
1.596096654275093,-0.6779041710169509
1.5961586121437423,-0.9039449849455239
1.5962205700123915,-0.5462778831931248
1.5962825278810409,0.6667370438348534
1.5963444857496902,1.2729198228522083
1.5964064436183396,-0.5333118499743417
1.5964684014869888,-2.224677423686978
1.5965303593556381,-0.173782669871007
1.5965923172242875,2.739551011067002
1.596654275092937,1.011867839243689
1.596716232961586,-2.8560210415631246
1.5967781908302354,-1.7507750821876187
1.5968401486988848,2.767171176805942
1.5969021065675342,2.4242601768205847
1.5969640644361833,-2.5451832386168824
1.5970260223048327,-3.31273752629859
1.597087980173482,1.3774397916813272
1.5971499380421315,2.9287774965779954
1.5972118959107806,-1.0694324954456085
1.59727385377943,-2.833044102202959
1.5973358116480794,0.48176302419129513
1.5973977695167285,1.988618858004998
1.597459727385378,-0.8161804354086115
1.5975216852540273,-1.5152433426949723
1.5975836431226766,1.486494964368667
1.5976456009913258,1.280644762898644
1.5977075588599752,-2.930103677957817
1.5977695167286246,-2.694368972466896
1.597831474597274,2.9650180900294485
1.597893432465923,3.6001829001192176
1.5979553903345725,-3.358333676374536
1.5980173482032218,-5.877787549647531
1.5980793060718712,1.563160964978044
1.5981412639405204,6.6818241294749825
1.5982032218091697,0.29001834050682174
1.5982651796778191,-7.04619276257726
1.5983271375464685,-2.9493684763106236
1.5983890954151176,5.483013544548312
1.598451053283767,4.173397753086293
1.5985130111524164,-4.1744096695341435
1.5985749690210658,-5.736473740317338
1.598636926889715,1.0813085507426567
1.5986988847583643,4.59029373181251
1.5987608426270137,0.01626129358363304
1.598822800495663,-4.223411757821183
1.5988847583643122,-1.7584746429496034
1.5989467162329616,2.4407336223236173
1.599008674101611,1.7787795213987843
1.5990706319702601,-1.7944796149890776
1.5991325898389095,-2.4066288966193845
1.5991945477075589,0.2714297549202094
1.5992565055762082,1.5127970869395988
1.5993184634448574,-0.5821167641917153
1.5993804213135068,-2.4450744350511844
1.5994423791821561,-0.9925775018600338
1.5995043370508055,1.3902623462992154
1.5995662949194547,0.720315514374195
1.599628252788104,-1.884724830686885
1.5996902106567534,-1.8956739597407843
1.5997521685254028,0.834783889443723
1.599814126394052,1.5891881088352995
1.5998760842627013,-0.968810422941893
1.5999380421313507,-2.346829879910353
1.6,-0.32834991931633395
1.6000619578686492,1.0942176217773283
1.6001239157372986,-0.6582556616076513
1.600185873605948,-1.968322155092335
1.6002478314745974,-0.23420701531816532
1.6003097893432465,0.9777949795680101
1.600371747211896,-0.8991261458189328
1.6004337050805453,-2.033351113984942
1.6004956629491947,0.29624632714829047
1.6005576208178438,1.8166039208969662
1.6006195786864932,-0.7557301357431572
1.6006815365551426,-2.9374847255752248
1.6007434944237917,-0.6521550713048943
1.600805452292441,1.8914588604235365
1.6008674101610905,0.019937756843819487
1.6009293680297398,-2.660282522479921
1.600991325898389,-1.3123351308755558
1.6010532837670384,1.109018354272489
1.6011152416356877,0.12847625735973345
1.6011771995043371,-1.5985449349060625
1.6012391573729863,-0.27661443993295376
1.6013011152416357,1.0614032652734975
1.601363073110285,-0.9415927227982915
1.6014250309789344,-2.3804936025758394
1.6014869888475836,0.27682233895803976
1.601548946716233,2.1865924890606356
1.6016109045848823,-1.0259846885496662
1.6016728624535317,-3.9247700687791305
1.6017348203221808,-0.771810211368325
1.6017967781908302,3.1494115095537616
1.6018587360594796,0.7058330329375972
1.601920693928129,-3.7311292929708655
1.6019826517967781,-2.070954784411253
1.6020446096654275,2.646581658069133
1.6021065675340769,1.9228047125017311
1.6021685254027263,-2.6965865066306742
1.6022304832713754,-2.8670902365384787
1.6022924411400248,1.2906231230350602
1.6023543990086742,2.049594462759528
1.6024163568773233,-1.6834221003601202
1.6024783147459727,-3.0809014790809077
1.602540272614622,0.05098856414297126
1.6026022304832714,2.156874330442512
1.6026641883519206,0.1248891032644115
1.60272614622057,-2.2627939821699736
1.6027881040892193,-1.457144482944933
1.6028500619578687,0.9175337641335375
1.6029120198265179,1.5932605969701235
1.6029739776951673,-0.1397757720079083
1.6030359355638166,-2.265277477413656
1.603097893432466,-2.021105922081087
1.6031598513011152,0.8290877213783058
1.6032218091697645,2.377298726881282
1.603283767038414,-0.3990846441150553
1.6033457249070633,-3.629148380702206
1.6034076827757124,-1.548840226260006
1.6034696406443618,3.15607428242275
1.6035315985130112,2.548267613730201
1.6035935563816606,-2.7635010900639534
1.6036555142503097,-3.6854486510841604
1.603717472118959,1.5658121256528295
1.6037794299876085,3.774401207992606
1.6038413878562578,-1.0792558600071005
1.603903345724907,-4.450981833749026
1.6039653035935564,-0.42301346560776126
1.6040272614622058,3.776295138658728
1.604089219330855,0.8396905947108894
1.6041511771995043,-3.7563828814665374
1.6042131350681537,-1.8759792749374926
1.604275092936803,3.046951698386599
1.6043370508054522,2.6212006889918205
1.6043990086741016,-2.0358361944962544
1.604460966542751,-3.0866545879737872
1.6045229244114003,0.6624340405054949
1.6045848822800495,2.8503867529368376
1.6046468401486988,0.40675923328785324
1.6047087980173482,-2.5474849720891335
1.6047707558859976,-1.8212867714393783
1.6048327137546468,1.2133152954959305
1.6048946716232961,2.3141332408019943
1.6049566294919455,0.11899266711339596
1.6050185873605949,-2.161761575864591
1.605080545229244,-1.0357786478758135
1.6051425030978934,1.984776664953264
1.6052044609665428,2.106440715782132
1.6052664188351922,-1.0971152942830178
1.6053283767038413,-2.386191102533285
1.6053903345724907,0.4408815303705911
1.60545229244114,2.3977621886235316
1.6055142503097894,0.008726865591136668
1.6055762081784386,-2.291791770657835
1.605638166047088,-0.22935328320090553
1.6057001239157374,2.3802604315677076
1.6057620817843865,0.8264916224096193
1.6058240396530359,-1.6941078553604452
1.6058859975216853,-0.39777222681457547
1.6059479553903346,1.9829752086286756
1.6060099132589838,0.8419776804596009
1.6060718711276332,-1.3372912864446103
1.6061338289962825,-0.30601651654857
1.606195786864932,1.4105090907262068
1.606257744733581,0.037928032211694995
1.6063197026022304,-1.3572671718077882
1.6063816604708798,0.7713690306778858
1.6064436183395292,2.391143300851274
1.6065055762081784,-0.4311084206068616
1.6065675340768277,-2.6284546060559055
1.606629491945477,0.8798611149318787
1.6066914498141265,4.3591019055067095
1.6067534076827756,0.8296306412058301
1.606815365551425,-4.2749327652936575
1.6068773234200744,-1.7971698591338283
1.6069392812887238,4.475523597990749
1.607001239157373,3.7665400992085543
1.6070631970260223,-2.909034986461611
1.6071251548946717,-4.388648760307915
1.607187112763321,1.6420308159420853
1.6072490706319702,5.301807426393461
1.6073110285006196,1.2723559585263287
1.607372986369269,-3.488291549382419
1.607434944237918,-1.9892294826827195
1.6074969021065675,2.643686083502669
1.6075588599752169,3.591889297807124
1.6076208178438662,0.22596671089464537
1.6076827757125154,-2.62672837125786
1.6077447335811648,-1.6006432072883658
1.6078066914498141,1.8249759876525506
1.6078686493184635,3.371438609688767
1.6079306071871127,0.817177431410257
1.607992565055762,-2.6613921496544686
1.6080545229244114,-1.8751670141403256
1.6081164807930608,2.6974630375793103
1.60817843866171,4.4124062720264545
1.6082403965303593,0.16967731940574682
1.6083023543990087,-3.9624350357013767
1.608364312267658,-1.4918540019433013
1.6084262701363072,4.061427299858838
1.6084882280049566,4.0774084360609635
1.608550185873606,-1.7472003391472894
1.6086121437422554,-4.553916601709157
1.6086741016109045,0.13232498222514666
1.608736059479554,5.344780148316018
1.6087980173482033,3.204321388872182
1.6088599752168526,-3.0182810321868736
1.6089219330855018,-3.8522566304641783
1.6089838909541512,1.9299597342698278
1.6090458488228006,5.496349363952008
1.6091078066914497,1.4805011041037113
1.609169764560099,-3.9949903366475894
1.6092317224287485,-2.8707913590255467
1.6092936802973978,2.8165466097778618
1.609355638166047,4.580009699359897
1.6094175960346964,0.25552663576866075
1.6094795539033457,-3.5424552595943823
1.6095415117719951,-1.563949132792401
1.6096034696406443,3.106912837652315
1.6096654275092936,4.058836459580862
1.609727385377943,0.1681623502920781
1.6097893432465924,-3.2883714733676994
1.6098513011152416,-1.5553188870706267
1.609913258983891,3.148738507547806
1.6099752168525403,4.01793918086226
1.6100371747211897,-0.7702562354858697
1.6100991325898388,-4.312264919611514
1.6101610904584882,-0.7380289740789707
1.6102230483271376,4.845314961810693
1.610285006195787,3.4606553462413085
1.6103469640644361,-2.9261605136544606
1.6104089219330855,-3.8110949867984276
1.6104708798017349,2.4148130337495144
1.6105328376703842,5.32382290761776
1.6105947955390334,0.03510816486232371
1.6106567534076828,-4.433280835384956
1.6107187112763321,-0.7796692174146904
1.6107806691449813,4.253880858826161
1.6108426270136307,2.1411052796457257
1.61090458488228,-2.8371952159679004
1.6109665427509294,-2.0061059367276806
1.6110285006195786,2.536917576455176
1.611090458488228,2.751220496996526
1.6111524163568773,-0.9369016555369967
1.6112143742255267,-1.6223794374376366
1.6112763320941759,1.2545960736878827
1.6113382899628252,2.006993392790463
1.6114002478314746,-0.3511335309384691
1.611462205700124,-1.1782456950157032
1.6115241635687731,0.6190127049096489
1.6115861214374225,1.251987144154738
1.611648079306072,-0.26105525074393354
1.6117100371747213,-0.7294993941852783
1.6117719950433704,0.6688097553146992
1.6118339529120198,1.1584491302767865
1.6118959107806692,0.036019397427158206
1.6119578686493186,-0.3074896121902118
1.6120198265179677,0.6244176574911218
1.612081784386617,0.721039975291119
1.6121437422552665,-0.20907173991517752
1.6122057001239158,-0.15709730463664592
1.612267657992565,0.7003750575390959
1.6123296158612144,0.2261614121211753
1.6123915737298637,-0.9727803256059251
1.612453531598513,-0.2032901961914038
1.6125154894671623,1.6923516222058699
1.6125774473358117,1.0333166733808015
1.612639405204461,-1.6011763164090134
1.6127013630731102,-1.3327423363060205
1.6127633209417596,2.1618143416703526
1.612825278810409,2.8240275956701426
1.6128872366790583,-1.3592607556966532
1.6129491945477075,-3.5960327320374206
1.6130111524163568,0.5018074106951445
1.6130731102850062,4.311479685053946
1.6131350681536556,0.8363993834841505
1.6131970260223047,-4.506909395099179
1.6132589838909541,-2.3231425248994455
1.6133209417596035,4.201091279813894
1.6133828996282529,3.9673844510922684
1.613444857496902,-2.8488179086655694
1.6135068153655514,-4.583476840391626
1.6135687732342008,1.80304464527397
1.6136307311028502,5.243648226082961
1.6136926889714993,-0.23825565483354727
1.6137546468401487,-5.151051902723216
1.613816604708798,-1.1861745515940854
1.6138785625774474,4.468726134137454
1.6139405204460966,2.042969802698977
1.614002478314746,-3.8742605210291674
1.6140644361833953,-2.859833130291246
1.6141263940520445,3.1205025407364984
1.6141883519206939,3.630753512517029
1.6142503097893433,-1.9721951273947829
1.6143122676579926,-3.8805938103205873
1.6143742255266418,1.0225374107577405
1.6144361833952912,4.157003499183975
1.6144981412639405,0.14078164638273377
1.61456009913259,-4.293016469503779
1.614622057001239,-1.8183348802024784
1.6146840148698884,3.412352722377621
1.6147459727385378,2.8454841069246197
1.6148079306071872,-2.4810130170204383
1.6148698884758363,-3.8294059214044753
1.6149318463444857,0.9918043203577674
1.614993804213135,4.218799545231593
1.6150557620817845,0.7770492028144274
1.6151177199504336,-3.6964727124090766
1.615179677819083,-2.216319637604718
1.6152416356877324,2.4351678447334657
1.6153035935563818,2.755187841552492
1.615365551425031,-1.3379352573397274
1.6154275092936803,-3.1836545805950855
1.6154894671623297,-0.4384382006625005
1.615551425030979,2.187499057504125
1.6156133828996282,1.255330366319248
1.6156753407682776,-1.0069204988414255
1.615737298636927,-1.5283719502756714
1.615799256505576,-0.3354523317973378
1.6158612143742255,1.09627640488192
1.6159231722428749,1.4506932596441278
1.6159851301115242,-0.1664832155389111
1.6160470879801734,-2.333886669475725
1.6161090458488228,-1.6409346689736302
1.6161710037174721,1.7513293889600927
1.6162329615861215,2.5806819211361125
1.6162949194547707,-1.2048990298167979
1.61635687732342,-3.6747910231699805
1.6164188351920694,-0.27420784971421996
1.6164807930607188,3.7369164050855885
1.616542750929368,1.7193354172162123
1.6166047087980173,-2.9378751038056894
1.6166666666666667,-2.698675142852972
1.616728624535316,1.4299929134774283
1.6167905824039652,2.548296156419257
1.6168525402726146,-0.29691366985850864
1.616914498141264,-2.113683410115125
1.6169764560099134,-1.1355889154842584
1.6170384138785625,0.21142418574582678
1.6171003717472119,0.9681392757199307
1.6171623296158613,1.3315762803965785
1.6172242874845106,-0.03439804090493681
1.6172862453531598,-2.4377145634385244
1.6173482032218092,-1.6124059910810644
1.6174101610904585,2.5983564307982903
1.6174721189591077,3.3949380906786555
1.617534076827757,-1.797611778456125
1.6175960346964064,-5.000939332305338
1.6176579925650558,-0.37141343319364306
1.617719950433705,4.899416193680515
1.6177819083023544,2.041508537379502
1.6178438661710037,-4.297249264540413
1.617905824039653,-3.7462371672514814
1.6179677819083023,2.5828999645720194
1.6180297397769516,4.517696120046403
1.618091697645601,-0.4334652251534935
1.6181536555142504,-4.124100696537826
1.6182156133828995,-1.3803302406946023
1.618277571251549,2.9200072871256433
1.6183395291201983,2.4148991899566776
1.6184014869888477,-1.6644793696968263
1.6184634448574968,-3.2612394894824783
1.6185254027261462,-0.2525786478490689
1.6185873605947956,2.882272046030738
1.618649318463445,1.528035252537758
1.618711276332094,-2.20119588879569
1.6187732342007435,-2.373942566021322
1.6188351920693929,1.406209984083222
1.6188971499380422,2.9770444520756705
1.6189591078066914,-0.2736450613279673
1.6190210656753408,-2.864061319923821
1.6190830235439901,-0.6643839832909583
1.6191449814126393,2.090220272230791
1.6192069392812887,0.7690606380387037
1.619268897149938,-1.5763729282911625
1.6193308550185874,-0.7171090081633157
1.6193928128872366,0.8992992568246855
1.619454770755886,-0.024822043539919292
1.6195167286245353,-0.7229749779135954
1.6195786864931847,1.2228735906811443
1.6196406443618339,1.7095226767810485
1.6197026022304832,-1.675023662383317
1.6197645600991326,-3.0187554997394606
1.619826517967782,1.4448639019453666
1.6198884758364311,4.450611429220798
1.6199504337050805,-0.35740481550710124
1.62001239157373,-5.678991372424334
1.6200743494423793,-1.944229963148171
1.6201363073110284,5.477154809577765
1.6201982651796778,4.341070458043529
1.6202602230483272,-3.8035631230606257
1.6203221809169766,-5.821722146769453
1.6203841387856257,1.4947455834351437
1.620446096654275,6.514750701583414
1.6205080545229245,1.6171382876542701
1.6205700123915738,-5.3879565662352125
1.620631970260223,-4.108788899673863
1.6206939281288724,2.949756304579795
1.6207558859975217,5.1599949737889945
1.620817843866171,-0.2991814952168881
1.6208798017348203,-5.024662912912714
1.6209417596034696,-2.1662360761525967
1.621003717472119,3.761329955036394
1.6210656753407682,3.9721184329723678
1.6211276332094176,-1.429621740055592
1.621189591078067,-4.035846578867497
1.6212515489467163,-0.3245111932569773
1.6213135068153655,3.394111420608488
1.6213754646840148,1.6188584591702182
1.6214374225526642,-2.117313461325823
1.6214993804213136,-2.160356245078965
1.6215613382899627,0.4433408407482138
1.6216232961586121,1.4689235139971888
1.6216852540272615,0.6368476257155348
1.6217472118959109,-0.10048544402693205
1.62180916976456,-0.7405107427682256
1.6218711276332094,-1.1214812131750669
1.6219330855018588,0.4307071117500049
1.6219950433705081,2.5543331780165297
1.6220570012391573,1.010372257459742
1.6221189591078067,-3.079413453343082
1.622180916976456,-2.824866287382157
1.6222428748451054,2.4623755721399263
1.6223048327137546,4.126769303502771
1.622366790582404,-1.36650457773395
1.6224287484510533,-5.05651133716191
1.6224907063197025,-0.3395559706025751
1.6225526641883519,5.086847645275456
1.6226146220570012,2.174648726642754
1.6226765799256506,-3.8864316833168115
1.6227385377942998,-2.983413463972114
1.6228004956629491,2.5502816727438873
1.6228624535315985,3.0369144443522833
1.622924411400248,-1.4418838249551813
1.622986369268897,-2.612601197398182
1.6230483271375464,0.5637666638355416
1.6231102850061958,1.4028585958993083
1.6231722428748452,-1.0291188775814142
1.6232342007434943,-0.8992278835718945
1.6232961586121437,1.9589503283723189
1.623358116480793,1.253300504310681
1.6234200743494425,-2.792007135477863
1.6234820322180916,-2.334097228222149
1.623543990086741,3.215969695418605
1.6236059479553904,4.079167241419993
1.6236679058240397,-2.7814235499046367
1.623729863692689,-6.268263675465914
1.6237918215613383,0.6137264412385752
1.6238537794299877,7.130946300351995
1.623915737298637,1.702579290406312
1.6239776951672862,-7.472762933770581
1.6240396530359356,-4.739834568061366
1.624101610904585,6.2647043427573035
1.624163568773234,7.338778615091651
1.6242255266418835,-3.890725952288109
1.6242874845105328,-9.044771141132465
1.6243494423791822,0.6068448975867504
1.6244114002478314,9.131729069238164
1.6244733581164807,2.321315710844077
1.6245353159851301,-8.587918526985042
1.6245972738537795,-5.751673936869182
1.6246592317224287,5.841342363826352
1.624721189591078,7.329137090927291
1.6247831474597274,-2.9640920740829384
1.6248451053283768,-8.045912575724797
1.624907063197026,-0.5064193432978299
1.6249690210656753,6.969678819983138
1.6250309789343247,3.231863132339546
1.625092936802974,-4.913494167036454
1.6251548946716232,-5.314938856537424
1.6252168525402726,1.3860445773277217
1.625278810408922,4.928877321969571
1.6253407682775713,0.9731452378606844
1.6254027261462205,-4.280378070893171
1.6254646840148699,-3.6719008439254024
1.6255266418835193,1.667117385558691
1.6255885997521686,4.281607820063214
1.6256505576208178,0.5103420905943694
1.6257125154894672,-4.142986685694291
1.6257744733581165,-2.6671646323616436
1.625836431226766,2.626032544101793
1.625898389095415,3.256991471974109
1.6259603469640644,-1.7603209713038612
1.6260223048327138,-4.083005600882579
1.626084262701363,-0.09826669785424302
1.6261462205700123,2.9909517440910767
1.6262081784386617,0.022723639726382916
1.626270136307311,-3.1139487564538273
1.6263320941759603,-0.5860387468195768
1.6263940520446096,2.6188838803494643
1.626456009913259,0.26330670227561825
1.6265179677819084,-3.1590218454982484
1.6265799256505575,-0.8378277232824033
1.626641883519207,3.0775504746177798
1.6267038413878563,0.8068902292415476
1.6267657992565057,-4.104539973272648
1.6268277571251548,-2.557751847123184
1.6268897149938042,3.2094186239984603
1.6269516728624536,2.8974690685487454
1.627013630731103,-3.2978694581213457
1.627075588599752,-4.430017973280846
1.6271375464684015,1.8406867082908587
1.6271995043370509,4.705955151588983
1.6272614622057002,-0.9291611934983053
1.6273234200743494,-5.361855263363344
1.6273853779429988,-0.9637735778535861
1.6274473358116481,4.534904417664237
1.6275092936802975,1.5396279758074156
1.6275712515489467,-4.788424217774346
1.627633209417596,-3.571419030934239
1.6276951672862454,3.0408876603472863
1.6277571251548946,3.7554169327229086
1.627819083023544,-2.452503071583056
1.6278810408921933,-4.830009858010342
1.6279429987608427,0.6316264425190603
1.6280049566294919,4.5647480031727214
1.6280669144981412,0.3795372795431957
1.6281288723667906,-4.7221159014094445
1.62819083023544,-2.2722126066901693
1.6282527881040891,3.24513786944068
1.6283147459727385,2.428672022195821
1.6283767038413879,-3.0885773476537937
1.6284386617100373,-3.8588862882414725
1.6285006195786864,1.2099007255988283
1.6285625774473358,3.4339013577155977
1.6286245353159852,-0.6436032744752445
1.6286864931846345,-3.782378918187277
1.6287484510532837,-0.7446895915877938
1.628810408921933,3.076423374407573
1.6288723667905824,1.232849204473945
1.6289343246592318,-3.0372081319106834
1.628996282527881,-2.7011081780682193
1.6290582403965304,1.4037700296695286
1.6291201982651797,2.481605175589924
1.629182156133829,-1.009194889906834
1.6292441140024783,-3.388430446735013
1.6293060718711276,-1.0278388778557803
1.629368029739777,2.4364711651844533
1.6294299876084262,1.9932322282712027
1.6294919454770755,-1.5940100600428642
1.629553903345725,-3.206929254323087
1.6296158612143743,-0.4786828156155367
1.6296778190830234,2.8888041110114426
1.6297397769516728,1.8743215384853311
1.6298017348203222,-2.6431500789024636
1.6298636926889716,-4.181382152542038
1.6299256505576207,0.16292700741915267
1.62998760842627,4.284996146313685
1.6300495662949195,1.4986658341309305
1.6301115241635689,-4.375663488781756
1.630173482032218,-3.8964956362014975
1.6302354399008674,2.758954813836054
1.6302973977695168,5.086567524996008
1.6303593556381661,-0.9135984641583255
1.6304213135068153,-5.680402443145568
1.6304832713754647,-1.57695681104589
1.630545229244114,4.4682224109664395
1.6306071871127634,2.627974232014919
1.6306691449814126,-3.605161246865831
1.630731102850062,-3.9387915925635797
1.6307930607187113,1.4798136809474949
1.6308550185873607,3.468295858016635
1.6309169764560099,-0.29458042563844417
1.6309789343246592,-2.769867594547124
1.6310408921933086,-0.5471411874151253
1.6311028500619578,1.647518181490066
1.6311648079306071,0.5872633207349728
1.6312267657992565,-0.8425631594785516
1.631288723667906,-0.47830782917603587
1.631350681536555,-0.18875359972636974
1.6314126394052044,-0.6562917661901569
1.6314745972738538,-0.025219697310160383
1.6315365551425032,1.0902437673614815
1.6315985130111523,0.06231043248886625
1.6316604708798017,-1.7722503193499761
1.631722428748451,-0.613459892442976
1.6317843866171005,2.1737112315505254
1.6318463444857496,1.5294127292707458
1.631908302354399,-1.9397905749554534
1.6319702602230484,-2.2785959042310635
1.6320322180916977,1.2726444272437025
1.632094175960347,2.603442915628114
1.6321561338289963,-0.5941449109942097
1.6322180916976456,-2.88407154635896
1.632280049566295,-0.6207797843551054
1.6323420074349442,2.2570080476132315
1.6324039653035936,1.4816117901890895
1.632465923172243,-1.009045951651979
1.6325278810408923,-1.4499885745253083
1.6325898389095415,0.040067084417411136
1.6326517967781908,1.2459198942895136
1.6327137546468402,1.2420475526375983
1.6327757125154894,0.0211339073368344
1.6328376703841387,-1.654550324355676
1.6328996282527881,-1.5202187602175994
1.6329615861214375,1.1708157078108297
1.6330235439900866,2.7190454951499166
1.633085501858736,0.016535793906221397
1.6331474597273854,-3.1212694192738772
1.6332094175960348,-1.149644869978346
1.633271375464684,3.311699104835584
1.6333333333333333,2.89821697050258
1.6333952912019827,-1.9432701639658863
1.633457249070632,-3.205092470325261
1.6335192069392812,1.0818289879549932
1.6335811648079306,3.4833817683793216
1.63364312267658,0.0844779565107111
1.6337050805452293,-3.0092765557568675
1.6337670384138785,-0.6587534009303452
1.6338289962825279,2.6573356076741295
1.6338909541511772,1.2943204679327995
1.6339529120198266,-1.8003750649674568
1.6340148698884758,-0.9559539217988335
1.6340768277571251,2.1284121497987893
1.6341387856257745,1.8606776422617166
1.634200743494424,-1.2511429995941232
1.634262701363073,-1.7759727232271043
1.6343246592317224,1.1038241654797578
1.6343866171003718,2.4173723096683966
1.634448574969021,-0.051236333587444394
1.6345105328376703,-2.253824085009142
1.6345724907063197,-0.6672773417927044
1.634634448574969,2.20385780356442
1.6346964064436182,2.031661028683543
1.6347583643122676,-0.6883379919435497
1.634820322180917,-1.724752536196703
1.6348822800495664,0.3539434118816478
1.6349442379182155,2.2616856816698228
1.635006195786865,1.1717649029218558
1.6350681536555143,-1.1299389609886177
1.6351301115241637,-1.229812607856008
1.6351920693928128,0.7023650337421735
1.6352540272614622,1.528604454389265
1.6353159851301116,0.23143350486763006
1.635377942998761,-0.7948005293026066
1.63543990086741,0.05300039113754168
1.6355018587360595,1.148372881207483
1.6355638166047088,0.7294468497541076
1.6356257744733582,-0.17933893926579317
1.6356877323420074,0.10858213577128972
1.6357496902106567,0.9122117799581743
1.6358116480793061,0.5797556471492489
1.6358736059479555,-0.4501825487793238
1.6359355638166047,-0.40685927756406404
1.635997521685254,0.6987847071295327
1.6360594795539034,1.0571886265371426
1.6361214374225526,0.08114513114586708
1.636183395291202,-0.6326016733872911
1.6362453531598513,0.12901378928909146
1.6363073110285007,1.2898214407674424
1.6363692688971498,1.138207679344319
1.6364312267657992,-0.09601814840891243
1.6364931846344486,-0.6006932003767491
1.636555142503098,0.30607782151467977
1.6366171003717471,1.1494688414832326
1.6366790582403965,0.5509557673128804
1.6367410161090459,-0.5914228161104249
1.6368029739776953,-0.4567038045152385
1.6368649318463444,0.7747937151804005
1.6369268897149938,1.1452736715796237
1.6369888475836432,0.11773262504564341
1.6370508054522925,-0.4939532989935067
1.6371127633209417,0.43224672771523065
1.637174721189591,1.3672104885864131
1.6372366790582404,0.6742502203193714
1.6372986369268898,-0.5977543629617639
1.637360594795539,-0.44696038955473505
1.6374225526641883,0.775251904157691
1.6374845105328377,1.0537342100924003
1.637546468401487,0.03476434546353943
1.6376084262701363,-0.6296982754707148
1.6376703841387856,-0.06965102252864769
1.637732342007435,0.7773766040011373
1.6377942998760842,0.9926125713135399
1.6378562577447335,0.6709509268318202
1.637918215613383,0.059126365144308635
1.6379801734820323,-0.5343221073413791
1.6380421313506814,-0.1874616819477548
1.6381040892193308,1.2507709192050231
1.6381660470879802,1.7247669013606846
1.6382280049566296,-0.3289851320865317
1.6382899628252787,-2.358396133933896
1.638351920693928,-0.6571529380737531
1.6384138785625775,2.984484155881863
1.6384758364312269,2.7424574200100773
1.638537794299876,-1.7342211089234756
1.6385997521685254,-3.4331240230592392
1.6386617100371748,0.9855904656822465
1.6387236679058241,4.756144630349886
1.6387856257744733,1.476509757234952
1.6388475836431227,-3.878798104623552
1.638909541511772,-2.671879243072573
1.6389714993804214,3.012202125653541
1.6390334572490706,3.7971028260318143
1.63909541511772,-1.2803147412782743
1.6391573729863693,-3.58018211284241
1.6392193308550187,0.2700165678594283
1.6392812887236679,3.3983346808735995
1.6393432465923172,1.1482410676910657
1.6394052044609666,-1.768064636747643
1.6394671623296158,-0.7083524636755264
1.6395291201982651,1.384906521123468
1.6395910780669145,0.82121687256808
1.6396530359355639,-0.3811780894889205
1.639714993804213,0.1323882051969697
1.6397769516728624,0.3380443332194514
1.6398389095415118,-0.8470619692023948
1.6399008674101612,-0.48140508742358823
1.6399628252788103,1.8214614869301249
1.6400247831474597,1.5958301130878494
1.640086741016109,-1.7771696110870567
1.6401486988847584,-2.1941452905984855
1.6402106567534076,2.1986217971595425
1.640272614622057,3.9876556814391453
1.6403345724907064,-0.927996285545738
1.6403965303593557,-4.7531854392935
1.6404584882280049,-0.4533434028203196
1.6405204460966543,5.275113436517639
1.6405824039653036,2.533507259917565
1.640644361833953,-4.664447113660405
1.6407063197026022,-4.429962761385871
1.6407682775712515,3.2418200204723764
1.640830235439901,6.1524762893132205
1.6408921933085503,-0.32885835101210364
1.6409541511771994,-5.909654323064967
1.6410161090458488,-1.9370133094481223
1.6410780669144982,5.175681408148337
1.6411400247831474,4.415542631219141
1.6412019826517967,-2.834982190416122
1.641263940520446,-5.483836954777487
1.6413258983890955,0.12904504659315036
1.6413878562577446,5.189419164280953
1.641449814126394,2.285924337546951
1.6415117719950434,-3.6456672097860805
1.6415737298636928,-3.5417380624681543
1.641635687732342,1.9426886424432175
1.6416976456009913,4.24356066647287
1.6417596034696407,0.4190510450368443
1.64182156133829,-3.16684772109985
1.6418835192069392,-1.5233773105058548
1.6419454770755886,1.9275286465594852
1.642007434944238,1.9598426214379134
1.6420693928128873,-0.6057790880606282
1.6421313506815365,-1.6739531415837177
1.6421933085501859,-0.44383019726069817
1.6422552664188352,0.809502384982042
1.6423172242874846,0.9055949088745261
1.6423791821561338,0.38871595603674625
1.6424411400247831,-0.26077487678919686
1.6425030978934325,-0.6559045365941347
1.642565055762082,-0.16020224802556848
1.642627013630731,0.8962876513626128
1.6426889714993804,1.018487859497836
1.6427509293680298,-0.3183984981506871
1.642812887236679,-1.5387828736081393
1.6428748451053283,-0.8804811906410004
1.6429368029739777,1.1674697007391526
1.642998760842627,1.9806921503757882
1.6430607187112762,-0.09153196498583904
1.6431226765799256,-2.6326438653277515
1.643184634448575,-1.3341715836022234
1.6432465923172244,3.0317337538230333
1.6433085501858735,3.649064861858885
1.643370508054523,-1.933710305224581
1.6434324659231723,-5.434058722561307
1.6434944237918216,0.028727801758188898
1.6435563816604708,6.517824894560205
1.6436183395291202,2.3980517043921874
1.6436802973977696,-6.805523430455608
1.643742255266419,-5.331583548107442
1.643804213135068,5.643910572044961
1.6438661710037175,7.857178691299154
1.6439281288723668,-3.1575887893668817
1.6439900867410162,-9.029123230596277
1.6440520446096654,0.4743427057306253
1.6441140024783147,9.352949452326955
1.6441759603469641,2.6279407822325225
1.6442379182156135,-8.116086030292065
1.6442998760842626,-5.118349343713787
1.644361833952912,5.62940439214648
1.6444237918215614,6.159775944257431
1.6444857496902106,-3.013724920531058
1.64454770755886,-6.142170811820842
1.6446096654275093,0.48451768778752385
1.6446716232961587,5.043266685402686
1.6447335811648078,1.5625618468484717
1.6447955390334572,-2.7947935109413384
1.6448574969021066,-2.0576136194975714
1.644919454770756,0.8068095131980871
1.6449814126394051,1.6877977475791321
1.6450433705080545,0.7441705769995365
1.6451053283767039,-0.7311367553947588
1.6451672862453532,-1.7933923093590076
1.6452292441140024,-0.8762910167588773
1.6452912019826518,1.5905499740288025
1.6453531598513012,2.025785929394025
1.6454151177199505,-0.6908942620796128
1.6454770755885997,-2.3456572116312238
1.645539033457249,-0.1474636215907177
1.6456009913258984,2.335736033649807
1.6456629491945478,1.2118040699687795
1.645724907063197,-1.4711615520929031
1.6457868649318463,-1.738042244543523
1.6458488228004957,0.15110644593592815
1.645910780669145,1.3047401861590582
1.6459727385377942,0.6728314089378546
1.6460346964064436,-0.7246481650574457
1.646096654275093,-1.411456908405608
1.6461586121437422,-0.28341125550777535
1.6462205700123915,1.7171850393281036
1.646282527881041,1.5874497397122702
1.6463444857496903,-1.13908213784154
1.6464064436183394,-2.2947395330431717
1.6464684014869888,0.43603439237087505
1.6465303593556382,2.6543630961111755
1.6465923172242876,0.2667614312608704
1.6466542750929367,-2.89658022793507
1.646716232961586,-1.3460609712612552
1.6467781908302355,2.2829048324586383
1.6468401486988848,1.7776444173968704
1.646902106567534,-1.6822971733359222
1.6469640644361834,-1.9074393681247543
1.6470260223048327,1.220415432877529
1.6470879801734821,2.034738785036267
1.6471499380421313,-0.5856174721628233
1.6472118959107807,-1.7921265103171886
1.64727385377943,0.18982560006993565
1.6473358116480794,1.4070739115715483
1.6473977695167286,-0.27369051053222826
1.647459727385378,-1.6517812967121073
1.6475216852540273,-0.23557517305317255
1.6475836431226767,1.4961883598322951
1.6476456009913258,0.5576359824654418
1.6477075588599752,-1.4888929231321484
1.6477695167286246,-1.102104448192233
1.6478314745972737,1.4087340897505856
1.6478934324659231,2.009126322179425
1.6479553903345725,-0.7622519964356241
1.6480173482032219,-2.8195098079516567
1.648079306071871,-0.5131739946381013
1.6481412639405204,2.860943319469733
1.6482032218091698,1.5012956668007305
1.6482651796778192,-2.9901856391518224
1.6483271375464683,-3.1336297342687653
1.6483890954151177,1.9616167943418126
1.648451053283767,4.072177143400456
1.6485130111524164,-0.6143865671244926
1.6485749690210656,-4.408342263282382
1.648636926889715,-0.8257401460270773
1.6486988847583643,4.119804884045946
1.6487608426270137,2.0469568608263304
1.6488228004956629,-3.48552342810258
1.6488847583643123,-3.297983050960452
1.6489467162329616,1.8190884076638534
1.649008674101611,3.1694273863786573
1.6490706319702602,-0.8803405803460957
1.6491325898389095,-3.1552142616314662
1.649194547707559,-0.40386870792059226
1.6492565055762083,2.3025087287466843
1.6493184634448574,1.0775594183649115
1.6493804213135068,-1.2640517294462534
1.6494423791821562,-1.2700832789855476
1.6495043370508053,0.08296386312112958
1.6495662949194547,0.5890098886098238
1.649628252788104,0.24005512888317448
1.6496902106567535,-0.2918064286518576
1.6497521685254026,-0.9526227474043141
1.649814126394052,-1.0637552209832035
1.6498760842627014,0.15522334737200216
1.6499380421313508,1.3927761990770777
1.65,0.5402589873630821
1.6500619578686493,-1.5496741475220708
1.6501239157372987,-1.6545307488385226
1.650185873605948,0.7913806983554466
1.6502478314745972,2.2282293284999435
1.6503097893432466,0.11038711588434691
1.650371747211896,-2.8249527233858753
1.6504337050805453,-2.1135080970414246
1.6504956629491945,1.5904536960062647
1.6505576208178439,2.7736444910085325
1.6506195786864932,-0.7703655344896437
1.6506815365551426,-3.804946188032439
1.6507434944237918,-1.1982662741352264
1.6508054522924411,3.440858575253406
1.6508674101610905,2.635754692409128
1.6509293680297399,-2.7478448003441915
1.650991325898389,-4.058457164474341
1.6510532837670384,1.0736381783883915
1.6511152416356878,4.1623222249834315
1.651177199504337,-0.22880601754118424
1.6512391573729863,-4.870900799312773
1.6513011152416357,-1.776034881212225
1.651363073110285,3.9119252023148157
1.6514250309789342,2.411493911579678
1.6514869888475836,-3.7017134163104584
1.651548946716233,-3.6718794322664294
1.6516109045848824,2.655232077491969
1.6516728624535315,4.229625198553053
1.6517348203221809,-1.933747273620536
1.6517967781908303,-5.207730288291306
1.6518587360594796,0.19556311288029574
1.6519206939281288,4.856768595545795
1.6519826517967782,0.4679460259960129
1.6520446096654275,-5.458285327140274
1.652106567534077,-2.5408113430403603
1.652168525402726,4.2747207756003975
1.6522304832713754,3.254361152095428
1.6522924411400248,-3.687258357066951
1.6523543990086742,-4.434415068376847
1.6524163568773234,2.179979481897435
1.6524783147459727,4.582291161451066
1.652540272614622,-1.2561230350995642
1.6526022304832715,-5.154430363763225
1.6526641883519206,-0.6914864676288648
1.65272614622057,4.082630588075948
1.6527881040892194,1.1077612773573144
1.6528500619578685,-4.130707005973833
1.652912019826518,-2.7540590342353033
1.6529739776951673,2.541837375718848
1.6530359355638167,2.9538260363825763
1.6530978934324658,-1.6150111628896728
1.6531598513011152,-3.4460306069291473
1.6532218091697646,-0.07751052880296472
1.653283767038414,2.6947759871320884
1.653345724907063,0.7918150927918965
1.6534076827757125,-2.46402292862504
1.6534696406443619,-2.3341723437911215
1.6535315985130112,0.5281597883079199
1.6535935563816604,1.8330242071348848
1.6536555142503098,-0.06031197087343809
1.6537174721189591,-2.1712702896912286
1.6537794299876085,-1.3302147185725977
1.6538413878562577,1.1906543268240988
1.653903345724907,1.5194178181984443
1.6539653035935564,-0.8078702140558939
1.6540272614622058,-1.9974354483999774
1.654089219330855,-0.2078552153197678
1.6541511771995043,1.326318404507866
1.6542131350681537,-0.10045795884845199
1.654275092936803,-1.9214520373019268
1.6543370508054522,-0.9036251042668066
1.6543990086741016,1.0914977110814403
1.654460966542751,0.547788776976899
1.6545229244114001,-1.4150276460743927
1.6545848822800495,-1.2157505811374512
1.654646840148699,0.8093792585085149
1.6547087980173483,1.2216870879465815
1.6547707558859974,-0.555391498389393
1.6548327137546468,-1.649601722296186
1.6548946716232962,-0.6260960066118608
1.6549566294919456,0.7420744819237426
1.6550185873605947,0.579226175534496
1.655080545229244,-0.7563015109826108
1.6551425030978935,-1.5455785844630043
1.6552044609665428,-0.6983272319370807
1.655266418835192,0.9116223063057736
1.6553283767038414,1.1269947442512591
1.6553903345724907,-0.5476640743534595
1.6554522924411401,-1.677956357513007
1.6555142503097893,-0.42318489639923695
1.6555762081784386,1.2557045795259167
1.655638166047088,0.6593763797402609
1.6557001239157374,-1.166885654474028
1.6557620817843866,-1.4029581354305847
1.655824039653036,-0.14616650819111615
1.6558859975216853,0.47920070850071705
1.6559479553903347,0.14595114366856557
1.6560099132589838,-0.17559413589604117
1.6560718711276332,-0.5299686188729634
1.6561338289962826,-0.8022295365913317
1.6561957868649317,0.0971349615688405
1.6562577447335811,1.3710236089245353
1.6563197026022305,0.4283133351482371
1.6563816604708799,-1.9237381182698563
1.656443618339529,-1.5402301598749681
1.6565055762081784,1.4521469521230048
1.6565675340768278,1.7345309675584275
1.6566294919454772,-1.6266879583055922
1.6566914498141263,-2.6330696288957554
1.6567534076827757,0.8442183817167419
1.656815365551425,2.6503873583099358
1.6568773234200744,-0.4439718361202809
1.6569392812887236,-2.616622165069038
1.657001239157373,0.09363939803424204
1.6570631970260223,2.424867261038092
1.6571251548946717,0.08003027890742942
1.6571871127633209,-2.2916024252446396
1.6572490706319702,-0.42279961583808556
1.6573110285006196,1.5963793488282114
1.657372986369269,-0.07986467765262462
1.6574349442379182,-1.6302765146724938
1.6574969021065675,0.16472421077269317
1.657558859975217,1.3795634025836074
1.6576208178438663,-0.5749607497972238
1.6576827757125154,-1.3263525542605152
1.6577447335811648,1.197225744705217
1.6578066914498142,1.8019999223437226
1.6578686493184633,-1.4460909565063893
1.6579306071871127,-2.347921004211543
1.657992565055762,1.4281390405849033
1.6580545229244115,2.800856974800684
1.6581164807930606,-1.4327997343945869
1.65817843866171,-3.625722047991287
1.6582403965303594,0.7240698029224448
1.6583023543990087,4.0060396173308845
1.658364312267658,0.24335020847244504
1.6584262701363073,-3.78373153056382
1.6584882280049567,-0.8932338901757848
1.658550185873606,3.621787855756087
1.6586121437422552,1.9389365844916022
1.6586741016109046,-2.5830591875891455
1.658736059479554,-2.309519308275111
1.6587980173482033,1.4079445457820978
1.6588599752168525,2.0830077616939864
1.6589219330855018,-0.435175098172095
1.6589838909541512,-1.4666304848296225
1.6590458488228006,-0.2025989894138125
1.6591078066914497,0.6850002315498054
1.6591697645600991,0.6709456094571314
1.6592317224287485,0.7021228021987749
1.6592936802973979,0.1759706024188742
1.659355638166047,-0.9609708472361675
1.6594175960346964,-0.6620978028524018
1.6594795539033458,1.2366862829861933
1.659541511771995,1.5521934808586528
1.6596034696406443,-0.743689214055042
1.6596654275092937,-2.021101273637468
1.659727385377943,-0.017349170652266155
1.6597893432465922,2.1119388094159564
1.6598513011152416,1.0812681968628473
1.659913258983891,-1.1860060075583405
1.6599752168525403,-1.080784458767041
1.6600371747211895,0.923597765351539
1.6600991325898389,1.611318429956343
1.6601610904584883,0.21434383068122975
1.6602230483271376,-0.9646926551198505
1.6602850061957868,-0.41331736678515973
1.6603469640644362,0.6476994973780485
1.6604089219330855,0.5496527620569176
1.660470879801735,-0.26060221492301183
1.660532837670384,-0.20402185706999987
1.6605947955390334,0.6055411471909538
1.6606567534076828,0.5281644709117603
1.6607187112763322,-0.3989966738526496
1.6607806691449813,-0.12705142759894011
1.6608426270136307,1.3811597523830281
1.66090458488228,1.2135660502430863
1.6609665427509295,-1.1666867518702193
1.6610285006195786,-1.7754030243645742
1.661090458488228,1.1394722502272545
1.6611524163568774,2.834421343574556
1.6612143742255265,-0.2441131477591867
1.661276332094176,-3.279714977034923
1.6613382899628253,-0.6120041267041758
1.6614002478314747,3.8448873363153644
1.6614622057001238,2.498861300248259
1.6615241635687732,-2.694483897565002
1.6615861214374226,-3.0445047072883824
1.661648079306072,2.108610204344429
1.661710037174721,4.1863294505909465
1.6617719950433705,-0.1771326324725524
1.6618339529120199,-3.834415853999909
1.6618959107806692,-1.2405263666272144
1.6619578686493184,3.0842293033744594
1.6620198265179678,2.650617536984096
1.6620817843866171,-1.2233187171546687
1.6621437422552665,-2.6831078341596037
1.6622057001239157,-0.09093980461628615
1.662267657992565,2.795262385238262
1.6623296158612144,2.344205610625359
1.6623915737298638,-0.8448253854352112
1.662453531598513,-2.7496061034775416
1.6625154894671623,-0.5943800731455282
1.6625774473358117,2.9796131641373806
1.662639405204461,2.5976755579543624
1.6627013630731102,-1.7994070569045832
1.6627633209417596,-3.666482297081483
1.662825278810409,0.36676414518050265
1.6628872366790581,4.359796737108414
1.6629491945477075,1.9539164398800752
1.6630111524163569,-3.1419013600837142
1.6630731102850063,-2.8131644695812086
1.6631350681536554,2.3451021217090364
1.6631970260223048,4.06760699877832
1.6632589838909542,-0.21172601710520667
1.6633209417596035,-3.631433945842706
1.6633828996282527,-1.1723354458773927
1.663444857496902,2.880982841105826
1.6635068153655515,2.3746367857960333
1.6635687732342008,-1.374593227457801
1.66363073110285,-2.47355133974934
1.6636926889714994,0.40316954617432876
1.6637546468401487,2.7214501367519723
1.663816604708798,1.2900169745135845
1.6638785625774473,-1.4159930788308996
1.6639405204460966,-1.4421777742634048
1.664002478314746,0.8778009167791084
1.6640644361833954,1.8732617135420155
1.6641263940520445,0.1907790409634592
1.664188351920694,-1.4653698487008358
1.6642503097893433,-0.7321249830325869
1.6643122676579927,1.000172971963979
1.6643742255266418,1.1748882319581782
1.6644361833952912,-0.03648356911249584
1.6644981412639406,-0.5913511079703964
1.6645600991325897,0.06452921398274525
1.664622057001239,0.7118116767445599
1.6646840148698885,0.6108056429256841
1.6647459727385379,0.14699498000551847
1.664807930607187,-0.2313685128837335
1.6648698884758364,-0.31927452475807316
1.6649318463444858,0.024711080926183238
1.6649938042131351,0.4419174765580104
1.6650557620817843,0.283307032391345
1.6651177199504337,-0.20941968985155923
1.665179677819083,-0.13166303090498643
1.6652416356877324,0.4088440524811593
1.6653035935563816,0.4498215260632351
1.665365551425031,0.08728583783217081
1.6654275092936803,0.22672123673848676
1.6654894671623297,0.5067369991086379
1.6655514250309789,-0.09030344386984268
1.6656133828996282,-0.7690570872515003
1.6656753407682776,-0.004324984828653289
1.665737298636927,1.1667694393990828
1.6657992565055761,0.44269403810357044
1.6658612143742255,-1.2955099022483352
1.665923172242875,-0.9186597706626518
1.6659851301115243,1.359504856041208
1.6660470879801734,1.856232573352151
1.6661090458488228,-0.33428397802913423
1.6661710037174722,-1.6579323484101052
1.6662329615861213,-0.09425119690005479
1.6662949194547707,1.6522766605367847
1.66635687732342,0.9210994922907494
1.6664188351920695,-0.8864950478099148
1.6664807930607186,-1.2297505846675736
1.666542750929368,-0.1383192995333447
1.6666047087980174,0.8973217793589934
1.6666666666666667,1.0891681094165926
1.666728624535316,0.21465690046881314
1.6667905824039653,-1.1661261414329873
1.6668525402726146,-1.0806078590179604
1.666914498141264,1.2513156731045125
1.6669764560099132,2.666944690521155
1.6670384138785626,0.10080277132744897
1.667100371747212,-3.2708392036067773
1.6671623296158613,-1.7020969644700512
1.6672242874845105,3.17920909772055
1.6672862453531598,3.439249504813335
1.6673482032218092,-2.2107701663474906
1.6674101610904586,-4.868955027005124
1.6674721189591077,0.5129299123926157
1.6675340768277571,5.80023806163663
1.6675960346964065,2.155537715574243
1.6676579925650559,-4.966302272863816
1.667719950433705,-3.9736316125595685
1.6677819083023544,3.758136530264106
1.6678438661710038,5.662455452426196
1.667905824039653,-1.457514761295847
1.6679677819083023,-6.089102387479416
1.6680297397769517,-0.9713402744383497
1.668091697645601,5.269348426816496
1.6681536555142502,2.835629310331778
1.6682156133828996,-3.509225512204006
1.668277571251549,-3.462429591649221
1.6683395291201983,1.9056524527314274
1.6684014869888475,3.612002383555556
1.6684634448574969,0.12262001640991338
1.6685254027261462,-2.117383712949545
1.6685873605947956,-0.705786411298875
1.6686493184634448,0.668529260508985
1.6687112763320942,0.5467569788010027
1.6687732342007435,0.7049248667110903
1.668835192069393,0.45165984188085884
1.668897149938042,-1.4989307151634517
1.6689591078066914,-1.8949159477792712
1.6690210656753408,1.666912470437044
1.6690830235439902,3.8237404575662755
1.6691449814126393,-0.3347187452090561
1.6692069392812887,-4.587909681315895
1.669268897149938,-0.8487404621028716
1.6693308550185875,5.375675381136396
1.6693928128872366,2.931277775226317
1.669454770755886,-4.918380833000773
1.6695167286245354,-4.763707676943006
1.6695786864931845,3.6399019367843204
1.669640644361834,6.141064729073704
1.6697026022304833,-1.5803550271756879
1.6697645600991327,-6.47047124893412
1.6698265179677818,-0.40583106874464747
1.6698884758364312,6.419310471902621
1.6699504337050806,3.1058777349176387
1.67001239157373,-4.4589623798859215
1.670074349442379,-4.391776266253251
1.6701363073110285,2.3916002105289187
1.6701982651796778,5.197994229193432
1.6702602230483272,0.33137620080671004
1.6703221809169764,-4.697467341692894
1.6703841387856257,-2.7849125475732794
1.6704460966542751,3.2522090852375456
1.6705080545229245,4.808513545882578
1.6705700123915737,-0.650624671951173
1.670631970260223,-5.218819478840906
1.6706939281288724,-1.3845219543730725
1.6707558859975218,5.543042150566982
1.670817843866171,4.165533031173828
1.6708798017348203,-4.202199222260319
1.6709417596034697,-5.850863964419094
1.671003717472119,2.660295471290656
1.6710656753407682,7.141328182369655
1.6711276332094176,-0.6034229139739066
1.671189591078067,-7.579766945616306
1.6712515489467161,-1.3623706151955959
1.6713135068153655,7.697183301502473
1.6713754646840149,3.892109283754928
1.6714374225526643,-6.25053781581299
1.6714993804213134,-5.158365221809007
1.6715613382899628,5.102962627646059
1.6716232961586122,6.7126923778326475
1.6716852540272615,-2.7821646188723497
1.6717472118959107,-6.94482446869876
1.67180916976456,0.6647768128921223
1.6718711276332094,6.483787742433817
1.6719330855018588,1.3043502843527248
1.671995043370508,-5.082081653614244
1.6720570012391573,-2.266224568360742
1.6721189591078067,3.8725591324307116
1.672180916976456,3.21732450162237
1.6722428748451053,-1.7824588523192988
1.6723048327137546,-2.5151052454431726
1.672366790582404,0.9672664453090516
1.6724287484510534,2.153678273559325
1.6724907063197025,-0.10810788673362753
1.672552664188352,-1.3394505113934332
1.6726146220570013,-0.1023263841748416
1.6726765799256507,0.7638964520461022
1.6727385377942998,0.16456760016974625
1.6728004956629492,-0.11853782250961067
1.6728624535315986,0.37104560535330067
1.6729244114002477,0.30898746411929034
1.672986369268897,-0.1430083047118791
1.6730483271375465,0.2784928419873349
1.6731102850061959,0.8425861397140328
1.673172242874845,-0.008953462417887303
1.6732342007434944,-1.0713580609433921
1.6732961586121438,-0.10698892981825514
1.6733581164807931,1.4736749732151688
1.6734200743494423,0.49083381701305884
1.6734820322180917,-1.7678072559508256
1.673543990086741,-0.982528998161038
1.6736059479553904,2.1343403658816773
1.6736679058240396,2.0855945693074656
1.673729863692689,-1.5499131466179292
1.6737918215613383,-2.396364149020028
1.6738537794299877,1.4603372186990704
1.6739157372986369,3.1902371354675014
1.6739776951672862,-0.7647907763802699
1.6740396530359356,-3.5397475739518813
1.674101610904585,0.0919011558431686
1.6741635687732341,3.6520772396512076
1.6742255266418835,0.4010061030169014
1.6742874845105329,-3.821053754332601
1.6743494423791823,-0.8751324024054796
1.6744114002478314,4.228051968850341
1.6744733581164808,1.9279006751561232
1.6745353159851302,-3.9874272016670558
1.6745972738537793,-2.6342871629317433
1.6746592317224287,3.9292284871233396
1.674721189591078,3.7957463910349487
1.6747831474597275,-3.274876756822564
1.6748451053283766,-4.961841888069113
1.674907063197026,1.7802767226155787
1.6749690210656754,5.297865043704157
1.6750309789343247,-0.26428570720237854
1.6750929368029739,-5.149750644425489
1.6751548946716233,-1.3253637694101532
1.6752168525402726,4.341696195409818
1.675278810408922,2.7644283450355704
1.6753407682775712,-2.627507205451966
1.6754027261462205,-3.199902817549556
1.67546468401487,0.8259821122979205
1.6755266418835193,2.690386159651124
1.6755885997521685,0.40037347775695364
1.6756505576208178,-2.004941200866281
1.6757125154894672,-1.6648539717025765
1.6757744733581166,0.2975442107983842
1.6758364312267657,1.5925973837620075
1.675898389095415,0.9656884445125302
1.6759603469640645,-1.02040207064967
1.6760223048327139,-1.8993816050989305
1.676084262701363,-0.04176380754173481
1.6761462205700124,2.190177643271396
1.6762081784386618,1.1538770177641826
1.676270136307311,-2.0970092870137824
1.6763320941759603,-2.6636173368667713
1.6763940520446097,0.5842066000978914
1.676456009913259,2.7644668466121267
1.6765179677819082,0.38045687288189356
1.6765799256505576,-3.0650441813016087
1.676641883519207,-2.2089933224526925
1.6767038413878563,1.9681001016742603
1.6767657992565055,3.30176146725017
1.6768277571251549,-0.4802182566683785
1.6768897149938042,-3.995687058366248
1.6769516728624536,-1.8067893019705186
1.6770136307311028,3.135707360486582
1.6770755885997521,3.2090683049674045
1.6771375464684015,-2.287307650953286
1.677199504337051,-5.1849654291414105
1.6772614622057,-0.6105003891234508
1.6773234200743494,4.81787623359143
1.6773853779429988,2.619482604627686
1.6774473358116482,-4.106762794609417
1.6775092936802973,-4.966262889536625
1.6775712515489467,1.603030832983042
1.677633209417596,5.631450748261061
1.6776951672862455,0.8731852303818634
1.6777571251548946,-5.630343249286801
1.677819083023544,-4.2404336969878695
1.6778810408921934,2.9078454058843315
1.6779429987608425,5.236153537096897
1.678004956629492,-0.7183552123367648
1.6780669144981413,-6.286131441819879
1.6781288723667906,-3.167150952657439
1.6781908302354398,4.395090611601997
1.6782527881040892,5.323989538026494
1.6783147459727386,-2.106770822133724
1.678376703841388,-7.002651349629724
1.678438661710037,-1.699897659479406
1.6785006195786865,6.014792796449401
1.6785625774473358,4.077263304815508
1.6786245353159852,-4.930274657489681
1.6786864931846344,-7.077198813070989
1.6787484510532837,1.115190822779169
1.6788104089219331,6.829195931297104
1.6788723667905825,1.2060823069463826
1.6789343246592316,-6.6156246031345285
1.678996282527881,-4.347645928253458
1.6790582403965304,4.033365220093807
1.6791201982651798,5.34539890887514
1.679182156133829,-1.8715166403023018
1.6792441140024783,-6.152833903400025
1.6793060718711277,-1.5760815557114984
1.679368029739777,4.193293651610768
1.6794299876084262,2.7247726351386947
1.6794919454770756,-3.157881971158628
1.679553903345725,-4.819447038432516
1.6796158612143741,-0.23428736998399224
1.6796778190830235,4.018285527701112
1.6797397769516729,2.0593958756803445
1.6798017348203222,-3.4058973917472093
1.6798636926889714,-4.5197596567762535
1.6799256505576208,0.7678090208855552
1.6799876084262702,4.838796043559695
1.6800495662949195,1.0160585381338885
1.6801115241635687,-5.465715270842541
1.680173482032218,-4.396586755294729
1.6802354399008674,3.058068206502864
1.6802973977695168,5.1276853201656
1.680359355638166,-1.7596717820884513
1.6804213135068153,-6.53762252621882
1.6804832713754647,-1.3723275059741802
1.680545229244114,5.327481507560889
1.6806071871127632,2.866735377530146
1.6806691449814126,-4.25268029076762
1.680731102850062,-4.534567298919701
1.6807930607187114,1.5223787529609734
1.6808550185873605,3.65452751702292
1.68091697645601,-0.6095246165685602
1.6809789343246593,-3.562092185706918
1.6810408921933087,-1.4079962594387592
1.6811028500619578,1.1003756845880674
1.6811648079306072,0.6629496245359195
1.6812267657992566,-0.281958131029477
1.6812887236679057,-0.33767178015850075
1.681350681536555,-1.0916617470857977
1.6814126394052045,-1.559299875974144
1.6814745972738538,0.6323190581669953
1.681536555142503,2.516552608059208
1.6815985130111524,-0.46855112270109767
1.6816604708798017,-4.492891743638038
1.6817224287484511,-1.9356945410873618
1.6817843866171003,4.137445464137499
1.6818463444857497,3.0373641629608787
1.681908302354399,-4.542776546991787
1.6819702602230484,-5.5760668202566865
1.6820322180916976,2.901521824636284
1.682094175960347,6.799240175420581
1.6821561338289963,-1.3319375173299868
1.6822180916976457,-8.083176964851042
1.6822800495662948,-1.4715933985618979
1.6823420074349442,7.589147265258739
1.6824039653035936,3.334238198795897
1.682465923172243,-7.325194422431315
1.6825278810408921,-6.214554896853916
1.6825898389095415,4.780444385871231
1.6826517967781909,6.996392497617468
1.6827137546468403,-2.8708978131969136
1.6827757125154894,-7.711312029596413
1.6828376703841388,0.16786824859320615
1.6828996282527882,6.834921160978304
1.6829615861214373,1.6834493920362066
1.6830235439900867,-5.524440009251869
1.683085501858736,-3.2056312423755466
1.6831474597273854,3.134292068244701
1.6832094175960346,2.90385932038855
1.683271375464684,-1.7638881158857185
1.6833333333333333,-2.703609255173869
1.6833952912019827,-0.14118517991053492
1.6834572490706319,0.9282475730055226
1.6835192069392813,0.5974076542073282
1.6835811648079306,0.759796760851581
1.68364312267658,-0.32205693497790655
1.6837050805452292,-2.4219427815278127
1.6837670384138785,-0.8961836080545018
1.683828996282528,3.487010479562645
1.6838909541511773,2.642739890986249
1.6839529120198264,-4.00869060394691
1.6840148698884758,-5.269536499074299
1.6840768277571252,2.711452301304603
1.6841387856257746,7.028295708167656
1.6842007434944237,-0.7602944332814355
1.684262701363073,-8.242675055526044
1.6843246592317225,-2.119291219322433
1.6843866171003719,8.184248697164975
1.684448574969021,5.455161970880614
1.6845105328376704,-6.139181607392029
1.6845724907063198,-7.72781787477741
1.684634448574969,3.0183602498556366
1.6846964064436183,8.628794861427803
1.6847583643122677,0.6089566961979791
1.684820322180917,-7.928988339205725
1.6848822800495662,-4.127624773716995
1.6849442379182156,5.413221648752087
1.685006195786865,6.423114412597075
1.6850681536555143,-1.6873350196143433
1.6851301115241635,-6.554020124487826
1.6851920693928129,-1.4612026595567091
1.6852540272614622,5.777071070695547
1.6853159851301116,4.605167170902684
1.6853779429987608,-3.1455740620410806
1.6854399008674101,-5.938483903153216
1.6855018587360595,0.38929172926820677
1.6855638166047089,6.056032719033051
1.685625774473358,2.2455818831134193
1.6856877323420074,-4.861888409683063
1.6857496902106568,-3.8455894544805638
1.6858116480793062,3.4691179367158735
1.6858736059479553,5.22042286164315
1.6859355638166047,-0.9087015357979893
1.685997521685254,-4.5519087527898
1.6860594795539035,-0.33866383339218453
1.6861214374225526,4.122431084567455
1.686183395291202,1.9514021322215607
1.6862453531598514,-2.456265074186928
1.6863073110285005,-2.2875638636217572
1.6863692688971499,1.0524752419736416
1.6864312267657993,2.2527524330833106
1.6864931846344486,0.6599807167791145
1.6865551425030978,-0.8138244535031527
1.6866171003717472,-0.8294735782425411
1.6866790582403965,0.18621245318554724
1.686741016109046,1.513483198760741
1.686802973977695,1.687742319325511
1.6868649318463445,-0.14883964008944384
1.6869268897149938,-1.7983555158461506
1.6869888475836432,-0.5805352217252202
1.6870508054522924,1.90272266442885
1.6871127633209417,1.8148542019345366
1.687174721189591,-0.6603430191700732
1.6872366790582405,-1.696789141400366
1.6872986369268896,-0.010583518688893179
1.687360594795539,1.7780577343510493
1.6874225526641884,1.6544888403694342
1.6874845105328378,0.26598876550883244
1.687546468401487,-0.9966075708551441
1.6876084262701363,-0.9941041528768915
1.6876703841387857,0.7833597214749117
1.687732342007435,2.4893711993736
1.6877942998760842,1.115733294524404
1.6878562577447336,-2.2757633399154313
1.687918215613383,-2.4429838487712328
1.687980173482032,1.8116873252598618
1.6880421313506815,4.2278003584105734
1.6881040892193309,0.5143274219872165
1.6881660470879802,-3.8497221591639375
1.6882280049566294,-1.6907827063708845
1.6882899628252788,3.9806814775245565
1.6883519206939281,4.186745577891546
1.6884138785625775,-1.7234907277833966
1.6884758364312267,-4.692521448952563
1.688537794299876,-0.04256454449133962
1.6885997521685254,5.083839574978338
1.6886617100371748,2.6688878007500025
1.688723667905824,-3.6860844519147737
1.6887856257744733,-4.0759227597170655
1.6888475836431227,2.391875369716321
1.688909541511772,5.836684536513437
1.6889714993804212,0.7757325563232111
1.6890334572490706,-4.999669298919718
1.68909541511772,-2.3959490889584107
1.6891573729863694,4.465479071155749
1.6892193308550185,4.6629305467626825
1.689281288723668,-2.0344945847190488
1.6893432465923173,-4.993285014393018
1.6894052044609666,0.019186266276949138
1.6894671623296158,4.675329660708201
1.6895291201982652,2.2282090167796573
1.6895910780669146,-2.498231387361508
1.6896530359355637,-2.419589914639113
1.689714993804213,1.0632016305015335
1.6897769516728625,2.596142158152764
1.6898389095415118,1.3873462560167173
1.689900867410161,-0.31970243811392024
1.6899628252788104,-1.6177780965843733
1.6900247831474597,-1.5038009698686086
1.6900867410161091,1.2102973702848125
1.6901486988847583,3.5475939008251918
1.6902106567534076,0.8286631401869184
1.690272614622057,-4.087005503245228
1.6903345724907064,-2.854200365319481
1.6903965303593556,3.9997925818813687
1.690458488228005,5.557861608816453
1.6905204460966543,-1.6336923749297936
1.6905824039653037,-6.182469920042419
1.6906443618339528,-0.24302513983329233
1.6907063197026022,6.5782495381504305
1.6907682775712516,2.864647387444104
1.690830235439901,-5.278510232507243
1.6908921933085501,-4.478256405020194
1.6909541511771995,3.522424988593753
1.6910161090458489,5.38192537209525
1.6910780669144982,-1.3109140235250822
1.6911400247831474,-4.952275784311555
1.6912019826517968,0.0052733993744354946
1.6912639405204462,4.685528902900009
1.6913258983890953,1.678588197675308
1.6913878562577447,-3.2145781677354646
1.691449814126394,-1.9942848343679478
1.6915117719950434,2.3603817660988926
1.6915737298636926,2.244217971373869
1.691635687732342,-1.5148943477783166
1.6916976456009913,-2.1734196893231443
1.6917596034696407,0.9100934514531105
1.6918215613382899,1.9827290369561912
1.6918835192069392,-0.4557031748087139
1.6919454770755886,-1.4980980935633526
1.692007434944238,0.7456924235995483
1.6920693928128872,1.8029467933456886
1.6921313506815365,-0.5002695923489706
1.692193308550186,-1.7438046516876735
1.6922552664188353,0.6820459028307768
1.6923172242874844,2.161464258979938
1.6923791821561338,-0.6693574414593964
1.6924411400247832,-2.9093494782699003
1.6925030978934326,0.06925954590915584
1.6925650557620817,3.3870189431409243
1.692627013630731,0.7608378915350681
1.6926889714993805,-3.5763965528793307
1.6927509293680298,-1.6292165343730478
1.692812887236679,3.720540063218927
1.6928748451053284,3.014459129067208
1.6929368029739778,-2.939010095020706
1.692998760842627,-3.8979732411335846
1.6930607187112763,1.8461849749016817
1.6931226765799257,4.242000576776475
1.693184634448575,-0.8683781102297994
1.6932465923172242,-4.511519709095547
1.6933085501858736,-0.4969354214236954
1.693370508054523,3.987224674055489
1.6934324659231723,1.4211943584713989
1.6934944237918215,-3.182101397732765
1.6935563816604708,-1.8261445939044048
1.6936183395291202,2.5923563864965553
1.6936802973977696,2.2477329274264553
1.6937422552664188,-1.8413074976256403
1.6938042131350681,-2.464784284009062
1.6938661710037175,0.9703392051293296
1.6939281288723669,2.2159636603632578
1.693990086741016,-0.6180770942662559
1.6940520446096654,-2.446979268918579
1.6941140024783148,-0.2977969138027137
1.6941759603469642,2.1671008854157088
1.6942379182156133,1.1335813012542142
1.6942998760842627,-1.5362347517932995
1.694361833952912,-1.7039836198290645
1.6944237918215614,0.7894361906746488
1.6944857496902106,2.169725632170976
1.69454770755886,0.2724564004809129
1.6946096654275093,-2.297950040984004
1.6946716232961585,-1.7427676579237326
1.6947335811648079,1.311300784046573
1.6947955390334573,2.3401332648448383
1.6948574969021066,-0.37658857689594216
1.6949194547707558,-2.759028321493576
1.6949814126394052,-0.9711358619513042
1.6950433705080545,2.443136784942544
1.695105328376704,2.2982433590509235
1.695167286245353,-1.2098765005893073
1.6952292441140024,-2.8367290486468772
1.6952912019826518,-0.2929785935106355
1.6953531598513012,2.538885753905322
1.6954151177199503,1.5250249160763445
1.6954770755885997,-1.8889022208837276
1.695539033457249,-2.87343175713875
1.6956009913258985,0.13827330451971476
1.6956629491945476,3.126660064008503
1.695724907063197,1.6733523943888766
1.6957868649318464,-2.516625090919177
1.6958488228004958,-3.137327556700491
1.695910780669145,1.4356932364731616
1.6959727385377943,4.434451580328697
1.6960346964064437,0.5008206569048245
1.696096654275093,-4.809145033361601
1.6961586121437422,-2.7494155043384008
1.6962205700123916,3.9651943536834535
1.696282527881041,4.400236317384908
1.69634448574969,-2.6249271733684996
1.6964064436183395,-5.68610010412446
1.6964684014869889,0.57537142535412
1.6965303593556382,6.0957618700158225
1.6965923172242874,1.891798359666033
1.6966542750929368,-5.001150965239098
1.6967162329615861,-3.410191343497014
1.6967781908302355,3.5635116259187694
1.6968401486988847,4.407620815537167
1.696902106567534,-1.6435628156064792
1.6969640644361834,-4.438313142959784
1.6970260223048328,-0.2172650153238298
1.697087980173482,3.434829545893278
1.6971499380421313,1.2511318734954557
1.6972118959107807,-2.053943271973243
1.69727385377943,-1.233482720924893
1.6973358116480792,1.2640611793329064
1.6973977695167286,1.175736061503827
1.697459727385378,-0.29552545059148266
1.6975216852540274,-0.1656910914126215
1.6975836431226765,0.5348999932473746
1.6976456009913259,-0.27191236091629456
1.6977075588599753,-0.9970810355559852
1.6977695167286246,0.3503350682352767
1.6978314745972738,1.5575944281315695
1.6978934324659232,0.022773939338979005
1.6979553903345725,-1.7810590223885838
1.6980173482032217,-0.2847301588565425
1.698079306071871,2.2736961583704525
1.6981412639405205,1.3184310445723884
1.6982032218091698,-1.629909266447453
1.698265179677819,-1.2881490796447213
1.6983271375464684,1.7234323967855143
1.6983890954151177,1.7536126102794884
1.698451053283767,-1.392162459322754
1.6985130111524163,-1.8411775411707119
1.6985749690210656,1.3317693820644552
1.698636926889715,2.1218268429154623
1.6986988847583644,-1.0177683883238373
1.6987608426270135,-1.9589316864981927
1.698822800495663,1.3783962592656671
1.6988847583643123,2.6745066827635697
1.6989467162329617,-0.706073864854668
1.6990086741016108,-2.2680616804079117
1.6990706319702602,1.129275178097222
1.6991325898389096,2.757397948825972
1.699194547707559,-0.9797480305247726
1.699256505576208,-2.903054903510434
1.6993184634448575,1.2252035012983764
1.6993804213135069,3.633704679088734
1.6994423791821562,-0.9143642297305692
1.6995043370508054,-4.0696124624736605
1.6995662949194548,0.9209687257280946
1.6996282527881041,5.463606919236689
1.6996902106567533,0.7346879034134441
1.6997521685254027,-5.301995896952084
1.699814126394052,-1.6566076804041274
1.6998760842627014,5.4503704636032655
1.6999380421313506,3.4338682828637994
1.7,-4.150198036229698
1.7000619578686493,-4.258469305391148
1.7001239157372987,2.646612102453162
1.7001858736059479,4.61076569376229
1.7002478314745972,-0.5338554334352257
1.7003097893432466,-3.2898535999139047
1.700371747211896,-0.16115933452905518
1.7004337050805451,2.4024307029214906
1.7004956629491945,1.1632588370974712
1.700557620817844,-0.2050873183978636
1.7006195786864933,-0.15738652963817934
1.7006815365551424,-0.6769868382189876
1.7007434944237918,-0.8181011982762647
1.7008054522924412,1.2690662540079725
1.7008674101610906,2.32866542840422
1.7009293680297397,-0.6900709287735247
1.700991325898389,-3.110184258211868
1.7010532837670385,0.10307293348383073
1.7011152416356878,4.097015995614748
1.701177199504337,1.720634444290336
1.7012391573729864,-3.3179895197218876
1.7013011152416357,-2.3596242246301
1.701363073110285,2.9572463833910745
1.7014250309789343,3.498950920944801
1.7014869888475836,-1.542640020895702
1.701548946716233,-3.703197504812647
1.7016109045848822,0.17507807723292823
1.7016728624535316,3.470809671205626
1.701734820322181,1.376438635034006
1.7017967781908303,-2.199558275223529
1.7018587360594795,-1.979383058747901
1.7019206939281288,1.1354130227242736
1.7019826517967782,2.749014196957222
1.7020446096654276,1.0679603232028732
1.7021065675340767,-1.7547585302618536
1.7021685254027261,-2.321007221390235
1.7022304832713755,0.36793432768646894
1.7022924411400249,3.0400192337347445
1.702354399008674,1.5749229898764239
1.7024163568773234,-2.6715868168003025
1.7024783147459728,-3.434513907138346
1.7025402726146222,1.2414089407044409
1.7026022304832713,4.755450705668974
1.7026641883519207,1.3421842137680808
1.70272614622057,-4.293016975603872
1.7027881040892194,-3.362437544049356
1.7028500619578686,3.134803213142231
1.702912019826518,5.168551617388728
1.7029739776951673,-0.8281305893245986
1.7030359355638165,-5.818399821582807
1.7030978934324659,-1.9638117932402812
1.7031598513011152,4.831294005044901
1.7032218091697646,3.948100174624161
1.7032837670384138,-3.1342114035835005
1.7033457249070632,-5.15716294889838
1.7034076827757125,0.9511327182641197
1.703469640644362,5.382373903736189
1.703531598513011,1.3796916903663186
1.7035935563816604,-4.334329624781809
1.7036555142503098,-2.983786026489666
1.7037174721189592,2.5361638566787095
1.7037794299876083,3.388810349520684
1.7038413878562577,-1.0702171251576498
1.703903345724907,-3.5744303301474476
1.7039653035935565,-0.9197714135735388
1.7040272614622056,2.2831390528760567
1.704089219330855,1.7000716328220888
1.7041511771995044,-1.045405433667184
1.7042131350681538,-2.005116462122816
1.704275092936803,-0.32971276766046653
1.7043370508054523,1.4738915817109768
1.7043990086741017,1.060240540156582
1.704460966542751,-0.943803466989277
1.7045229244114002,-1.8065010014983522
1.7045848822800496,-0.4765223706987209
1.704646840148699,0.8733869835049244
1.704708798017348,0.3411755379021176
1.7047707558859975,-0.7669659819839634
1.7048327137546468,-0.668453514311199
1.7048946716232962,-0.1774706257124078
1.7049566294919454,-0.2995622978304927
1.7050185873605948,0.07068119050176119
1.7050805452292441,0.9877238159612407
1.7051425030978935,0.08116451411568437
1.7052044609665427,-2.268758603071006
1.705266418835192,-1.756194612790683
1.7053283767038414,1.824934387700006
1.7053903345724908,2.25309165609747
1.70545229244114,-2.2532370589383848
1.7055142503097893,-4.140071401277359
1.7055762081784387,0.639768846813096
1.705638166047088,4.197557163503129
1.7057001239157372,0.0690508210858265
1.7057620817843866,-4.648395452847433
1.705824039653036,-1.598400132013098
1.7058859975216853,3.665771937558918
1.7059479553903345,1.7440908858103468
1.7060099132589839,-3.641189231303249
1.7060718711276333,-2.93534101995738
1.7061338289962826,1.8768517767819548
1.7061957868649318,1.908414126628266
1.7062577447335812,-2.103526730635424
1.7063197026022305,-2.433514867429637
1.7063816604708797,0.8115658696821209
1.706443618339529,1.2549830226485812
1.7065055762081784,-1.058778086586542
1.7065675340768278,-1.1535318588715606
1.706629491945477,0.36520037082201395
1.7066914498141263,-0.2841971802886585
1.7067534076827757,-1.3954441403580073
1.706815365551425,0.04559389814567627
1.7068773234200743,0.8789739992089504
1.7069392812887236,-1.6646003909176499
1.707001239157373,-2.737380146851237
1.7070631970260224,0.8981143842303875
1.7071251548946715,2.7887624023429565
1.707187112763321,-1.5009430616699024
1.7072490706319703,-4.362363480736344
1.7073110285006197,0.32702464183472324
1.7073729863692688,4.392628163636118
1.7074349442379182,-0.2752123282738712
1.7074969021065676,-5.652503580389185
1.707558859975217,-1.608180587232248
1.707620817843866,4.715989143942046
1.7076827757125155,1.4323340407637812
1.7077447335811649,-5.729716608062046
1.7078066914498142,-3.440665296267428
1.7078686493184634,4.452914232676123
1.7079306071871128,3.5716343050679136
1.7079925650557621,-4.580142887018653
1.7080545229244113,-5.15635457802081
1.7081164807930607,2.9845193711636337
1.70817843866171,5.2043417186225955
1.7082403965303594,-2.4854670925995874
1.7083023543990086,-6.521574876521715
1.708364312267658,-0.12320608002974542
1.7084262701363073,5.263925617165257
1.7084882280049567,0.6453623945925139
1.7085501858736059,-5.498209030822615
1.7086121437422552,-2.9330408766029414
1.7086741016109046,3.3109133264369284
1.708736059479554,3.0018993239108243
1.7087980173482031,-2.2706843292118126
1.7088599752168525,-3.6334803787607046
1.7089219330855019,0.05488938927822906
1.7089838909541513,2.2803304767732184
1.7090458488228004,0.3361348858503419
1.7091078066914498,-2.054211076717695
1.7091697645600992,-1.9117976988816734
1.7092317224287485,-0.2744304468548717
1.7092936802973977,0.8731116304491099
1.709355638166047,0.5990674445458706
1.7094175960346965,-0.980509116231481
1.7094795539033458,-2.051131522970745
1.709541511771995,-0.5535387830260508
1.7096034696406444,1.9175324628574433
1.7096654275092937,1.2494231909842453
1.709727385377943,-2.2336228345590907
1.7097893432465923,-2.9605502473514687
1.7098513011152416,0.7835859246152634
1.709913258983891,2.928500703819732
1.7099752168525402,-0.5461725454450166
1.7100371747211895,-4.068474647576384
1.710099132589839,-1.4432873337211465
1.7101610904584883,3.219880062447943
1.7102230483271375,2.1213558156128953
1.7102850061957868,-2.8322371089197174
1.7103469640644362,-3.2208574398411476
1.7104089219330856,1.4570319705991155
1.7104708798017347,3.188040211823065
1.710532837670384,-0.6740581876989525
1.7105947955390335,-3.4087549531376764
1.7106567534076829,-0.8878983191185692
1.710718711276332,2.051239235212774
1.7107806691449814,0.7966635614458121
1.7108426270136308,-1.704144321826114
1.7109045848822801,-1.2661353018784696
1.7109665427509293,0.6007873648503507
1.7110285006195787,0.7165207131795838
1.711090458488228,-0.19489469519789138
1.7111524163568774,-0.201225827540882
1.7112143742255266,0.011759337462899477
1.711276332094176,-0.44579599107992934
1.7113382899628253,-0.4092790349067572
1.7114002478314747,0.42064804633119657
1.7114622057001239,0.2666346151405399
1.7115241635687732,-0.9258471946161674
1.7115861214374226,-0.7876672190022984
1.7116480793060718,0.7227377584799053
1.7117100371747211,0.7461265129452512
1.7117719950433705,-0.8162887077545369
1.71183395291202,-0.6583497312055568
1.711895910780669,1.3088465145592447
1.7119578686493184,1.0885343495254753
1.7120198265179678,-1.5624955020589026
1.7120817843866172,-1.64590107679157
1.7121437422552663,1.7363656577358704
1.7122057001239157,2.4839634106271156
1.712267657992565,-1.6682129386424673
1.7123296158612145,-3.746767204758861
1.7123915737298636,0.7378596009096392
1.712453531598513,4.772477911745208
1.7125154894671624,1.066985586464246
1.7125774473358117,-4.7003836029470945
1.712639405204461,-2.5985249222360536
1.7127013630731103,4.467329109921233
1.7127633209417596,4.84140872682252
1.712825278810409,-2.500604430668467
1.7128872366790582,-5.823480556119796
1.7129491945477076,0.25580819048795855
1.713011152416357,6.002678350148292
1.7130731102850063,2.370186184814953
1.7131350681536555,-4.714857280637224
1.7131970260223048,-4.171454466021169
1.7132589838909542,2.963957304396877
1.7133209417596034,5.800770535911168
1.7133828996282527,0.40636669035363737
1.7134448574969021,-4.937755275056726
1.7135068153655515,-2.4919151983402354
1.7135687732342006,3.9661669258427086
1.71363073110285,4.9873065126680585
1.7136926889714994,-1.0798848381735782
1.7137546468401488,-5.616468779327207
1.713816604708798,-1.7154346152505138
1.7138785625774473,5.430739807028249
1.7139405204460967,5.09458599492806
1.714002478314746,-2.9507385838389233
1.7140644361833952,-6.5894754222354734
1.7141263940520446,0.6942362916129777
1.714188351920694,8.251939428635652
1.7142503097893433,3.6610479097604913
1.7143122676579925,-6.718259295815227
1.7143742255266419,-6.320995570610682
1.7144361833952912,4.858232734672839
1.7144981412639406,8.985553970588075
1.7145600991325898,-0.9730073169339503
1.7146220570012392,-9.118317975735367
1.7146840148698885,-2.2517626825218273
1.714745972738538,8.506185478522864
1.714807930607187,6.085070355554737
1.7148698884758364,-4.911232877476462
1.7149318463444858,-6.774180689527534
1.714993804213135,2.4162914973950085
1.7150557620817843,7.451693321735803
1.7151177199504337,1.470501285585657
1.715179677819083,-5.044193884667275
1.7152416356877322,-2.932356488122329
1.7153035935563816,2.864201428612791
1.715365551425031,3.8881870554817843
1.7154275092936804,0.3867110448833633
1.7154894671623295,-2.2318107769714173
1.715551425030979,-1.5377103217652646
1.7156133828996283,1.1985001363281913
1.7156753407682777,3.247296267655264
1.7157372986369268,1.9190819107526123
1.7157992565055762,-1.8920871170902274
1.7158612143742256,-2.835277718667535
1.715923172242875,1.3035016654813139
1.715985130111524,4.368589257734122
1.7160470879801735,0.8714207914939188
1.7161090458488228,-3.933284750966056
1.7161710037174722,-1.9108646967863878
1.7162329615861214,3.87110443660032
1.7162949194547708,3.820479701345707
1.7163568773234201,-1.8357911171037982
1.7164188351920695,-3.4906745767799627
1.7164807930607187,1.3700453792740899
1.716542750929368,4.367199790597214
1.7166047087980174,0.829445817873805
1.7166666666666666,-3.0398931651188192
1.716728624535316,-1.3550798901875492
1.7167905824039653,2.42300750086957
1.7168525402726147,2.4211624715032807
1.7169144981412638,-0.6011363012779323
1.7169764560099132,-1.9197282035939227
1.7170384138785626,-0.1144990114833302
1.717100371747212,2.1067023022947087
1.7171623296158611,2.001132070114345
1.7172242874845105,-0.25655045814914024
1.7172862453531599,-1.7315947851673876
1.7173482032218093,-0.1388984581454984
1.7174101610904584,2.413885404882921
1.7174721189591078,1.7233367847209788
1.7175340768277572,-1.6019381711489031
1.7175960346964065,-2.179272586238244
1.7176579925650557,1.2516642645375224
1.717719950433705,3.019753317790732
1.7177819083023544,0.0422529132474706
1.7178438661710038,-2.533988765994894
1.717905824039653,-0.18699788951955076
1.7179677819083023,3.0360806428882707
1.7180297397769517,1.674644732759325
1.718091697645601,-1.7968364144111773
1.7181536555142503,-1.705813014799597
1.7182156133828996,1.2839964371646133
1.718277571251549,2.214074324201764
1.7183395291201982,0.11455474192039539
1.7184014869888475,-1.6708296703552732
1.718463444857497,-1.0912646028679986
1.7185254027261463,0.9341666905409332
1.7185873605947954,2.3267941345705996
1.7186493184634448,1.1830551347351597
1.7187112763320942,-1.843138478587358
1.7187732342007436,-2.430209972466044
1.7188351920693927,1.515104826292406
1.718897149938042,4.371507061466221
1.7189591078066915,0.46369553070782743
1.7190210656753409,-4.918929560758758
1.71908302354399,-2.4767681140089373
1.7191449814126394,4.619471642185289
1.7192069392812888,4.424523991503586
1.7192688971499381,-3.2544490730523377
1.7193308550185873,-5.442855489375962
1.7193928128872367,1.7852329477765072
1.719454770755886,6.1411020855851906
1.7195167286245354,0.4209179634826038
1.7195786864931846,-5.223559023234612
1.719640644361834,-1.4928571909918689
1.7197026022304833,4.336133363183992
1.7197645600991327,2.2959354298212205
1.7198265179677819,-3.1678959666429733
1.7198884758364312,-2.596129638955678
1.7199504337050806,1.9087020847837388
1.7200123915737298,2.256298059052858
1.7200743494423791,-0.999436275646366
1.7201363073110285,-1.579216188418443
1.7201982651796779,0.613279558208466
1.720260223048327,1.1132838136678764
1.7203221809169764,-0.07874282182547909
1.7203841387856258,-0.11014736356909793
1.7204460966542752,0.24049664724634745
1.7205080545229243,-0.7269554486104137
1.7205700123915737,-0.9104111469375668
1.720631970260223,1.0098817371658677
1.7206939281288725,1.4557964183891168
1.7207558859975216,-1.3377635947487378
1.720817843866171,-2.5264193879695256
1.7208798017348204,0.8662253237614412
1.7209417596034697,3.3229680054482205
1.7210037174721189,0.1334230683216331
1.7210656753407683,-3.4595011644380484
1.7211276332094176,-1.0653707607770007
1.721189591078067,3.2036843466731924
1.7212515489467162,1.7884141622970227
1.7213135068153655,-2.826238714376049
1.721375464684015,-2.5994817802366983
1.7214374225526643,1.731955982545816
1.7214993804213135,2.3468371368990417
1.7215613382899628,-1.452435307571407
1.7216232961586122,-2.4276191276536467
1.7216852540272614,1.1106336187194272
1.7217472118959107,2.4605423221535907
1.72180916976456,-0.8786969592168185
1.7218711276332095,-2.6305753219524295
1.7219330855018586,0.5547378897141717
1.721995043370508,2.8073647967150457
1.7220570012391574,-0.2580092239905615
1.7221189591078068,-3.39653658038554
1.722180916976456,-1.0184490751916
1.7222428748451053,2.8151367881473743
1.7223048327137547,1.5628717775858263
1.722366790582404,-2.413666137142011
1.7224287484510532,-2.2842641025941957
1.7224907063197026,1.429662541236657
1.722552664188352,2.3921122370847314
1.7226146220570013,-0.44728919096470765
1.7226765799256505,-1.9704004987944825
1.7227385377942999,-0.3009381557525569
1.7228004956629492,0.9486866744658805
1.7228624535315986,0.020406218330140835
1.7229244114002478,-0.6446629166193887
1.7229863692688971,-0.0525249190099113
1.7230483271375465,-0.12288363067985816
1.723110285006196,-0.8431987289126702
1.723172242874845,-0.07040448893321005
1.7232342007434944,1.3745865911589406
1.7232961586121438,0.5191111984084924
1.723358116480793,-1.6097687738447413
1.7234200743494423,-1.0748374405710908
1.7234820322180917,1.4865123659847075
1.723543990086741,1.4029383647194724
1.7236059479553902,-1.4604381430843043
1.7236679058240396,-2.0888040236644136
1.723729863692689,0.6090736040384357
1.7237918215613384,1.8010317378281935
1.7238537794299875,-0.39717215872652445
1.723915737298637,-1.7392070485054811
1.7239776951672863,0.04623050792858385
1.7240396530359356,1.4300777124012956
1.7241016109045848,0.183607404890328
1.7241635687732342,-0.8406065139617171
1.7242255266418836,0.05188197466176603
1.724287484510533,0.33337714156217113
1.724349442379182,-0.7919367260543055
1.7244114002478315,-0.4555761774536302
1.7244733581164808,1.2753853164422873
1.7245353159851302,0.49682662715115455
1.7245972738537794,-2.2655385461746897
1.7246592317224287,-1.463181289911125
1.7247211895910781,2.754733153440286
1.7247831474597275,2.9375019696806692
1.7248451053283766,-2.3295143055687335
1.724907063197026,-4.1577893086763416
1.7249690210656754,1.462164489618646
1.7250309789343246,5.285932893367875
1.725092936802974,0.1692321738593805
1.7251548946716233,-5.748365317079177
1.7252168525402727,-2.342413864763141
1.7252788104089218,4.910864072333725
1.7253407682775712,3.9622339304211978
1.7254027261462206,-3.425824994770896
1.72546468401487,-4.917561987923786
1.7255266418835191,1.6531332220982151
1.7255885997521685,5.376455701763852
1.7256505576208179,0.7107371175858509
1.7257125154894672,-4.354827932171157
1.7257744733581164,-2.1796285034106857
1.7258364312267658,3.0362172165005035
1.7258983890954152,3.1964369251065987
1.7259603469640645,-1.3585834031261483
1.7260223048327137,-3.6030052682870837
1.726084262701363,-0.5025806943128599
1.7261462205700124,3.288104626393195
1.7262081784386618,2.325678017258552
1.726270136307311,-2.0185784704915912
1.7263320941759603,-3.209798276850232
1.7263940520446097,1.0075128272402996
1.726456009913259,4.360492093133195
1.7265179677819082,1.0668635415504957
1.7265799256505576,-4.20852005554064
1.726641883519207,-2.752940895477074
1.7267038413878562,3.5714882059149256
1.7267657992565055,4.288260279386904
1.726827757125155,-2.2139274363732286
1.7268897149938043,-5.125658350610003
1.7269516728624534,0.7174948132285991
1.7270136307311028,5.646325918539788
1.7270755885997522,1.4864529877723465
1.7271375464684016,-4.513332386170634
1.7271995043370507,-2.3596802553877105
1.7272614622057,3.7576487649298373
1.7273234200743495,3.4362460126612846
1.7273853779429988,-2.1350516677919242
1.727447335811648,-3.3836850883103162
1.7275092936802974,0.9464326165371394
1.7275712515489468,3.0297561504147907
1.7276332094175961,0.102801536591409
1.7276951672862453,-2.1074067987673883
1.7277571251548947,-0.2543540860697018
1.727819083023544,1.9148277981914354
1.7278810408921934,1.0803234576707417
1.7279429987608426,-0.7696459943783696
1.728004956629492,-0.7652398578887278
1.7280669144981413,0.6120784238004564
1.7281288723667907,1.2209290790058533
1.7281908302354398,0.23220815326900585
1.7282527881040892,-1.1797268026302596
1.7283147459727386,-0.9694976826691195
1.7283767038413878,1.1071906522752615
1.7284386617100371,2.1146048762639866
1.7285006195786865,-0.10260959639538036
1.7285625774473359,-2.406732087324756
1.728624535315985,-0.4849206983176626
1.7286864931846344,3.24208873809811
1.7287484510532838,2.4099190446883285
1.7288104089219332,-2.3738433627243456
1.7288723667905823,-3.4189005656842766
1.7289343246592317,1.374948992363446
1.728996282527881,4.335427855416869
1.7290582403965304,0.42857121976360013
1.7291201982651796,-4.2221693803962745
1.729182156133829,-2.1412300344447814
1.7292441140024783,3.516417368952917
1.7293060718711277,4.06132351692021
1.7293680297397769,-1.254489090840948
1.7294299876084263,-4.340628507371913
1.7294919454770756,-0.5215408231236901
1.729553903345725,4.546424084641922
1.7296158612143742,3.077041532608794
1.7296778190830235,-3.1977003632878267
1.729739776951673,-4.858394637626006
1.7298017348203223,1.1984648416771926
1.7298636926889714,5.899254781600495
1.7299256505576208,1.313444228194589
1.7299876084262702,-5.804278801244263
1.7300495662949193,-3.5666127823965885
1.7301115241635687,5.177909985314996
1.730173482032218,6.088467437342203
1.7302354399008675,-2.9273824942694855
1.7302973977695166,-7.106071916092022
1.730359355638166,0.7213479161991333
1.7304213135068154,7.48109492151314
1.7304832713754648,1.7510154657698764
1.730545229244114,-6.785945213429062
1.7306071871127633,-3.9722289852875763
1.7306691449814127,4.966614438946646
1.730731102850062,5.1676772914028435
1.7307930607187112,-2.6971333260892214
1.7308550185873606,-5.110288365729457
1.73091697645601,0.8676024121539488
1.7309789343246593,4.503451406482021
1.7310408921933085,0.7887484204858024
1.7311028500619579,-2.9440205459819975
1.7311648079306072,-1.368076432409251
1.7312267657992566,1.2709322671455723
1.7312887236679058,0.7993244502511199
1.7313506815365551,-0.501681383030481
1.7314126394052045,-0.25572104173820875
1.7314745972738539,-0.08212131628749586
1.731536555142503,-0.7185816366642751
1.7315985130111524,-0.19411037632945294
1.7316604708798018,1.276106350698747
1.731722428748451,0.8657102694275998
1.7317843866171003,-1.1949837715666485
1.7318463444857497,-1.423969012126129
1.731908302354399,0.5826537315814622
1.7319702602230482,1.2985872282279902
1.7320322180916976,-0.41987701973142855
1.732094175960347,-1.555774127163022
1.7321561338289964,-0.4727524192483743
1.7322180916976455,0.6774025347355457
1.7322800495662949,0.25731563536935775
1.7323420074349443,-0.43480381895007003
1.7324039653035936,-0.2344499982823116
1.7324659231722428,0.037791157346489745
1.7325278810408922,-0.17493102506742841
1.7325898389095415,-0.15027844934758816
1.732651796778191,0.14400078901668134
1.73271375464684,-0.20139698380959598
1.7327757125154895,-0.8915138592097225
1.7328376703841388,-0.6272167270895413
1.7328996282527882,0.30673007058012824
1.7329615861214374,0.2465687448655901
1.7330235439900867,-0.8083326582502621
1.733085501858736,-0.9653561853340331
1.7331474597273855,0.2716651316030554
1.7332094175960346,0.9681960388019827
1.733271375464684,-0.11608451345738513
1.7333333333333334,-1.4441073023933662
1.7333952912019825,-0.9968022649713297
1.733457249070632,0.6672953766915366
1.7335192069392813,1.0674676095195814
1.7335811648079307,-0.7302185772828749
1.7336431226765798,-2.4322110838790776
1.7337050805452292,-1.2876714108944793
1.7337670384138786,1.6524460429300265
1.733828996282528,2.0882949668045496
1.733890954151177,-1.2854375537523903
1.7339529120198265,-3.6520686117866425
1.7340148698884759,-0.7540504392310527
1.7340768277571252,3.529685119415494
1.7341387856257744,2.143463312306359
1.7342007434944238,-3.4848150073674393
1.7342627013630731,-4.544606069088607
1.7343246592317225,1.0097392089449697
1.7343866171003717,4.349809706033661
1.734448574969021,-0.011874457776737124
1.7345105328376704,-4.903933565388812
1.7345724907063198,-2.37635348127642
1.734634448574969,3.107417465814696
1.7346964064436183,2.6388147557261536
1.7347583643122677,-2.2026831403659277
1.734820322180917,-3.0981073056007977
1.7348822800495662,0.4793233161441604
1.7349442379182156,1.7082747295204612
1.735006195786865,-0.8324425671174738
1.7350681536555141,-1.8582602873358813
1.7351301115241635,-0.04344807189305122
1.735192069392813,0.36030811991377865
1.7352540272614623,-1.3448297572283654
1.7353159851301114,-1.1928865374975843
1.7353779429987608,0.9479490226941163
1.7354399008674102,0.8427081879373148
1.7355018587360596,-1.5512617125478156
1.7355638166047087,-1.7068874731948473
1.735625774473358,0.6860305158212812
1.7356877323420075,1.077927259498163
1.7357496902106568,-1.1747670036850408
1.735811648079306,-1.7978242447911092
1.7358736059479554,0.0013190513613708932
1.7359355638166047,0.408179383521169
1.7359975216852541,-1.1071844477099693
1.7360594795539033,-1.0027881865562127
1.7361214374225526,0.6996172028804818
1.736183395291202,0.28481816788049286
1.7362453531598514,-1.7214072693997315
1.7363073110285006,-1.0361471544196548
1.73636926889715,1.5484414282791632
1.7364312267657993,0.8501797347188986
1.7364931846344487,-2.5184542878708016
1.7365551425030978,-2.3220391348155993
1.7366171003717472,1.5973916383190596
1.7366790582403966,2.0891826037685313
1.7367410161090457,-2.299181795076181
1.7368029739776951,-3.7765753471420025
1.7368649318463445,0.9536508646292576
1.7369268897149939,3.9746103364661947
1.736988847583643,-0.38210923881611236
1.7370508054522924,-4.99532088615625
1.7371127633209418,-1.6459412958106374
1.7371747211895912,4.486523326460482
1.7372366790582403,2.912806627312264
1.7372986369268897,-4.368017519530236
1.737360594795539,-5.497765751287984
1.7374225526641884,1.7616810147225777
1.7374845105328376,5.819603957239568
1.737546468401487,-0.0993842868165199
1.7376084262701363,-6.6007654971672345
1.7376703841387857,-3.0192461012331404
1.7377323420074349,5.156522057087079
1.7377942998760842,4.852565362427958
1.7378562577447336,-3.4592342936644336
1.737918215613383,-6.421008938882118
1.7379801734820322,0.5632229727633267
1.7380421313506815,5.98747132503032
1.738104089219331,1.1798419925524573
1.7381660470879803,-5.755356879209959
1.7382280049566294,-3.664223444454325
1.7382899628252788,3.5539101796536894
1.7383519206939282,4.144500120507171
1.7384138785625773,-2.1152180955266617
1.7384758364312267,-4.581502216181843
1.738537794299876,0.248910776372746
1.7385997521685255,3.9774859557895983
1.7386617100371746,0.9698289111005713
1.738723667905824,-3.22851720889467
1.7387856257744734,-2.1345583961614163
1.7388475836431228,1.632344816073649
1.738909541511772,1.9828491574523017
1.7389714993804213,-0.90443417473687
1.7390334572490707,-2.21753396554824
1.73909541511772,-0.45508563785210965
1.7391573729863692,1.3697080313440924
1.7392193308550186,0.9931696416166267
1.739281288723668,-0.4940831618760526
1.7393432465923173,-1.0386338580836276
1.7394052044609665,-0.2147179480705801
1.7394671623296158,0.7836956344408781
1.7395291201982652,0.6836863204898984
1.7395910780669146,-0.41346109147902427
1.7396530359355638,-1.0589553945855195
1.7397149938042131,-0.3560646847170627
1.7397769516728625,0.643308927570192
1.7398389095415119,0.4760535179083243
1.739900867410161,-0.3998222968767391
1.7399628252788104,-0.40680594646196766
1.7400247831474598,0.43420130148918595
1.740086741016109,0.6040013774493359
1.7401486988847583,-0.12901777674686798
1.7402106567534077,-0.2933137320258957
1.740272614622057,0.46701177897674717
1.7403345724907062,0.5617728884072228
1.7403965303593556,-0.5504390046910048
1.740458488228005,-0.9739560634330859
1.7405204460966544,0.36150705207968614
1.7405824039653035,1.3841398024668103
1.7406443618339529,0.2017469072278666
1.7407063197026023,-1.3167446824317905
1.7407682775712516,-0.41016641188395453
1.7408302354399008,1.6779490191659896
1.7408921933085502,1.492826097685813
1.7409541511771995,-0.7478044065750724
1.741016109045849,-1.3782408678798292
1.741078066914498,0.5078236818848725
1.7411400247831474,1.597309497566958
1.7412019826517968,0.1446508910159503
1.7412639405204462,-1.2016597705882315
1.7413258983890954,-0.24110585002739549
1.7413878562577447,1.147899657911931
1.741449814126394,0.7113152866509127
1.7415117719950435,-0.3381381567920052
1.7415737298636926,-0.002866442605606534
1.741635687732342,0.8845495280435378
1.7416976456009914,0.6179259569276772
1.7417596034696405,-0.18443241480694228
1.74182156133829,-0.07111724998674673
1.7418835192069393,0.5123381655621606
1.7419454770755887,0.40445234517629336
1.7420074349442378,-0.05859380519641677
1.7420693928128872,-0.025726160427680833
1.7421313506815366,0.2556401801004835
1.742193308550186,0.35432399397411274
1.742255266418835,0.541058808294131
1.7423172242874845,0.7005858067685877
1.7423791821561339,0.25113870058612653
1.7424411400247832,-0.22752480343848358
1.7425030978934324,0.38539298118012577
1.7425650557620818,1.2184287163416907
1.7426270136307311,0.45029745013318156
1.7426889714993805,-0.972256189241198
1.7427509293680297,-0.3914488340885085
1.742812887236679,1.5047377523722991
1.7428748451053284,1.256658256595009
1.7429368029739778,-0.9829327914779551
1.742998760842627,-1.0336617688517975
1.7430607187112763,1.7355954665398803
1.7431226765799257,2.481432478737443
1.743184634448575,-0.5996753683490872
1.7432465923172242,-2.2575883210392402
1.7433085501858736,0.8516873962740223
1.743370508054523,3.5181684717783224
1.7434324659231721,0.587736243335242
1.7434944237918215,-3.3942612288323577
1.7435563816604709,-1.3416250628598205
1.7436183395291203,3.7538374001130945
1.7436802973977694,3.219422387692033
1.7437422552664188,-2.3456780933847776
1.7438042131350682,-3.516501521662022
1.7438661710037175,1.9658822321170626
1.7439281288723667,5.013449449174463
1.743990086741016,0.4959225461392941
1.7440520446096655,-4.057243140330689
1.7441140024783148,-1.2806608628631597
1.744175960346964,3.8124955573379813
1.7442379182156134,2.812236881239224
1.7442998760842627,-2.086478706264991
1.744361833952912,-2.718790759996449
1.7444237918215613,1.231568368936729
1.7444857496902106,2.9890186871706614
1.74454770755886,0.6020608905120746
1.7446096654275094,-1.2515394877844153
1.7446716232961585,-0.25366608534696455
1.744733581164808,0.9885594986094157
1.7447955390334573,0.9421294235248712
1.7448574969021067,0.7316850507766377
1.7449194547707558,0.31108825677428564
1.7449814126394052,-0.8989658499123987
1.7450433705080546,-0.9436345800723769
1.7451053283767037,1.3458638014072517
1.745167286245353,2.4385296430839674
1.7452292441140025,-0.3174030206859911
1.7452912019826519,-2.612879962899496
1.745353159851301,0.11161166671335243
1.7454151177199504,3.7351859591795957
1.7454770755885998,1.818620695802211
1.7455390334572491,-2.7245119107346194
1.7456009913258983,-2.1883747094765083
1.7456629491945477,2.427974109508186
1.745724907063197,3.1873627074102093
1.7457868649318464,-0.9510088221812014
1.7458488228004956,-2.896107423679733
1.745910780669145,0.046764019163346715
1.7459727385377943,2.5945862130536024
1.7460346964064437,1.337305715039712
1.7460966542750929,-0.7703411590734988
1.7461586121437422,-0.9243798813682036
1.7462205700123916,0.007622885474050961
1.746282527881041,1.0311809655965403
1.7463444857496901,1.8046422238027557
1.7464064436183395,0.6997239375838986
1.746468401486989,-2.1138985716118954
1.7465303593556383,-2.2411487207375003
1.7465923172242874,1.9521203852421234
1.7466542750929368,4.125488837720811
1.7467162329615862,-0.4154541075300653
1.7467781908302353,-4.943256118129131
1.7468401486988847,-1.206907442923073
1.746902106567534,5.592406710994737
1.7469640644361835,4.0795367397158735
1.7470260223048326,-3.965600160250086
1.747087980173482,-5.562313643397518
1.7471499380421314,2.131283192568382
1.7472118959107807,6.766503797111848
1.74727385377943,0.7909257201350217
1.7473358116480793,-6.416542251055846
1.7473977695167286,-3.6025449686211166
1.747459727385378,4.814515519075673
1.7475216852540272,5.937509244825737
1.7475836431226766,-1.823817663609221
1.747645600991326,-6.575899646298276
1.7477075588599753,-0.9765154604713289
1.7477695167286245,6.581997920117255
1.7478314745972738,4.382044381732991
1.7478934324659232,-4.593194050705588
1.7479553903345726,-6.524980496384423
1.7480173482032217,1.8960946629453677
1.7480793060718711,7.47981271807112
1.7481412639405205,1.0686811682900519
1.7482032218091699,-7.21468580394907
1.748265179677819,-3.8814841896436074
1.7483271375464684,5.732236859501375
1.7483890954151178,6.066084805415146
1.748451053283767,-3.024405304703093
1.7485130111524163,-6.508602664563
1.7485749690210657,0.6335007323547968
1.748636926889715,6.104140017554583
1.7486988847583642,1.6341155291268337
1.7487608426270136,-4.539467690299743
1.748822800495663,-3.071491631356208
1.7488847583643123,2.1232451709127353
1.7489467162329615,2.902389397775652
1.7490086741016109,-0.18240104629953224
1.7490706319702602,-1.8496467731996287
1.7491325898389096,-1.08562617166237
1.7491945477075588,0.26226853733991257
1.7492565055762082,1.568498113807384
1.7493184634448575,1.7137153998149581
1.749380421313507,-0.6957355004013754
1.749442379182156,-2.9478214558204066
1.7495043370508054,-0.8618175882644925
1.7495662949194548,3.0215108315463812
1.7496282527881042,2.0775368170643773
1.7496902106567533,-2.7196069518993196
1.7497521685254027,-3.3772076565790172
1.749814126394052,1.4021158838749497
1.7498760842627015,3.659101202544888
1.7499380421313506,-0.05297417980733987
1.75,-3.0838604488159254
1.7500619578686494,-0.7402437370174101
1.7501239157372985,2.239970552742826
1.750185873605948,1.0572131255960353
1.7502478314745973,-1.3667624757014307
1.7503097893432467,-1.0812025993562555
1.7503717472118958,0.2374332126657166
1.7504337050805452,0.0996187700409728
1.7504956629491946,-0.15482282814001547
1.750557620817844,0.46610778810719705
1.750619578686493,0.1098123668883706
1.7506815365551425,-1.1529255313988604
1.7507434944237918,-0.4369973982958284
1.7508054522924412,1.7304865361084765
1.7508674101610904,1.1735606934512846
1.7509293680297398,-1.8763641607691348
1.7509913258983891,-2.0685642072421246
1.7510532837670385,1.3756439735101644
1.7511152416356877,2.4340212695767898
1.751177199504337,-1.1067803918539951
1.7512391573729864,-3.20866289575798
1.7513011152416358,-0.052783336234518696
1.751363073110285,3.093428514299579
1.7514250309789343,1.010150540482445
1.7514869888475837,-2.56114999184526
1.751548946716233,-1.669611099144198
1.7516109045848822,1.8184316291172955
1.7516728624535316,2.038271734277248
1.751734820322181,-0.9371066059341919
1.7517967781908301,-2.075570377361773
1.7518587360594795,-0.12433299765373584
1.7519206939281289,1.2091639864548942
1.7519826517967783,0.13442422068458948
1.7520446096654274,-0.8894598667343446
1.7521065675340768,-0.1780785436220692
1.7521685254027262,0.554972378509299
1.7522304832713755,-0.07753003184584656
1.7522924411400247,-0.5569237091965076
1.752354399008674,0.42282900486746183
1.7524163568773234,1.1480113008686428
1.7524783147459728,-0.20205543669302278
1.752540272614622,-1.8316661509513463
1.7526022304832714,-0.7905045563459356
1.7526641883519207,1.7528907130808062
1.75272614622057,1.6047714449847907
1.7527881040892193,-1.582331349948916
1.7528500619578686,-2.830178120722029
1.752912019826518,0.47527381633931864
1.7529739776951674,3.5607268576493043
1.7530359355638165,1.2408686828832471
1.753097893432466,-3.269740683231607
1.7531598513011153,-2.701812193864913
1.7532218091697647,2.4513456094402257
1.7532837670384138,3.9527519718795356
1.7533457249070632,-1.0680423462029471
1.7534076827757126,-4.837288866623407
1.7534696406443617,-1.0687699934810337
1.753531598513011,4.490224875536697
1.7535935563816605,2.8404895534322043
1.7536555142503099,-3.563971530271112
1.753717472118959,-4.299019452890811
1.7537794299876084,2.160763969781252
1.7538413878562578,5.506815088474131
1.7539033457249071,0.12181699257492387
1.7539653035935563,-5.481346778958953
1.7540272614622057,-2.2262488932167384
1.754089219330855,4.63447354440158
1.7541511771995044,3.9085747788154386
1.7542131350681536,-3.2487603004709746
1.754275092936803,-5.217211344076343
1.7543370508054523,1.0783750305111055
1.7543990086741017,5.391576551533671
1.7544609665427509,1.1215214917912122
1.7545229244114002,-4.368253641148493
1.7545848822800496,-2.427572655953274
1.754646840148699,3.1741278323463598
1.7547087980173481,3.4527305082406707
1.7547707558859975,-1.3150998928924027
1.754832713754647,-3.3810484457732137
1.7548946716232963,-0.31514181097345506
1.7549566294919454,2.509612329903932
1.7550185873605948,1.2362539987028212
1.7550805452292442,-1.5431756478737748
1.7551425030978933,-1.7945304655520644
1.7552044609665427,0.5338671521157579
1.755266418835192,2.2003322941233643
1.7553283767038415,0.8720469869344807
1.7553903345724906,-1.7812530825896045
1.75545229244114,-1.6852788910000538
1.7555142503097894,1.6227621254277425
1.7555762081784387,2.902028311256599
1.755638166047088,-0.9335541879760254
1.7557001239157373,-4.144930095539172
1.7557620817843866,-0.4881129378707172
1.755824039653036,4.880551533788642
1.7558859975216852,2.340212044816168
1.7559479553903345,-4.947286061983489
1.756009913258984,-4.35837756345448
1.7560718711276333,4.41154453935637
1.7561338289962825,6.80872966775689
1.7561957868649318,-2.1948840567884766
1.7562577447335812,-8.007228343126261
1.7563197026022306,-0.42438978642415603
1.7563816604708797,8.241429794602873
1.7564436183395291,3.3004599173657123
1.7565055762081785,-7.288835495832293
1.7565675340768279,-6.006898463592491
1.756629491945477,4.961706076402875
1.7566914498141264,7.6608015943269665
1.7567534076827758,-1.839226179190143
1.756815365551425,-7.747736805327173
1.7568773234200743,-0.9196216630360794
1.7569392812887237,7.121217525508251
1.757001239157373,3.7587917749275133
1.7570631970260222,-5.074718761660004
1.7571251548946716,-5.541489675426823
1.757187112763321,2.398283517566484
1.7572490706319703,6.0763502575951955
1.7573110285006195,0.15987227820754768
1.7573729863692689,-5.82954209897373
1.7574349442379182,-2.6868291116246503
1.7574969021065676,4.559520827580249
1.7575588599752168,4.72388736227213
1.7576208178438661,-2.2645927602060336
1.7576827757125155,-5.408354342727439
1.757744733581165,0.09702858863785391
1.757806691449814,5.377314490778127
1.7578686493184634,2.0709333502521217
1.7579306071871128,-4.432022815601811
1.7579925650557622,-3.9043938994826575
1.7580545229244113,2.3945546364767853
1.7581164807930607,4.373729814451776
1.75817843866171,-0.5149158758884544
1.7582403965303595,-4.0979783627795765
1.7583023543990086,-1.1839486923278266
1.758364312267658,3.0955927119323823
1.7584262701363074,2.4934024022702186
1.7584882280049565,-1.2935536361305031
1.758550185873606,-2.725125629536402
1.7586121437422553,-0.5414502623100887
1.7586741016109046,1.9213256908076692
1.7587360594795538,1.673970102429604
1.7587980173482032,-0.9618140606704199
1.7588599752168526,-2.79293054239772
1.758921933085502,-1.0040151407265168
1.758983890954151,2.5991566647018702
1.7590458488228005,2.681757111920695
1.7591078066914498,-1.6831614258796437
1.7591697645600992,-3.960332127838285
1.7592317224287484,0.17811856014171817
1.7592936802973977,4.5921774780920455
1.7593556381660471,1.6050370420676192
1.7594175960346965,-4.622382907873623
1.7594795539033456,-3.833614344846374
1.759541511771995,3.0786375513398774
1.7596034696406444,4.739616313531609
1.7596654275092938,-1.7494983695676942
1.759727385377943,-5.570436899335732
1.7597893432465923,-0.33940615921846506
1.7598513011152417,5.132447896781662
1.759913258983891,1.9307684891494055
1.7599752168525402,-4.122159231634095
1.7600371747211896,-3.0253279583290316
1.760099132589839,2.559157736581919
1.7601610904584881,2.958576079804989
1.7602230483271375,-1.753326086018077
1.7602850061957869,-3.163725257518611
1.7603469640644362,0.3451795593784541
1.7604089219330854,2.0413672815783257
1.7604708798017348,-0.3922309322882259
1.7605328376703842,-1.7741378455111845
1.7605947955390335,0.15061374047063736
1.7606567534076827,1.2465507425605566
1.760718711276332,-0.39536859057476353
1.7607806691449814,-1.2461521040393526
1.7608426270136308,0.22362246517799872
1.76090458488228,0.7953264026482336
1.7609665427509293,-0.7480137272341417
1.7610285006195787,-1.3235474885090897
1.761090458488228,0.09577150812205171
1.7611524163568772,0.5711310944471268
1.7612143742255266,-0.6995275780459986
1.761276332094176,-0.8764701396368696
1.7613382899628254,0.5250002417305945
1.7614002478314745,0.5769399393310682
1.761462205700124,-0.9446986649926492
1.7615241635687733,-0.8914417293775848
1.7615861214374227,0.8009709640782892
1.7616480793060718,0.6584467239123286
1.7617100371747212,-1.3925483321589063
1.7617719950433706,-1.520984748571181
1.7618339529120197,0.5956027662596608
1.761895910780669,0.9498774078207126
1.7619578686493185,-1.0899437581412903
1.7620198265179678,-1.5156481017117613
1.762081784386617,0.5472905765564327
1.7621437422552664,1.1511855919651368
1.7622057001239158,-0.7820623870603189
1.7622676579925651,-1.4165765816914533
1.7623296158612143,0.45525570559302575
1.7623915737298637,1.060315827259564
1.762453531598513,-0.9680573475120833
1.7625154894671624,-1.875696606396195
1.7625774473358116,0.04080980369757303
1.762639405204461,1.2283868602447052
1.7627013630731103,-0.40571763788949144
1.7627633209417597,-1.7683466692981988
1.7628252788104088,-0.4803897068638392
1.7628872366790582,1.0688904856792578
1.7629491945477076,0.4570911066595407
1.763011152416357,-0.8318060681119335
1.7630731102850061,-0.8104510899656172
1.7631350681536555,-0.1714647742236941
1.7631970260223049,-0.015229953863242995
1.7632589838909543,-0.023405331571408505
1.7633209417596034,-0.17544088416282566
1.7633828996282528,-0.9058075217015764
1.7634448574969022,-1.1718251880313373
1.7635068153655513,0.11308635580881882
1.7635687732342007,1.1678772021456998
1.76363073110285,-0.1164484678448865
1.7636926889714994,-1.7716276741348675
1.7637546468401486,-0.6594267939755298
1.763816604708798,1.5147514708653371
1.7638785625774474,0.75171548975143
1.7639405204460967,-1.8352513993041062
1.7640024783147459,-1.6643716610992345
1.7640644361833953,0.9290106383462171
1.7641263940520446,1.1342394142591352
1.764188351920694,-1.425605355488228
1.7642503097893432,-1.886202876416315
1.7643122676579925,0.7527396072741808
1.764374225526642,1.6196022383680568
1.7644361833952913,-0.9111432577746622
1.7644981412639404,-2.0273824226096426
1.7645600991325898,0.5141118249288008
1.7646220570012392,1.9706331605103447
1.7646840148698886,-0.6169439856106007
1.7647459727385377,-2.6672002368290695
1.764807930607187,-0.3647154597818688
1.7648698884758365,2.137633686364995
1.7649318463444859,0.19964136987925624
1.764993804213135,-2.692510901702299
1.7650557620817844,-1.177395157353957
1.7651177199504338,2.151041838750752
1.765179677819083,1.3891245830383214
1.7652416356877323,-1.983477447428949
1.7653035935563817,-1.8656162409094934
1.765365551425031,1.4045030302132182
1.7654275092936802,1.8370749064761598
1.7654894671623296,-1.3047213234106942
1.765551425030979,-2.3975835383312383
1.7656133828996283,0.2903473698190865
1.7656753407682775,1.8125134210109968
1.7657372986369269,-0.3194226876292594
1.7657992565055762,-2.0409672919748467
1.7658612143742256,-0.3976808616514875
1.7659231722428748,1.5434549256918504
1.7659851301115241,0.6585681553869918
1.7660470879801735,-1.084704722199247
1.766109045848823,-0.8309507711028761
1.766171003717472,0.4343148829112699
1.7662329615861214,0.5225393329132404
1.7662949194547708,-0.25122318908002184
1.7663568773234202,-0.5917648744016972
1.7664188351920693,-0.502646113908465
1.7664807930607187,-0.2671813075379196
1.766542750929368,0.26613862632971697
1.7666047087980175,0.5114011477620506
1.7666666666666666,-0.19525706040425622
1.766728624535316,-0.7620705470301913
1.7667905824039654,0.055620970168756445
1.7668525402726145,0.9575246403548274
1.766914498141264,0.19435846642530552
1.7669764560099133,-0.9401065173432692
1.7670384138785626,-0.38658157552199635
1.7671003717472118,0.6299814535136106
1.7671623296158612,-0.014522291160039558
1.7672242874845105,-0.9654502580728004
1.76728624535316,-0.03946369837831565
1.767348203221809,1.0911683178394058
1.7674101610904585,0.005391149630637138
1.7674721189591078,-1.2776865417829386
1.7675340768277572,0.0940416291902415
1.7675960346964064,1.824399748298946
1.7676579925650557,0.41391618492590443
1.7677199504337051,-1.8317957251009915
1.7677819083023545,-0.7351356182226074
1.7678438661710036,1.6968271159452595
1.767905824039653,0.828917388715007
1.7679677819083024,-1.7048689695380665
1.7680297397769518,-1.003458504918794
1.768091697645601,1.6158218646672424
1.7681536555142503,1.086818851524674
1.7682156133828997,-1.462811124909398
1.768277571251549,-0.766934858375487
1.7683395291201982,2.0938811635269965
1.7684014869888476,1.3675206374981816
1.768463444857497,-2.0619609573258995
1.7685254027261461,-1.702216729454399
1.7685873605947955,2.184974469526715
1.7686493184634449,2.3868001317168543
1.7687112763320942,-1.9163612636254326
1.7687732342007434,-3.040034738481935
1.7688351920693928,1.3492833836671507
1.7688971499380421,3.644120160651368
1.7689591078066915,-0.17371678999961837
1.7690210656753407,-3.269611491337985
1.76908302354399,-0.1805359965993747
1.7691449814126394,3.5196998307582215
1.7692069392812888,1.3113744233668354
1.769268897149938,-2.7901926184784607
1.7693308550185873,-1.6413445532225128
1.7693928128872367,2.4522347225689187
1.769454770755886,2.1754257029022703
1.7695167286245352,-1.8494113921311146
1.7695786864931846,-2.4513766934977346
1.769640644361834,1.4514278142669308
1.7697026022304834,3.18853780466198
1.7697645600991325,-0.0677531441326269
1.769826517967782,-2.713933015315286
1.7698884758364313,-0.40095419397821486
1.7699504337050807,2.9095813473195067
1.7700123915737298,1.8565281284755848
1.7700743494423792,-1.7085457470068952
1.7701363073110286,-2.250392581501747
1.7701982651796777,0.638412635626012
1.770260223048327,2.368531875471509
1.7703221809169765,0.8067262012909469
1.7703841387856258,-1.3000308821895479
1.770446096654275,-1.1857562216689441
1.7705080545229244,0.5569167951363847
1.7705700123915737,1.8346249679880562
1.7706319702602231,1.4548960925727814
1.7706939281288723,-0.3843554510746948
1.7707558859975217,-1.8484200634696628
1.770817843866171,-0.6396665674318428
1.7708798017348204,2.3144090664758536
1.7709417596034696,2.5230226472034634
1.771003717472119,-1.362197088621166
1.7710656753407683,-3.658171011956499
1.7711276332094177,0.17348108798834305
1.7711895910780668,4.787524752714685
1.7712515489467162,2.296979411824322
1.7713135068153656,-3.982375051928428
1.771375464684015,-3.55268933601694
1.7714374225526641,3.6111886558752477
1.7714993804213135,5.727322099608383
1.7715613382899629,-1.331403385898768
1.7716232961586122,-6.214110796261792
1.7716852540272614,-0.6388445906162459
1.7717472118959108,6.3543528215462395
1.7718091697645602,3.193656423203944
1.7718711276332093,-4.918246321523527
1.7719330855018587,-4.696381591259778
1.771995043370508,3.37635837247388
1.7720570012391574,6.340757954004359
1.7721189591078066,-0.06859483697242696
1.772180916976456,-5.4431943561030955
1.7722428748451053,-1.876774124531809
1.7723048327137547,4.509273637029105
1.7723667905824039,4.170192314487789
1.7724287484510532,-1.8100172991141066
1.7724907063197026,-4.611880730460975
1.772552664188352,-0.6601230046290094
1.7726146220570012,4.188550682436455
1.7726765799256505,3.2675817673887373
1.7727385377943,-1.919888114715063
1.7728004956629493,-3.9031640120566484
1.7728624535315984,0.2752064445340508
1.7729244114002478,4.54274430846332
1.7729863692688972,2.474989735807798
1.7730483271375466,-2.870692257395234
1.7731102850061957,-3.400587526545455
1.773172242874845,1.4475660843401839
1.7732342007434945,3.9563355395586615
1.7732961586121438,0.5018387621248639
1.773358116480793,-3.1251593120873498
1.7734200743494424,-1.5064129894861928
1.7734820322180918,2.29081476080698
1.773543990086741,2.6014570261127687
1.7736059479553903,-0.23103745373064344
1.7736679058240397,-1.7723978746476057
1.773729863692689,-0.4318959663391193
1.7737918215613382,1.5108151481399545
1.7738537794299876,1.6922075226931743
1.773915737298637,-0.0388381809098579
1.7739776951672863,-1.72562168391744
1.7740396530359355,-1.0477644957809524
1.7741016109045848,1.5025652712324555
1.7741635687732342,2.271335943011736
1.7742255266418836,-0.2932218822472956
1.7742874845105328,-2.3340163719427007
1.7743494423791821,-0.30885938987401174
1.7744114002478315,2.773512955924987
1.7744733581164809,1.9386729216073433
1.77453531598513,-1.4759337260628869
1.7745972738537794,-2.122086316701883
1.7746592317224288,0.5903734537212538
1.7747211895910782,2.203350853079394
1.7747831474597273,0.7024006081231922
1.7748451053283767,-1.2924313018620694
1.774907063197026,-1.337541814073054
1.7749690210656754,0.2210753678046974
1.7750309789343246,1.7724038658312096
1.775092936802974,1.637220219898937
1.7751548946716234,-0.5856431616449964
1.7752168525402725,-2.170560442158823
1.7752788104089219,-0.13529030408210063
1.7753407682775713,3.00280550076461
1.7754027261462206,1.8041591415963594
1.7754646840148698,-2.573549018929275
1.7755266418835192,-2.932721110492877
1.7755885997521685,1.7524056159104422
1.775650557620818,3.7092432070976753
1.775712515489467,-0.4278744365662048
1.7757744733581164,-3.539663182049862
1.7758364312267658,-0.3930761797321335
1.7758983890954152,3.478894012948911
1.7759603469640644,1.8182363347216786
1.7760223048327137,-2.027314063390812
1.776084262701363,-1.934619306451668
1.7761462205700125,0.9919883818484276
1.7762081784386616,1.9724588833657748
1.776270136307311,0.39012014930097405
1.7763320941759604,-1.255144749803501
1.7763940520446098,-1.5135499837198105
1.776456009913259,0.019007403086789332
1.7765179677819083,2.29733289630534
1.7765799256505577,1.9318723900875168
1.776641883519207,-1.809608742107369
1.7767038413878562,-3.190218175888123
1.7767657992565056,1.3507799168105294
1.776827757125155,4.852906693686253
1.776889714993804,0.37037208988880543
1.7769516728624535,-5.340734697499951
1.7770136307311029,-2.068675546560778
1.7770755885997522,5.068761864362454
1.7771375464684014,3.5048575440752288
1.7771995043370508,-4.169734404533536
1.7772614622057001,-4.334492853563404
1.7773234200743495,3.1323092309175458
1.7773853779429987,4.839837192147646
1.777447335811648,-1.6119750153292076
1.7775092936802974,-4.058004035828034
1.7775712515489468,1.2249557736833903
1.777633209417596,3.624264755662331
1.7776951672862453,-0.9231954852051459
1.7777571251548947,-3.0557158347745244
1.777819083023544,1.0502446829981493
1.7778810408921932,2.738431953163691
1.7779429987608426,-1.426680039358371
1.778004956629492,-2.9180337372203278
1.7780669144981414,1.6414380348463022
1.7781288723667905,3.5875145150273955
1.77819083023544,-1.000323782597502
1.7782527881040893,-3.6140832252176525
1.7783147459727386,0.593977451978578
1.7783767038413878,3.878485945596653
1.7784386617100372,0.4499706229605135
1.7785006195786865,-3.4102946276795887
1.7785625774473357,-1.3798712396225774
1.778624535315985,2.3145583041018036
1.7786864931846345,1.6966819033903067
1.7787484510532838,-1.133421274788255
1.778810408921933,-1.5118516221858713
1.7788723667905824,0.10586638090344358
1.7789343246592317,1.0785370560527034
1.7789962825278811,1.0537656377480096
1.7790582403965303,0.30642689849185295
1.7791201982651796,-1.102678928149986
1.779182156133829,-1.3509863838076317
1.7792441140024784,0.7662605635865154
1.7793060718711275,2.1542472702173074
1.779368029739777,-0.1315181463987502
1.7794299876084263,-2.7266077875781756
1.7794919454770757,-0.9594702386269546
1.7795539033457248,2.533321357234117
1.7796158612143742,1.8938123980716537
1.7796778190830236,-1.6663392199298783
1.779739776951673,-2.0425269865934403
1.7798017348203221,1.0665887043470639
1.7798636926889715,2.182544251112035
1.7799256505576209,-0.14460391661796512
1.7799876084262702,-1.6697296073150611
1.7800495662949194,-0.440941166852191
1.7801115241635688,0.7712323329370705
1.7801734820322181,0.29942116779609895
1.7802354399008673,-0.2763522420256486
1.7802973977695167,-0.09146128701302625
1.780359355638166,-0.09047548382427967
1.7804213135068154,-0.21261219909315
1.7804832713754646,0.38543545562222425
1.780545229244114,0.8700468877014548
1.7806071871127633,0.04800601434654811
1.7806691449814127,-0.9300609570337709
1.7807311028500619,-0.3954281920822889
1.7807930607187112,0.7128537262545231
1.7808550185873606,0.50996844775937
1.78091697645601,-0.5733687745021772
1.7809789343246591,-0.8337212435636309
1.7810408921933085,-0.1011792784880208
1.781102850061958,0.599511107659368
1.7811648079306073,0.7016395662745721
1.7812267657992564,0.09683408750899924
1.7812887236679058,-0.8080402374375892
1.7813506815365552,-0.6626392937971172
1.7814126394052046,0.9076181265831298
1.7814745972738537,1.5092446711919725
1.781536555142503,-0.5807654990078946
1.7815985130111525,-2.4100068382954465
1.7816604708798018,-0.49065965827856606
1.781722428748451,2.4745368762377558
1.7817843866171004,1.2744127079643202
1.7818463444857497,-2.436821636295017
1.781908302354399,-2.1931821665398417
1.7819702602230483,1.9424308802131038
1.7820322180916977,2.9639950317431074
1.782094175960347,-0.8868749524086397
1.7821561338289962,-2.9673378077915062
1.7822180916976456,0.0013764772134967906
1.782280049566295,2.470973877845091
1.7823420074349443,0.38187035145375514
1.7824039653035935,-2.065043703326956
1.7824659231722428,-0.8439874068449029
1.7825278810408922,1.0286755141983925
1.7825898389095416,0.30771168316450603
1.7826517967781907,-0.576147044074784
1.7827137546468401,0.4248312198042408
1.7827757125154895,0.585623003794236
1.7828376703841389,-1.0944836142812617
1.782899628252788,-0.8705049472206952
1.7829615861214374,1.7242663574381845
1.7830235439900868,1.4814236095586835
1.7830855018587362,-2.2558465426585923
1.7831474597273853,-2.7210295885089035
1.7832094175960347,1.750976471183899
1.783271375464684,3.2265204310463727
1.7833333333333334,-1.5163637264533656
1.7833952912019826,-4.008443428453581
1.783457249070632,0.7297277983794066
1.7835192069392813,4.342776583429224
1.7835811648079305,0.1464200925828943
1.7836431226765799,-4.261481325778888
1.7837050805452292,-0.8779361841081053
1.7837670384138786,3.8486922276020135
1.7838289962825278,1.1226774247761746
1.7838909541511772,-3.83175181586791
1.7839529120198265,-1.8408814642815219
1.784014869888476,3.0497718590892307
1.784076827757125,1.6391391880029489
1.7841387856257744,-3.0232398776520935
1.7842007434944238,-1.8917629664623412
1.7842627013630732,2.7792486501639693
1.7843246592317223,2.080991548184354
1.7843866171003717,-2.5414732316469513
1.784448574969021,-2.3809486271439586
1.7845105328376705,2.0112812215637312
1.7845724907063196,2.323518337547971
1.784634448574969,-1.8312941275026322
1.7846964064436184,-2.8271744803489
1.7847583643122678,0.6394983691121792
1.784820322180917,2.0943206360646243
1.7848822800495663,-0.3258808146153016
1.7849442379182157,-1.653961747988244
1.785006195786865,-0.1390870554242427
1.7850681536555142,0.7153293728648313
1.7851301115241636,-0.04787944805017419
1.785192069392813,0.0167954324781997
1.785254027261462,0.5184318016024758
1.7853159851301115,-0.7340111650585563
1.7853779429987608,-1.868797384826367
1.7854399008674102,0.051278922945945715
1.7855018587360594,2.2007316314506524
1.7855638166047088,0.20663314670335187
1.7856257744733581,-3.072809839399973
1.7856877323420075,-1.6284170297327165
1.7857496902106567,2.7006148972555515
1.785811648079306,2.609800462997393
1.7858736059479554,-2.017401198971957
1.7859355638166048,-3.487122010564917
1.785997521685254,0.6729206529677585
1.7860594795539033,3.443909887461947
1.7861214374225527,0.15545690471152973
1.786183395291202,-3.735964798172627
1.7862453531598512,-1.856167077293764
1.7863073110285006,2.5657861506220963
1.78636926889715,2.2332957039396746
1.7864312267657994,-2.1232977895702994
1.7864931846344485,-3.103849109970226
1.7865551425030979,0.983174467006469
1.7866171003717473,3.298227217389543
1.7866790582403966,-0.07744405442131413
1.7867410161090458,-3.517079257560042
1.7868029739776952,-1.2865613005952359
1.7868649318463445,2.7600916592884857
1.7869268897149937,1.72208468886496
1.786988847583643,-2.6468470128604107
1.7870508054522924,-3.028532488089388
1.7871127633209418,1.0696016286021606
1.787174721189591,2.833656534274724
1.7872366790582404,-0.24559928133660203
1.7872986369268897,-2.7824498245137828
1.787360594795539,-0.9571675028562516
1.7874225526641883,1.8566531906750414
1.7874845105328376,1.4519367559254148
1.787546468401487,-1.036967549952528
1.7876084262701364,-2.0516622175085875
1.7876703841387855,-0.6856342908818558
1.787732342007435,1.1394855177355068
1.7877942998760843,1.1514681126619877
1.7878562577447337,-0.9827986762524388
1.7879182156133828,-2.4771821552186073
1.7879801734820322,-0.4567209357318833
1.7880421313506816,2.6920946735367783
1.788104089219331,1.542213121621604
1.78816604708798,-2.908699584963376
1.7882280049566295,-3.0848818260222077
1.7882899628252789,2.237272418538934
1.7883519206939282,4.031367155444909
1.7884138785625774,-1.7717238180149004
1.7884758364312268,-5.641095008940621
1.7885377942998761,-0.28193023908162074
1.7885997521685253,5.540312392159154
1.7886617100371747,1.4916261217810147
1.788723667905824,-5.700656662408669
1.7887856257744734,-3.45283491474203
1.7888475836431226,4.495800981897278
1.788909541511772,4.531669213781552
1.7889714993804213,-3.0645660416563043
1.7890334572490707,-5.187978076202864
1.7890954151177199,1.0273368643674623
1.7891573729863692,4.369921796317515
1.7892193308550186,-0.13153175408822787
1.789281288723668,-3.915295493273598
1.7893432465923171,-1.2259587519134785
1.7894052044609665,2.106538677444517
1.789467162329616,0.8479603241324254
1.7895291201982653,-1.2892681409237117
1.7895910780669144,-0.48754147524779645
1.7896530359355638,0.5622229177205298
1.7897149938042132,-0.39556513798459036
1.7897769516728625,-0.6750621371341379
1.7898389095415117,0.8325862549213041
1.789900867410161,0.7658690401256507
1.7899628252788105,-1.5852778827888627
1.7900247831474598,-1.9522058369965758
1.790086741016109,0.8664873058779499
1.7901486988847584,2.0603159289511543
1.7902106567534077,-0.6649669942812914
1.790272614622057,-2.6601216181189855
1.7903345724907063,-0.3693642332138238
1.7903965303593556,2.4819525452599756
1.790458488228005,1.2674984521405657
1.7905204460966542,-1.9686271804659703
1.7905824039653035,-2.185925921033685
1.790644361833953,0.7031002722660487
1.7907063197026023,2.2039033358579605
1.7907682775712515,0.14076526992336919
1.7908302354399008,-2.5019153399690386
1.7908921933085502,-1.917593768049283
1.7909541511771996,1.3076470514543708
1.7910161090458487,2.7000742182584636
1.7910780669144981,-0.0604361197609149
1.7911400247831475,-3.172089008798217
1.7912019826517969,-1.5825425082264482
1.791263940520446,2.8544290265117773
1.7913258983890954,3.1075100514438336
1.7913878562577448,-1.913034186547973
1.7914498141263941,-4.457439587524506
1.7915117719950433,-0.05053283620264093
1.7915737298636927,4.3912330018555386
1.791635687732342,1.3884565561384377
1.7916976456009914,-4.266929566489495
1.7917596034696406,-3.0591676612164456
1.79182156133829,3.1164928309834328
1.7918835192069393,3.9643037635555074
1.7919454770755887,-1.6966904413689634
1.7920074349442379,-4.101644023114453
1.7920693928128872,0.4973505395616734
1.7921313506815366,3.773360284393374
1.7921933085501858,0.27950347154402744
1.7922552664188351,-3.4548989354242012
1.7923172242874845,-1.1275842713695776
1.792379182156134,2.520629545428755
1.792441140024783,1.0610056028927657
1.7925030978934324,-2.217676188387885
1.7925650557620818,-1.171688738709209
1.7926270136307312,1.9489095031892476
1.7926889714993803,1.3721680425092377
1.7927509293680297,-1.4908264323638256
1.792812887236679,-1.3195364952823951
1.7928748451053285,1.207934036178298
1.7929368029739776,1.3556649500016391
1.792998760842627,-0.852412288706107
1.7930607187112764,-1.486167897056633
1.7931226765799257,-0.02060349804134276
1.793184634448575,0.8321629896286871
1.7932465923172243,0.432765598840426
1.7933085501858737,-0.032118979245975066
1.793370508054523,-0.5562100741444315
1.7934324659231722,-0.8670939609192025
1.7934944237918216,0.47676868712977316
1.793556381660471,2.204417531166708
1.7936183395291203,0.6648883896611021
1.7936802973977695,-2.8616770174140966
1.7937422552664188,-2.1902967719618385
1.7938042131350682,2.7294028579222815
1.7938661710037174,3.6250532118913537
1.7939281288723667,-2.0503009751439665
1.7939900867410161,-5.015831539486981
1.7940520446096655,0.4732962980730513
1.7941140024783147,5.669145030122818
1.794175960346964,1.6872077583753216
1.7942379182156134,-4.9082317104221715
1.7942998760842628,-3.106563650979238
1.794361833952912,3.818034809480615
1.7944237918215613,4.316536182883546
1.7944857496902107,-1.9117478202217808
1.79454770755886,-4.484250690931942
1.7946096654275092,-0.07310040277677987
1.7946716232961586,3.5560842614725745
1.794733581164808,1.3798563638820829
1.7947955390334573,-2.1286566533130347
1.7948574969021065,-1.854363101782899
1.7949194547707559,0.8164599612609366
1.7949814126394052,2.0183982802389266
1.7950433705080546,0.8593282583042718
1.7951053283767038,-0.9262549236964834
1.7951672862453532,-1.3947156109117276
1.7952292441140025,0.01834360479532471
1.795291201982652,1.5458653534772502
1.795353159851301,0.859227522398144
1.7954151177199504,-1.232813235713556
1.7954770755885998,-1.4919059873008562
1.795539033457249,0.5307544039756924
1.7956009913258983,1.669974916258359
1.7956629491945477,0.4772111435646802
1.795724907063197,-0.8010281418102815
1.7957868649318462,-0.5319859263457838
1.7958488228004956,0.2559298384244193
1.795910780669145,0.7232215004894995
1.7959727385377944,0.9519646427700378
1.7960346964064435,0.12290130789401732
1.796096654275093,-1.6978257597841124
1.7961586121437423,-1.5208963576474284
1.7962205700123917,1.705306809355124
1.7962825278810408,3.0847736465011715
1.7963444857496902,-0.774220809265126
1.7964064436183396,-4.1016939843674285
1.796468401486989,-0.46001289009832097
1.796530359355638,5.0014407299213
1.7965923172242875,2.828809314102543
1.7966542750929368,-4.1089207170280675
1.7967162329615862,-4.350229509579461
1.7967781908302354,2.7088449230639626
1.7968401486988848,5.356091042190567
1.7969021065675341,-0.6886895001191475
1.7969640644361835,-5.307567255503704
1.7970260223048327,-1.2975934879919073
1.797087980173482,4.277329728136261
1.7971499380421314,2.8355376636385303
1.7972118959107806,-2.2142330923086515
1.79727385377943,-2.774331220217006
1.7973358116480793,0.886882098611067
1.7973977695167287,2.562831093928225
1.7974597273853778,0.6051268656352216
1.7975216852540272,-1.2838875211350376
1.7975836431226766,-0.9735671273810382
1.797645600991326,0.12082807795800643
1.7977075588599751,0.6034947182167364
1.7977695167286245,0.5588114845725002
1.7978314745972739,0.16755192269887142
1.7978934324659233,-0.45122782843916875
1.7979553903345724,-0.5444694884399799
1.7980173482032218,0.35232103337035403
1.7980793060718712,1.2472631353161165
1.7981412639405205,0.777301803667066
1.7982032218091697,-0.7028609820008702
1.798265179677819,-1.2342293552456427
1.7983271375464684,0.09760832386236595
1.7983890954151178,1.4911097818719894
1.798451053283767,0.7141500748907877
1.7985130111524164,-1.3116240122059608
1.7985749690210657,-1.4337300145917005
1.798636926889715,0.7966773124460338
1.7986988847583643,2.0367456147979706
1.7987608426270136,0.40030382848800894
1.798822800495663,-1.4452723308553124
1.7988847583643122,-0.7212697836264867
1.7989467162329615,1.1023764599957435
1.799008674101611,1.230350130289424
1.7990706319702603,-0.07455292228754917
1.7991325898389094,-0.9030149520786174
1.7991945477075588,-0.7979037705168244
1.7992565055762082,-0.06244409811745377
1.7993184634448576,1.1346752106783322
1.7993804213135067,1.3805725160403435
1.799442379182156,-0.5690045452020509
1.7995043370508055,-2.1868551254798603
1.7995662949194549,-0.06005779836326508
1.799628252788104,3.2010200699419427
1.7996902106567534,1.8056963314994396
1.7997521685254028,-2.7891871989701276
1.7998141263940521,-2.9668521083358144
1.7998760842627013,1.9310749790004336
1.7999380421313507,3.668806107582742
1.8,-0.7103291061723679
1.8000619578686494,-3.6369483881026783
1.8001239157372986,-0.41992623193453893
1.800185873605948,2.999768820593186
1.8002478314745973,1.3348210902386335
1.8003097893432467,-1.4082727097289152
1.8003717472118959,-0.7305166700423742
1.8004337050805452,0.6830017280361158
1.8004956629491946,0.0787439451939983
1.8005576208178438,0.019967033004319568
1.8006195786864931,1.3250280612941656
1.8006815365551425,0.2630119976038987
1.800743494423792,-2.61254629727527
1.800805452292441,-1.3793069318369455
1.8008674101610904,3.3002079232906762
1.8009293680297398,3.0515427540209696
1.8009913258983892,-2.8333987243422962
1.8010532837670383,-4.1773538494539535
1.8011152416356877,2.202951499093993
1.801177199504337,5.57454551262932
1.8012391573729865,-0.2226575302081648
1.8013011152416356,-5.501808558105945
1.801363073110285,-1.4708052753167813
1.8014250309789344,4.739845545014355
1.8014869888475837,2.9205745287252793
1.801548946716233,-3.205339335434438
1.8016109045848823,-3.643680485372091
1.8016728624535316,1.3452227183081167
1.801734820322181,3.675707624477844
1.8017967781908302,0.9309446656160185
1.8018587360594795,-2.0781378248015168
1.801920693928129,-1.82667751537574
1.8019826517967783,0.6494707695214834
1.8020446096654275,2.5191492661624713
1.8021065675340768,1.487457159837844
1.8021685254027262,-1.8388917323636422
1.8022304832713754,-3.0371124075510085
1.8022924411400247,0.43932121254243195
1.8023543990086741,3.7782698623614177
1.8024163568773235,1.354932626459719
1.8024783147459726,-3.265940923662907
1.802540272614622,-2.3783777260092807
1.8026022304832714,2.665633696628893
1.8026641883519208,3.509780656556286
1.80272614622057,-0.8655658314330124
1.8027881040892193,-2.9320305302108975
1.8028500619578687,-0.020621273155391473
1.802912019826518,2.1460709038089263
1.8029739776951672,0.5554208564952696
1.8030359355638166,-0.9440397531092747
1.803097893432466,-0.21419455857565106
1.8031598513011153,0.115444958390999
1.8032218091697645,-0.4519639081038996
1.8032837670384139,0.5977993205386831
1.8033457249070632,2.038033781889041
1.8034076827757126,0.28291022475690975
1.8034696406443618,-2.4425208835311136
1.8035315985130111,-0.8061189821938282
1.8035935563816605,3.0846635704754326
1.80365551425031,2.17292016518251
1.803717472118959,-2.6119275255651755
1.8037794299876084,-3.09098846545941
1.8038413878562578,1.7393509100359752
1.803903345724907,3.6731551195416587
1.8039653035935563,-0.30363975900947865
1.8040272614622057,-3.0926400237162124
1.804089219330855,-0.2911946725719776
1.8041511771995042,2.8166130596863326
1.8042131350681536,1.4119848969426203
1.804275092936803,-1.2177960676790438
1.8043370508054524,-0.9469108276346938
1.8043990086741015,0.45518383398649176
1.804460966542751,0.4090912794987409
1.8045229244114003,0.21148757155783549
1.8045848822800497,0.7288637786602737
1.8046468401486988,0.03758762458528597
1.8047087980173482,-1.485051651910084
1.8047707558859976,-0.45814211172427766
1.804832713754647,2.463226474042939
1.804894671623296,2.1522144615243306
1.8049566294919455,-1.6819030477187393
1.8050185873605948,-2.6998967478775384
1.8050805452292442,1.209545755458184
1.8051425030978934,3.58609179155461
1.8052044609665427,0.3109542915514769
1.8052664188351921,-3.2332354467222078
1.8053283767038415,-1.427516925769422
1.8053903345724907,2.399881805576859
1.80545229244114,2.3076267645697857
1.8055142503097894,-0.6893799665606996
1.8055762081784386,-1.7116274153728237
1.805638166047088,-0.08043700997948144
1.8057001239157373,1.3658472852108214
1.8057620817843867,1.4085883979206248
1.8058240396530358,0.49130095553785225
1.8058859975216852,-1.0159112403239074
1.8059479553903346,-1.6046434653190318
1.806009913258984,0.3724969867194474
1.8060718711276331,2.6228274157531977
1.8061338289962825,1.045672567905577
1.8061957868649319,-2.635786870249577
1.8062577447335812,-2.165697108341157
1.8063197026022304,2.4756346401006333
1.8063816604708798,3.778759461795625
1.8064436183395292,-0.7596054945277365
1.8065055762081785,-3.7367851655668156
1.8065675340768277,-0.19154734302891385
1.806629491945477,3.9056653628323494
1.8066914498141264,1.8373667604848922
1.8067534076827758,-2.8184040685117866
1.806815365551425,-2.7217478919959097
1.8068773234200743,1.4355728171576223
1.8069392812887237,3.1562034708106808
1.807001239157373,0.4829246351070402
1.8070631970260222,-2.322392359209308
1.8071251548946716,-1.597083389005411
1.807187112763321,1.5660238666132886
1.8072490706319702,3.1573094564139392
1.8073110285006195,0.7253677289884305
1.807372986369269,-3.0025874800935233
1.8074349442379183,-2.444500264495195
1.8074969021065674,2.4550556157282584
1.8075588599752168,4.189530603340115
1.8076208178438662,-0.958540000486213
1.8076827757125156,-5.147845033397731
1.8077447335811647,-0.8343375831210671
1.807806691449814,5.499489525630086
1.8078686493184635,3.112897730816961
1.8079306071871128,-4.299835430740143
1.807992565055762,-4.163956729526771
1.8080545229244114,3.310302054675879
1.8081164807930608,5.314954624817866
1.8081784386617101,-1.3783696894433166
1.8082403965303593,-5.229379918535653
1.8083023543990087,-0.24674288777477704
1.808364312267658,4.482592262826392
1.8084262701363074,1.4335860119371882
1.8084882280049566,-3.284551258263569
1.808550185873606,-1.974406026470897
1.8086121437422553,2.119768767375694
1.8086741016109047,2.3167582045832757
1.8087360594795538,-0.43725028753044426
1.8087980173482032,-1.4148888644358415
1.8088599752168526,-0.2759520656215442
1.8089219330855018,0.611722273776076
1.8089838909541511,0.7828097911715681
1.8090458488228005,0.43691049806223514
1.8091078066914499,-0.8110046690110911
1.809169764560099,-1.5902720825073877
1.8092317224287484,0.04683621465835974
1.8092936802973978,2.140719003358405
1.8093556381660472,0.9881546617230174
1.8094175960346963,-1.9591119603027471
1.8094795539033457,-1.6877951895167977
1.809541511771995,1.6333495927769475
1.8096034696406444,2.4803861428972294
1.8096654275092936,-0.6160928322175785
1.809727385377943,-2.5998790181673703
1.8097893432465924,-0.5392830241313078
1.8098513011152417,1.8678380437312252
1.8099132589838909,0.9594071192427005
1.8099752168525403,-1.2980588417404648
1.8100371747211896,-1.3816163573469527
1.810099132589839,0.3282892652188001
1.8101610904584882,1.157578339691372
1.8102230483271375,0.4143601041466586
1.810285006195787,-0.48610731451743827
1.8103469640644363,-0.5634652453493911
1.8104089219330854,-0.11373121254285967
1.8104708798017348,0.2287454035611609
1.8105328376703842,0.1903126030929566
1.8105947955390334,-0.15069464023110024
1.8106567534076827,-0.5622141197246218
1.810718711276332,-0.7103130060247457
1.8107806691449815,-0.23375098059342497
1.8108426270136306,0.6547068384812186
1.81090458488228,0.7836947264333083
1.8109665427509294,-0.49082139497051847
1.8110285006195788,-1.4974550137659046
1.811090458488228,-0.21062779230121853
1.8111524163568773,1.8139190265511227
1.8112143742255267,0.9526017575011683
1.811276332094176,-2.1528684726008986
1.8113382899628252,-2.4826189623418564
1.8114002478314746,1.0452399595060111
1.811462205700124,2.759442455511948
1.8115241635687733,-0.5444489743560958
1.8115861214374225,-3.527777380566909
1.8116480793060719,-0.9744529603833842
1.8117100371747212,3.0567782348796824
1.8117719950433706,1.9086841908981342
1.8118339529120198,-2.3833955838230216
1.8118959107806691,-2.7681287977795788
1.8119578686493185,0.9018914486262022
1.812019826517968,2.3263491983635927
1.812081784386617,-0.33433391436368876
1.8121437422552664,-2.3591986890729304
1.8122057001239158,-1.1016425102133032
1.812267657992565,0.6858645988348591
1.8123296158612143,0.6844756520299154
1.8123915737298637,-0.05725068889039031
1.812453531598513,-0.5419060530109583
1.8125154894671622,-0.9890090551557258
1.8125774473358116,-0.6539735510723681
1.812639405204461,0.898779306582169
1.8127013630731104,1.3234034277308981
1.8127633209417595,-0.9957663868704091
1.812825278810409,-2.7815089465298217
1.8128872366790583,-0.6244119473999363
1.8129491945477076,2.3338821653904898
1.8130111524163568,0.949433121698281
1.8130731102850062,-2.7435410299285294
1.8131350681536555,-2.455490432821256
1.813197026022305,1.4995449744698894
1.813258983890954,2.576217851147481
1.8133209417596035,-0.7901692644256358
1.8133828996282528,-2.83810097435923
1.8134448574969022,-0.6156000457910545
1.8135068153655514,1.6388638563228188
1.8135687732342007,0.5283941805932941
1.8136307311028501,-1.3947113160205147
1.8136926889714995,-1.3054033369394518
1.8137546468401486,-0.4483399702601508
1.813816604708798,-0.18064301350149703
1.8138785625774474,0.41033908247330564
1.8139405204460965,0.8457571205310013
1.814002478314746,-0.760842165596234
1.8140644361833953,-2.540434637588087
1.8141263940520447,-0.547706998869277
1.8141883519206938,3.0321953074989123
1.8142503097893432,1.613653478212091
1.8143122676579926,-3.81324748034171
1.814374225526642,-4.237872070153913
1.8144361833952911,2.1053981370066435
1.8144981412639405,4.955421750284308
1.8145600991325899,-1.1591766453963814
1.8146220570012392,-6.446109877384621
1.8146840148698884,-1.6484170018322588
1.8147459727385378,5.711054333176725
1.8148079306071871,3.3925835233945723
1.8148698884758365,-4.83304550983757
1.8149318463444857,-5.356844294365461
1.814993804213135,2.432787319514396
1.8150557620817844,5.432921585559397
1.8151177199504338,-1.044777085273517
1.815179677819083,-6.005513911623487
1.8152416356877323,-1.6454822265539246
1.8153035935563817,4.276107993619981
1.815365551425031,2.2730476432751927
1.8154275092936802,-3.5270693776783153
1.8154894671623296,-3.443456140287023
1.815551425030979,1.7180298615345768
1.8156133828996281,3.2255170946281577
1.8156753407682775,-0.7639057928052833
1.815737298636927,-3.268239384639014
1.8157992565055763,-0.7332636546477155
1.8158612143742254,1.9680719344636894
1.8159231722428748,0.5982990652607465
1.8159851301115242,-1.9232887934074316
1.8160470879801736,-1.4770519713483627
1.8161090458488227,0.5362287513984523
1.816171003717472,0.6751821792138277
1.8162329615861215,-0.5216665738456818
1.8162949194547708,-0.5142831005775694
1.81635687732342,0.24341103698373834
1.8164188351920694,-0.17749144855708288
1.8164807930607187,-0.9026562499755928
1.8165427509293681,-0.04413308896084667
1.8166047087980173,0.9959930745802343
1.8166666666666667,-0.24911797088878584
1.816728624535316,-2.141849926660739
1.8167905824039654,-1.1317476132846331
1.8168525402726146,1.6542991882919966
1.816914498141264,1.592403829964351
1.8169764560099133,-1.5306500084393913
1.8170384138785627,-2.6167019411268857
1.8171003717472118,0.3805894391540703
1.8171623296158612,2.8075403957545833
1.8172242874845106,0.7414426031042318
1.8172862453531597,-2.67832477309703
1.8173482032218091,-2.236174411397711
1.8174101610904585,1.2688251744382226
1.8174721189591079,2.4407839891248515
1.817534076827757,-0.4491211854054975
1.8175960346964064,-2.9923628997600416
1.8176579925650558,-1.3047211870743562
1.8177199504337052,2.177970581090211
1.8177819083023543,2.2584631733959757
1.8178438661710037,-1.192237040866961
1.817905824039653,-2.830534866059832
1.8179677819083024,-0.01442335781552373
1.8180297397769516,2.812088875622591
1.818091697645601,1.0101864827197509
1.8181536555142503,-2.6217828658806073
1.8182156133828997,-2.2337305355021533
1.8182775712515489,1.44199517784809
1.8183395291201983,2.344672045810095
1.8184014869888476,-0.7637622686339025
1.818463444857497,-2.497497892062821
1.8185254027261462,-0.1413794472274268
1.8185873605947955,2.1742151754982424
1.818649318463445,0.9254632260647792
1.8187112763320943,-1.320624526207547
1.8187732342007434,-1.0548908798156564
1.8188351920693928,0.5895977859922583
1.8188971499380422,0.8208799552434416
1.8189591078066913,-0.16416698368350957
1.8190210656753407,-0.621894631271906
1.81908302354399,-0.3681365856748666
1.8191449814126395,-0.047403425008895717
1.8192069392812886,0.31614295830367134
1.819268897149938,0.524335529779002
1.8193308550185874,0.0964516359670966
1.8193928128872368,-0.3969581215177542
1.819454770755886,-0.021439835653248362
1.8195167286245353,0.599192201671657
1.8195786864931847,0.30780286980361615
1.819640644361834,-0.3315922409711906
1.8197026022304832,-0.20512596958613194
1.8197645600991326,0.11589420455033261
1.819826517967782,-0.19158679006499318
1.8198884758364313,-0.22550678846314764
1.8199504337050805,0.5863249227956566
1.8200123915737298,0.6899235823664425
1.8200743494423792,-0.5473446694901933
1.8201363073110286,-0.8037834469141355
1.8201982651796778,1.0050584694593554
1.8202602230483271,1.8265631151635802
1.8203221809169765,-0.38148828546716185
1.8203841387856259,-2.1817154116808313
1.820446096654275,-0.13372277796218757
1.8205080545229244,2.6203000241452004
1.8205700123915738,1.1120975263394803
1.820631970260223,-2.6074456885238746
1.8206939281288723,-2.1960388818494936
1.8207558859975217,2.292091235182062
1.820817843866171,3.7386221501229837
1.8208798017348202,-0.6242185187075493
1.8209417596034696,-4.062810906154997
1.821003717472119,-0.6688849305071125
1.8210656753407684,4.635863587791851
1.8211276332094175,3.1190202554459185
1.8211895910780669,-3.5531068336650264
1.8212515489467163,-4.8775613095178105
1.8213135068153656,1.8402764559140463
1.8213754646840148,6.119238894777272
1.8214374225526642,0.7139448534031859
1.8214993804213135,-5.890326191138519
1.821561338289963,-2.7435367569501814
1.821623296158612,5.239906261800167
1.8216852540272614,5.063795088803557
1.8217472118959108,-2.711250556561361
1.8218091697645602,-5.1945020395432575
1.8218711276332094,0.9966731097169941
1.8219330855018587,4.977860326508051
1.821995043370508,0.8760892406500355
1.8220570012391575,-3.438511283122902
1.8221189591078066,-1.4829949078315838
1.822180916976456,1.885633964976106
1.8222428748451054,1.3940499473023866
1.8223048327137545,-0.11177183627563297
1.822366790582404,0.24573856281716244
1.8224287484510533,-0.007186275293533051
1.8224907063197027,-1.193943195923021
1.8225526641883518,0.36357352833615497
1.8226146220570012,3.1003398047735278
1.8226765799256506,0.9709102738658948
1.8227385377943,-3.813818772536232
1.822800495662949,-2.311701308553801
1.8228624535315985,4.174962641035947
1.8229244114002479,4.119329130223589
1.8229863692688972,-3.444316906485126
1.8230483271375464,-5.340992469170753
1.8231102850061958,2.6111296271739746
1.8231722428748451,6.942132248082046
1.8232342007434945,-0.19666524732779528
1.8232961586121437,-6.733229755490099
1.823358116480793,-1.482836198620133
1.8234200743494424,6.499862126977104
1.8234820322180918,3.777753586327907
1.823543990086741,-4.801818594581432
1.8236059479553903,-5.180766663534577
1.8236679058240397,2.5709959274065697
1.823729863692689,5.817381788948527
1.8237918215613382,0.26068473177540313
1.8238537794299876,-4.809131934530063
1.823915737298637,-2.116815357511106
1.8239776951672861,3.621876091883938
1.8240396530359355,4.098432746391695
1.824101610904585,-0.8796433148428014
1.8241635687732343,-4.106545069018222
1.8242255266418834,-1.2086095581110121
1.8242874845105328,3.4715668979276533
1.8243494423791822,3.001301414676247
1.8244114002478315,-1.9735541837687016
1.8244733581164807,-3.847592721587888
1.82453531598513,0.346658317009491
1.8245972738537795,4.054508515757605
1.8246592317224288,1.554584975185049
1.824721189591078,-2.874867051151528
1.8247831474597274,-2.157393021886472
1.8248451053283767,2.113448167661931
1.8249070631970261,2.8854742255555106
1.8249690210656753,-0.70246756245571
1.8250309789343246,-2.7039407449493456
1.825092936802974,-0.4042524934725036
1.8251548946716234,2.1059150413289927
1.8252168525402725,1.1371698941345003
1.825278810408922,-1.3317974006890394
1.8253407682775713,-1.4773946305348753
1.8254027261462207,0.7211195310666867
1.8254646840148698,1.9498940857595308
1.8255266418835192,0.4569535949981849
1.8255885997521686,-1.4962091261742487
1.8256505576208177,-0.9115455097745558
1.8257125154894671,1.2994315248255992
1.8257744733581165,1.4514277900637533
1.8258364312267659,-0.92885468365495
1.825898389095415,-1.9270549608326017
1.8259603469640644,0.2664439051363382
1.8260223048327138,1.9685008657088487
1.8260842627013631,0.24444860253948392
1.8261462205700123,-1.8197579905052828
1.8262081784386617,-0.49142882605801513
1.826270136307311,1.934263058605728
1.8263320941759604,1.1907605547056201
1.8263940520446096,-1.4310550044306138
1.826456009913259,-1.4768325654820234
1.8265179677819083,0.9334702257365869
1.8265799256505577,1.6196663707120094
1.8266418835192069,-0.47563958075236357
1.8267038413878562,-1.9104181651373553
1.8267657992565056,-0.5291194794193192
1.826827757125155,1.5341990915693586
1.8268897149938041,1.3776565056190786
1.8269516728624535,-0.7022413277179227
1.827013630731103,-1.7789723971698979
1.8270755885997523,-0.14403320438505485
1.8271375464684014,2.088460829823582
1.8271995043370508,1.4206157372762942
1.8272614622057002,-1.6726072387394597
1.8273234200743493,-2.580967923253568
1.8273853779429987,0.4335006542752535
1.827447335811648,2.7739889380965277
1.8275092936802975,0.5749589114684521
1.8275712515489466,-2.6917020134378484
1.827633209417596,-1.7427004293358734
1.8276951672862454,1.826840487954734
1.8277571251548947,2.448653342413526
1.827819083023544,-0.3504867234221083
1.8278810408921933,-2.0619418984821176
1.8279429987608427,-0.7742650250749792
1.828004956629492,1.0496436390532766
1.8280669144981412,1.288883107351616
1.8281288723667906,0.12467920294936188
1.82819083023544,-1.435742113396529
1.8282527881040893,-1.7808399217763269
1.8283147459727385,0.28521999386149643
1.8283767038413878,2.5284308799975674
1.8284386617100372,1.1488607612280357
1.8285006195786866,-2.451906164226136
1.8285625774473357,-2.390411217125106
1.8286245353159851,1.8574266623816147
1.8286864931846345,3.439596645822624
1.8287484510532839,-0.5652155163968452
1.828810408921933,-3.7170051527410353
1.8288723667905824,-0.9875735785713922
1.8289343246592318,2.8407436235231174
1.828996282527881,1.674163393901209
1.8290582403965303,-1.9349877586701294
1.8291201982651797,-2.1063208974929606
1.829182156133829,0.6850391466284421
1.8292441140024782,1.8634629565486793
1.8293060718711276,0.5076727018398736
1.829368029739777,-0.8164823941632651
1.8294299876084263,-0.8513105875163041
1.8294919454770755,-0.10855017157526492
1.8295539033457249,0.8050688940852014
1.8296158612143743,0.8557498113359217
1.8296778190830236,-0.5872729712665579
1.8297397769516728,-1.6578745902525083
1.8298017348203222,-0.2583451583249904
1.8298636926889715,1.7312358648628565
1.829925650557621,0.9533323740125498
1.82998760842627,-1.387861508240522
1.8300495662949194,-1.2527407910439097
1.8301115241635688,1.1561701813486722
1.8301734820322182,1.7680866879948443
1.8302354399008673,-0.28261529302380883
1.8302973977695167,-1.5941182996944523
1.830359355638166,-0.47985390667355593
1.8304213135068155,0.9695921105953007
1.8304832713754646,0.8792032600881968
1.830545229244114,-0.255881660447159
1.8306071871127634,-1.1272907729372845
1.8306691449814125,-0.7089327677528207
1.830731102850062,1.0068118097420826
1.8307930607187113,1.9273699098706332
1.8308550185873607,0.13111816050524994
1.8309169764560098,-2.112966945844641
1.8309789343246592,-0.9032014831059536
1.8310408921933086,2.266548970734246
1.831102850061958,2.0008671030074106
1.831164807930607,-1.6644745093305036
1.8312267657992565,-2.6853964847976943
1.8312887236679058,0.646103133471448
1.8313506815365552,2.7181085554685565
1.8314126394052044,0.4281083370583434
1.8314745972738538,-1.926012912608255
1.8315365551425031,-0.7011741339753563
1.8315985130111525,1.45623278983562
1.8316604708798017,1.287933559209136
1.831722428748451,-0.09614763182450381
1.8317843866171004,-0.6380184617785499
1.8318463444857498,-0.42730403988239374
1.831908302354399,0.1580780536244898
1.8319702602230483,0.9037002281874003
1.8320322180916977,0.5088431249880986
1.832094175960347,-1.0184270746488975
1.8321561338289962,-0.8839200272037981
1.8322180916976456,1.404906362213373
1.832280049566295,1.7575018284320378
1.8323420074349441,-0.9934996727189197
1.8324039653035935,-1.6558954821136376
1.8324659231722429,1.6411817439959315
1.8325278810408923,2.627427561097788
1.8325898389095414,-1.387443051159877
1.8326517967781908,-3.0300052316161827
1.8327137546468402,1.4918960265473613
1.8327757125154895,3.840499084581521
1.8328376703841387,-1.1282658185580199
1.832899628252788,-4.309187724193861
1.8329615861214374,1.0589499382278356
1.8330235439900868,5.4042032347952995
1.833085501858736,0.08735793203220375
1.8331474597273854,-5.331818654954881
1.8332094175960347,-0.24267229489788206
1.833271375464684,6.299244982069521
1.8333333333333333,1.6711325596285653
1.8333952912019826,-6.168037806862218
1.833457249070632,-2.6429012195925807
1.8335192069392814,6.168016904080211
1.8335811648079305,4.155731497252147
1.83364312267658,-5.205778381941257
1.8337050805452293,-5.015395875457416
1.8337670384138787,4.401191059816663
1.8338289962825278,6.401011786645193
1.8338909541511772,-2.0426381053868012
1.8339529120198266,-5.862952155371655
1.8340148698884757,0.8611045313975925
1.834076827757125,5.765433505564599
1.8341387856257745,1.0347793129045009
1.8342007434944239,-4.290675324985402
1.834262701363073,-1.7248346096142038
1.8343246592317224,3.0894113749873418
1.8343866171003718,2.234556845293216
1.8344485749690211,-1.4851370045809746
1.8345105328376703,-1.5588146339086155
1.8345724907063197,1.1487776818744686
1.834634448574969,1.7861761978522006
1.8346964064436184,0.06392653945945814
1.8347583643122676,-0.7568206837830405
1.834820322180917,0.16304334979913992
1.8348822800495663,0.8926560770416511
1.8349442379182157,0.41299339427499837
1.8350061957868649,-0.3883133480253717
1.8350681536555142,-0.4747349832543486
1.8351301115241636,0.207350009749246
1.835192069392813,0.8842544153522234
1.8352540272614621,0.705283499152144
1.8353159851301115,-0.21942309086649003
1.835377942998761,-0.6311157260195099
1.8354399008674103,0.3172690620524081
1.8355018587360594,1.5165882016916052
1.8355638166047088,1.0326079890819708
1.8356257744733582,-0.9226731318567223
1.8356877323420073,-1.5832052279097084
1.8357496902106567,0.4440699505871043
1.835811648079306,2.2822686581751475
1.8358736059479555,0.6736438606898668
1.8359355638166046,-2.2077941705944157
1.835997521685254,-1.412706364844521
1.8360594795539034,2.264836079986124
1.8361214374225527,2.6863769416803067
1.836183395291202,-1.1315732826102485
1.8362453531598513,-2.5852963415517802
1.8363073110285006,0.9980322063985609
1.83636926889715,3.091197105781637
1.8364312267657992,-0.3167430461895161
1.8364931846344485,-2.999461676686459
1.836555142503098,0.07285228663370547
1.8366171003717473,3.0505652449634866
1.8366790582403965,0.1723391656176857
1.8367410161090458,-3.012539735030213
1.8368029739776952,-0.1471512087681974
1.8368649318463446,3.4405405793781485
1.8369268897149937,0.8030059829713126
1.8369888475836431,-3.032598835330635
1.8370508054522925,-0.659462285723773
1.8371127633209419,3.214198812661344
1.837174721189591,0.8923050532388992
1.8372366790582404,-3.1328116815155687
1.8372986369268898,-0.947086714456375
1.837360594795539,3.05779167406069
1.8374225526641883,0.7631795611803069
1.8374845105328377,-3.361550262874978
1.837546468401487,-0.792633416057385
1.8376084262701362,3.8890047279686617
1.8376703841387856,1.395183440789837
1.837732342007435,-3.9166264443592764
1.8377942998760843,-1.8338483539773878
1.8378562577447335,4.019293779579093
1.8379182156133829,2.623776346415358
1.8379801734820322,-3.673683690665552
1.8380421313506816,-3.487981990548197
1.8381040892193308,2.5290682690918316
1.8381660470879801,3.423977801143381
1.8382280049566295,-1.782029002983611
1.838289962825279,-3.334607105594293
1.838351920693928,0.8757496289070216
1.8384138785625774,2.741376062874485
1.8384758364312268,-0.3010758882747343
1.8385377942998762,-1.9024385855446526
1.8385997521685253,0.20894970496330378
1.8386617100371747,1.1022873051138398
1.838723667905824,-0.7108698866271159
1.8387856257744735,-1.0998882473659695
1.8388475836431226,0.6032710462709452
1.838909541511772,0.5482174269071913
1.8389714993804214,-1.3331395541382554
1.8390334572490705,-1.100555824962859
1.83909541511772,1.1350556474191063
1.8391573729863693,1.2254661473415114
1.8392193308550187,-1.0499200971928162
1.8392812887236678,-1.5841994041362633
1.8393432465923172,0.46282030412190245
1.8394052044609666,1.4029913023350322
1.839467162329616,-0.2959679439256333
1.839529120198265,-1.768536770600384
1.8395910780669145,-0.9053790135591093
1.8396530359355638,0.6715090182864225
1.8397149938042132,0.7081444317032646
1.8397769516728624,-0.5761928535066081
1.8398389095415117,-1.3334146392987622
1.8399008674101611,-0.5386442555638913
1.8399628252788105,0.8398167182079015
1.8400247831474597,0.915610911290277
1.840086741016109,-0.5949403196222625
1.8401486988847584,-1.6258814345315624
1.8402106567534078,-0.6432948417273491
1.840272614622057,0.8534767285772267
1.8403345724907063,0.5444537431277613
1.8403965303593557,-1.1021569002024543
1.840458488228005,-1.6630900183099009
1.8405204460966542,-0.4328348474374146
1.8405824039653036,0.8654904742352334
1.840644361833953,0.6611683057188575
1.8407063197026021,-0.6902108825079893
1.8407682775712515,-1.5044129544832812
1.8408302354399009,-0.6033262294221267
1.8408921933085503,1.0073116381359197
1.8409541511771994,0.8840068489560403
1.8410161090458488,-1.2699539447194341
1.8410780669144982,-2.3339682259101053
1.8411400247831475,-0.37375578769862394
1.8412019826517967,1.6364394618924183
1.841263940520446,0.30099582705975214
1.8413258983890954,-2.222042208624194
1.8413878562577448,-1.5915614267115532
1.841449814126394,1.1950544733362392
1.8415117719950433,1.4524933594377822
1.8415737298636927,-1.0779520017468207
1.841635687732342,-2.024385426308608
1.8416976456009913,-0.1233994856018521
1.8417596034696406,1.046019402968394
1.84182156133829,-0.31496396390548925
1.8418835192069394,-1.5911851637423553
1.8419454770755885,-0.8815545293185755
1.842007434944238,0.18239514202741947
1.8420693928128873,0.03501554538197732
1.8421313506815367,-0.48298323662945375
1.8421933085501858,-0.46890388356725143
1.8422552664188352,-0.35488092232544993
1.8423172242874846,-0.3345780606145976
1.8423791821561337,-0.06834142493308576
1.842441140024783,0.015390420115266146
1.8425030978934325,-0.5876551005477212
1.8425650557620818,-1.0401532845151857
1.842627013630731,-0.5216908208559126
1.8426889714993804,0.06852201543777614
1.8427509293680298,-0.2699224913186873
1.8428128872366791,-0.7713092427968212
1.8428748451053283,-0.5039283268619204
1.8429368029739777,-0.09928797018454988
1.842998760842627,-0.20617673722671048
1.8430607187112764,-0.21479019559735812
1.8431226765799256,0.04863664050970484
1.843184634448575,-0.3153293839057616
1.8432465923172243,-1.054016936800547
1.8433085501858737,-0.6730477086895901
1.8433705080545228,0.4435512544743252
1.8434324659231722,0.13115613088856204
1.8434944237918216,-1.3895907533161425
1.843556381660471,-1.3370631053613977
1.8436183395291201,0.5194636722435024
1.8436802973977695,0.9983222438676548
1.8437422552664189,-0.7543901818267025
1.8438042131350683,-1.4964467228852552
1.8438661710037174,0.14615672393130574
1.8439281288723668,1.0385252136393994
1.8439900867410162,-0.5565023538765894
1.8440520446096653,-1.6254688021951151
1.8441140024783147,-0.16263429253072603
1.844175960346964,0.8951173109581795
1.8442379182156134,-0.6688459024774035
1.8442998760842626,-1.836135577864411
1.844361833952912,-0.02643573076159278
1.8444237918215614,1.6146221698881238
1.8444857496902107,-0.12411804502710772
1.8445477075588599,-2.1675823586211878
1.8446096654275093,-0.5461431381082487
1.8446716232961586,1.9969776381990965
1.844733581164808,0.7114201875232358
1.8447955390334572,-2.3152405007117323
1.8448574969021065,-1.7163435894150822
1.844919454770756,1.359398401479333
1.8449814126394053,1.33508704598168
1.8450433705080544,-1.5539902763030389
1.8451053283767038,-1.8686623891105758
1.8451672862453532,0.8359923368597431
1.8452292441140026,1.4354939218324199
1.8452912019826517,-0.8809757545426127
1.845353159851301,-1.3093918297921139
1.8454151177199505,0.9518034551935113
1.8454770755885999,1.0994262313031833
1.845539033457249,-1.5283639410725933
1.8456009913258984,-1.6722321740206265
1.8456629491945478,1.4283330005165005
1.845724907063197,1.7624430605796937
1.8457868649318463,-1.9657761381901755
1.8458488228004957,-2.8982058210551402
1.845910780669145,1.4121799259547188
1.8459727385377942,3.5480673695137903
1.8460346964064436,-0.6600127698576177
1.846096654275093,-3.963477411553415
1.8461586121437423,-0.3053445761844651
1.8462205700123915,4.076302933451087
1.8462825278810409,1.462009717193924
1.8463444857496902,-3.7210431468565845
1.8464064436183396,-2.6968183809035757
1.8464684014869888,2.5235459587902964
1.8465303593556381,3.085485082609096
1.8465923172242875,-1.5242520475103671
1.846654275092937,-3.3634495053067175
1.846716232961586,0.2925090412922493
1.8467781908302354,3.2291661717139304
1.8468401486988848,1.097563918152314
1.8469021065675342,-2.236891625147649
1.8469640644361833,-1.6797034069996184
1.8470260223048327,1.4599755490907262
1.847087980173482,2.254868823395367
1.8471499380421315,-0.36309585171475023
1.8472118959107806,-2.391510241444352
1.84727385377943,-0.7904043776650524
1.8473358116480794,2.0006668322787746
1.8473977695167285,1.6777009495914263
1.847459727385378,-1.1826512379003666
1.8475216852540273,-1.851894864298223
1.8475836431226766,0.8146548514168558
1.8476456009913258,2.3473591288985314
1.8477075588599752,0.2957951550361162
1.8477695167286246,-1.6164792967981734
1.847831474597274,-0.3176935601584818
1.847893432465923,1.2985769964142482
1.8479553903345725,0.2805624563596195
1.8480173482032218,-0.866796526284948
1.8480793060718712,0.31692106194249625
1.8481412639405204,1.0644987402734858
1.8482032218091697,-0.6633535127996063
1.8482651796778191,-1.210518630025807
1.8483271375464685,1.5594721764160873
1.8483890954151176,2.746050185354239
1.848451053283767,-0.7919708446876554
1.8485130111524164,-3.210267354145495
1.8485749690210658,0.4327397262692698
1.848636926889715,4.22257680982404
1.8486988847583643,1.1107747977525781
1.8487608426270137,-4.035996384244422
1.848822800495663,-2.3369988274944427
1.8488847583643122,3.510286533521021
1.8489467162329616,3.7747248579844737
1.849008674101611,-1.6534872387112038
1.8490706319702601,-3.609188108850039
1.8491325898389095,0.6718491172108447
1.8491945477075589,3.912128863374821
1.8492565055762082,1.4822741519835456
1.8493184634448574,-2.213167754793825
1.8493804213135068,-1.996964737804938
1.8494423791821561,0.9577990447808169
1.8495043370508055,2.4899522987371565
1.8495662949194547,1.015785806620009
1.849628252788104,-1.6085178142238252
1.8496902106567534,-2.1055234439153083
1.8497521685254028,0.7882248756019063
1.849814126394052,3.564954417715753
1.8498760842627013,1.6664821872809832
1.8499380421313507,-2.827590180177024
1.85,-2.7614651433557516
1.8500619578686492,2.538615662630444
1.8501239157372986,4.682308491599127
1.850185873605948,-0.43783730944186916
1.8502478314745974,-4.921333583984109
1.8503097893432465,-1.3465152207270987
1.850371747211896,4.675074525177259
1.8504337050805453,3.536302230484596
1.8504956629491947,-2.6777036074447738
1.8505576208178438,-4.0166592616566685
1.8506195786864932,1.2001642712895901
1.8506815365551426,4.6468259155532134
1.8507434944237917,1.6442744346980653
1.850805452292441,-2.74678976121253
1.8508674101610905,-2.5570329636401743
1.8509293680297398,1.1437497717604228
1.850991325898389,3.236533607477372
1.8510532837670384,1.2883662743693083
1.8511152416356877,-2.2206557553033517
1.8511771995043371,-2.7227370524187076
1.8512391573729863,0.9914247413485031
1.8513011152416357,4.071117275853745
1.851363073110285,1.531274502954743
1.8514250309789344,-3.3201824843760623
1.8514869888475836,-2.5943043374979635
1.851548946716233,3.1296047811933136
1.8516109045848823,4.350556650790556
1.8516728624535317,-1.548777782850505
1.8517348203221808,-4.745553614975257
1.8517967781908302,0.49257775723074526
1.8518587360594796,5.129445703636863
1.851920693928129,0.8457547763399189
1.8519826517967781,-4.791986136509976
1.8520446096654275,-1.4923657295944097
1.8521065675340769,5.0172454035249565
1.8521685254027263,2.9942597208619928
1.8522304832713754,-3.980177949694821
1.8522924411400248,-3.300502143147004
1.8523543990086742,3.762195344977339
1.8524163568773233,4.347870641846116
1.8524783147459727,-2.6236417119336837
1.852540272614622,-4.668573544224332
1.8526022304832714,1.5852460394732013
1.8526641883519206,4.79377718209333
1.85272614622057,-0.31124907927397694
1.8527881040892193,-4.181726179270536
1.8528500619578687,-0.3385292232799364
1.8529120198265179,3.853391565655118
1.8529739776951673,1.5092050251205325
1.8530359355638166,-2.350576801943795
1.853097893432466,-1.3974759206739407
1.8531598513011152,1.4457404917405572
1.8532218091697645,1.3127103030810976
1.853283767038414,-0.30874047593680687
1.8533457249070633,-0.6270296535831406
1.8534076827757124,-0.5764800806048211
1.8534696406443618,-0.5372558965951854
1.8535315985130112,0.9970142559453368
1.8535935563816606,2.1408851978853303
1.8536555142503097,-0.3636533908825353
1.853717472118959,-3.1368924834470064
1.8537794299876085,-0.33143716901597436
1.8538413878562578,4.357870413295272
1.853903345724907,2.127243210922944
1.8539653035935564,-4.475879144873479
1.8540272614622058,-4.000649713050498
1.854089219330855,3.6151654380499876
1.8541511771995043,5.4019958287175145
1.8542131350681537,-2.2242090473629377
1.854275092936803,-6.362202909253201
1.8543370508054522,0.265798720770705
1.8543990086741016,6.513447490365724
1.854460966542751,2.00312658172819
1.8545229244114003,-5.345155632457784
1.8545848822800495,-3.4082488113215845
1.8546468401486988,3.8807210265451344
1.8547087980173482,4.309758732361863
1.8547707558859976,-2.121122096288248
1.8548327137546468,-4.619524111216595
1.8548946716232961,0.07158390872235298
1.8549566294919455,3.7518837804857057
1.8550185873605949,1.1178740337439699
1.855080545229244,-2.739458197974351
1.8551425030978934,-1.8392807790898154
1.8552044609665428,1.6339192765007433
1.8552664188351922,2.122992728363521
1.8553283767038413,-0.43563135277494414
1.8553903345724907,-1.6379582597273956
1.85545229244114,-0.18222215060821745
1.8555142503097894,0.8143291055990111
1.8555762081784386,-0.1279717913897786
1.855638166047088,-0.6085674891203303
1.8557001239157374,0.41771094023238065
1.8557620817843865,0.32894153106789764
1.8558240396530359,-1.4779058305329866
1.8558859975216853,-1.141573378875245
1.8559479553903346,2.2022132363715468
1.8560099132589838,2.745838603778199
1.8560718711276332,-2.0214001328535063
1.8561338289962825,-4.534598979372641
1.856195786864932,0.8300568129434862
1.856257744733581,5.926173836112506
1.8563197026022304,1.080716111011255
1.8563816604708798,-6.863838058294796
1.8564436183395292,-4.191505473494329
1.8565055762081784,5.742753024747611
1.8565675340768277,6.498308994082521
1.856629491945477,-3.6886922437585894
1.8566914498141265,-8.021249865764394
1.8567534076827756,0.7596608455348407
1.856815365551425,8.140250137532147
1.8568773234200744,2.3460225022984655
1.8569392812887238,-6.626931735665073
1.857001239157373,-4.6922253692377955
1.8570631970260223,3.77744598501184
1.8571251548946717,5.211160478957828
1.857187112763321,-1.201271209057544
1.8572490706319702,-4.89116442229382
1.8573110285006196,-1.5229128496634359
1.857372986369269,2.924383096483232
1.857434944237918,2.9714552932499667
1.8574969021065675,-0.37801261780188844
1.8575588599752169,-3.0362251693733078
1.8576208178438662,-1.9559830622610639
1.8576827757125154,2.101304878804832
1.8577447335811648,3.8145128982084424
1.8578066914498141,-0.40238174390630177
1.8578686493184635,-5.09366403684135
1.8579306071871127,-2.243417141681058
1.857992565055762,4.743711820159402
1.8580545229244114,4.363392299915515
1.8581164807930608,-3.740160434869
1.85817843866171,-6.257509640398187
1.8582403965303593,1.8581410475794633
1.8583023543990087,7.518529950201495
1.858364312267658,0.8668316879243196
1.8584262701363072,-7.37686116962275
1.8584882280049566,-3.4043483794097895
1.858550185873606,6.204434818808053
1.8586121437422554,5.364663911417731
1.8586741016109045,-4.4422733322476855
1.858736059479554,-6.863679487089266
1.8587980173482033,1.8240134285445437
1.8588599752168526,7.029351017962485
1.8589219330855018,0.6209495495978516
1.8589838909541512,-6.167844807907644
1.8590458488228006,-2.2870253743642333
1.8591078066914497,5.149145677890953
1.859169764560099,3.776252510785064
1.8592317224287485,-3.458495262367536
1.8592936802973978,-4.296356308976668
1.859355638166047,1.9877305811627912
1.8594175960346964,4.281514784744794
1.8594795539033457,-0.965639789283016
1.8595415117719951,-4.250032446883382
1.8596034696406443,0.048050165080046225
1.8596654275092936,4.153639638290791
1.859727385377943,0.9197088593758741
1.8597893432465924,-3.618312290883199
1.8598513011152416,-1.2024597789281548
1.859913258983891,3.7757291114498974
1.8599752168525403,2.147323205782849
1.8600371747211897,-3.3388491836688736
1.8600991325898388,-2.726680082904108
1.8601610904584882,3.015611284524462
1.8602230483271376,3.3628168962764438
1.860285006195787,-2.6118905810446162
1.8603469640644361,-4.0140812481949775
1.8604089219330855,2.181005895415222
1.8604708798017349,5.005693173255157
1.8605328376703842,-0.9365428570576342
1.8605947955390334,-5.14752470105043
1.8606567534076828,0.25980203882374997
1.8607187112763321,5.917341598443565
1.8607806691449813,1.4789434045119154
1.8608426270136307,-5.627903247560472
1.86090458488228,-2.9162704044995125
1.8609665427509294,5.020453806732363
1.8610285006195786,4.371711289829434
1.861090458488228,-3.6918879663292006
1.8611524163568773,-5.144601448168304
1.8612143742255267,2.4220409031797954
1.8612763320941759,5.964691971850939
1.8613382899628252,-0.20196344337606043
1.8614002478314746,-5.150058538151914
1.861462205700124,-0.759023661123533
1.8615241635687731,4.836606680807017
1.8615861214374225,2.130727922661262
1.861648079306072,-3.688876213915438
1.8617100371747213,-2.6454065338696573
1.8617719950433704,2.869311000283929
1.8618339529120198,3.144050021270366
1.8618959107806692,-1.8373737548342581
1.8619578686493186,-3.0428803894541936
1.8620198265179677,1.583000321137312
1.862081784386617,3.855223974869464
1.8621437422552665,-0.19539627177258723
1.8622057001239158,-3.5049213872834812
1.862267657992565,-0.28696391034315305
1.8623296158612144,3.9193393951468094
1.8623915737298637,1.7087167897180633
1.862453531598513,-3.396276648866655
1.8625154894671623,-2.750421094261493
1.8625774473358117,2.711176727971586
1.862639405204461,3.901495084445794
1.8627013630731102,-1.1140543184027856
1.8627633209417596,-3.875173837776606
1.862825278810409,0.18807744451866693
1.8628872366790583,4.24439700991277
1.8629491945477075,1.7571236091400497
1.8630111524163568,-2.8708133505914315
1.8630731102850062,-2.258501620855878
1.8631350681536556,1.9012215987598957
1.8631970260223047,2.709861181998157
1.8632589838909541,-0.4222742881787298
1.8633209417596035,-2.145316127302554
1.8633828996282529,-0.49441227711646474
1.863444857496902,1.3861888782897291
1.8635068153655514,1.410354462657235
1.8635687732342008,0.4533801633369592
1.8636307311028502,-0.6508444828988856
1.8636926889714993,-1.2133887436943778
1.8637546468401487,0.19228155833735583
1.863816604708798,2.5308684906701724
1.8638785625774474,1.6617194029291396
1.8639405204460966,-2.541199083157898
1.864002478314746,-3.446605455799954
1.8640644361833953,1.8225315629811678
1.8641263940520445,5.253368117871656
1.8641883519206939,0.08307098550441905
1.8642503097893433,-6.057359956236279
1.8643122676579926,-2.1725050702898803
1.8643742255266418,6.535578513765675
1.8644361833952912,5.400237174979183
1.8644981412639405,-4.821663353386307
1.86456009913259,-7.439293057379365
1.864622057001239,2.5767191988046747
1.8646840148698884,8.94600945544589
1.8647459727385378,0.6714140592985163
1.8648079306071872,-8.96708855692674
1.8648698884758363,-4.022450595353847
1.8649318463444857,7.4625130996423055
1.864993804213135,6.767439991434551
1.8650557620817845,-4.515270489541763
1.8651177199504336,-7.737924563417041
1.865179677819083,1.69040618599647
1.8652416356877324,7.8202516740691745
1.8653035935563818,1.4096911434298103
1.865365551425031,-6.097368509545332
1.8654275092936803,-3.1985565850710564
1.8654894671623297,3.7083097333840835
1.865551425030979,3.4600818012945016
1.8656133828996282,-1.6839887015003223
1.8656753407682776,-2.791445279862483
1.865737298636927,0.2002975807074212
1.865799256505576,1.3431517705703344
1.8658612143742255,0.2911964288290194
1.8659231722428749,0.4029466979945433
1.8659851301115242,0.6189949316684544
1.8660470879801734,-1.2112169264619
1.8661090458488228,-1.9156739933972864
1.8661710037174721,1.1420892471782969
1.8662329615861215,3.0645536312269326
1.8662949194547707,-0.587055695279088
1.86635687732342,-4.302402073481302
1.8664188351920694,-1.1823725212093465
1.8664807930607188,4.173352054630547
1.866542750929368,2.6575858612927394
1.8666047087980173,-3.4433776921988466
1.8666666666666667,-3.9074211218154558
1.866728624535316,2.0486725416678353
1.8667905824039652,4.541588272243672
1.8668525402726146,-0.33203612207407907
1.866914498141264,-4.548337610731377
1.8669764560099134,-1.7835076990096694
1.8670384138785625,3.0440375662255503
1.8671003717472119,2.5873449724603343
1.8671623296158613,-1.848333576007769
1.8672242874845106,-3.5171466858281093
1.8672862453531598,-0.3926400828005562
1.8673482032218092,2.8678243248396136
1.8674101610904585,1.9145106641122414
1.8674721189591077,-1.7127698716110769
1.867534076827757,-2.967362322995201
1.8675960346964064,-0.18146537507502591
1.8676579925650558,2.5503823478081458
1.867719950433705,1.2166997816962841
1.8677819083023544,-2.133976722009069
1.8678438661710037,-2.60827947646053
1.867905824039653,0.0371180082398318
1.8679677819083023,1.692119763756554
1.8680297397769516,0.6773837313546001
1.868091697645601,-0.8071314571648236
1.8681536555142504,-1.309036464846599
1.8682156133828995,-1.1291481679036457
1.868277571251549,0.18326844770886858
1.8683395291201983,2.1318744423305196
1.8684014869888477,1.2869205303363398
1.8684634448574968,-2.9657463304730634
1.8685254027261462,-4.285607118902611
1.8685873605947956,1.1180644763427794
1.868649318463445,5.43176463996884
1.868711276332094,0.41261301056728583
1.8687732342007435,-6.910918056389947
1.8688351920693929,-3.7988661535702635
1.8688971499380422,5.8761071638949645
1.8689591078066914,6.082009859863776
1.8690210656753408,-4.326745554072973
1.8690830235439901,-8.282047446004288
1.8691449814126393,1.0816737063467934
1.8692069392812887,8.246389005978351
1.869268897149938,1.1780067214621455
1.8693308550185874,-8.395367530516161
1.8693928128872366,-4.741267459645773
1.869454770755886,5.810936629430561
1.8695167286245353,5.979235869013754
1.8695786864931847,-3.9691171065394766
1.8696406443618339,-7.57020724027881
1.8697026022304832,0.638415519722785
1.8697645600991326,7.1284815492374705
1.869826517967782,1.7824603703793813
1.8698884758364311,-6.53782905842271
1.8699504337050805,-4.828981510496456
1.87001239157373,3.7487628966133197
1.8700743494423793,5.539615937992956
1.8701363073110284,-2.0404295977873543
1.8701982651796778,-6.859149753834315
1.8702602230483272,-1.4336134991686016
1.8703221809169766,5.426156387444685
1.8703841387856257,2.9668528273755133
1.870446096654275,-4.355521270775876
1.8705080545229245,-4.6077330813122135
1.8705700123915738,2.0345521148385886
1.870631970260223,4.301550509177639
1.8706939281288724,-0.9967692994363848
1.8707558859975217,-4.449624322858587
1.870817843866171,-0.834233698331887
1.8708798017348203,2.716633685614852
1.8709417596034696,0.2980178351285493
1.871003717472119,-2.8580966660278113
1.8710656753407682,-0.9701698432245536
1.8711276332094176,1.9515325021667413
1.871189591078067,0.3997839090609412
1.8712515489467163,-2.3798791074648893
1.8713135068153655,-0.9815131939275824
1.8713754646840148,1.9956808265421055
1.8714374225526642,0.976853262197294
1.8714993804213136,-2.391046153689158
1.8715613382899627,-2.35536381346369
1.8716232961586121,0.9231929876829442
1.8716852540272615,2.0163970508374485
1.8717472118959109,-0.6784693403607717
1.87180916976456,-2.8010332241422353
1.8718711276332094,-1.0749690747814526
1.8719330855018588,1.9699847099574819
1.8719950433705081,1.8196347732615394
1.8720570012391573,-1.478947592834993
1.8721189591078067,-2.978154525743126
1.872180916976456,0.014651847152741482
1.8722428748451054,2.992665825880059
1.8723048327137546,0.6152803505162465
1.872366790582404,-3.8299638286852455
1.8724287484510533,-2.6375975173823925
1.8724907063197025,2.8944260455665134
1.8725526641883519,3.299706543820026
1.8726146220570012,-2.6981689684431593
1.8726765799256506,-4.737329729620856
1.8727385377942998,1.3101122355698742
1.8728004956629491,5.187692934415948
1.8728624535315985,-0.04636033224439107
1.872924411400248,-5.398246206535485
1.872986369268897,-1.7261243480192368
1.8730483271375464,4.209001667051447
1.8731102850061958,2.245839665678421
1.8731722428748452,-3.4634047439502194
1.8732342007434943,-3.1112617994485436
1.8732961586121437,1.4832326474080857
1.873358116480793,2.167509134908073
1.8734200743494425,-0.5816432961025306
1.8734820322180916,-1.0629512698450674
1.873543990086741,0.1019322655708228
1.8736059479553904,-0.4436468290431965
1.8736679058240397,-0.5808041937896291
1.873729863692689,1.541435003720568
1.8737918215613383,1.4525347609140298
1.8738537794299877,-2.4778936521256334
1.873915737298637,-3.272822340575492
1.8739776951672862,1.8836295658673512
1.8740396530359356,4.198398891616421
1.874101610904585,-1.2850148216408233
1.874163568773234,-5.134228583138374
1.8742255266418835,0.0370052133526495
1.8742874845105328,5.399618874733553
1.8743494423791822,1.417491944984102
1.8744114002478314,-4.806553172806698
1.8744733581164807,-2.4354985373791784
1.8745353159851301,3.8163962221135015
1.8745972738537795,2.940483461746025
1.8746592317224287,-2.8125191148962116
1.874721189591078,-3.3034530210931665
1.8747831474597274,1.3530957982733414
1.8748451053283768,2.774699630055934
1.874907063197026,-0.32895820657224584
1.8749690210656753,-1.84308395707205
1.8750309789343247,-0.04180524998702606
1.875092936802974,1.175430245375441
1.8751548946716232,0.4633364865744596
1.8752168525402726,-0.0687963005948995
1.875278810408922,-0.007302416879418239
1.8753407682775713,-0.3711877227131417
1.8754027261462205,-0.5084220324783183
1.8754646840148699,0.300422001758589
1.8755266418835193,0.77495917899067
1.8755885997521686,0.07268449260126353
1.8756505576208178,-0.5922006293816986
1.8757125154894672,-0.3199995929072661
1.8757744733581165,0.3803874047877057
1.875836431226766,1.0306371103465073
1.875898389095415,1.0348122279906384
1.8759603469640644,-0.3980796276508754
1.8760223048327138,-1.7449867590625692
1.876084262701363,-0.14858793859606756
1.8761462205700123,2.6644195574635354
1.8762081784386617,1.4065244246036963
1.876270136307311,-2.9127081076423265
1.8763320941759603,-2.6510392473924655
1.8763940520446096,2.8572097459719443
1.876456009913259,4.198745541961612
1.8765179677819084,-1.671105503593314
1.8765799256505575,-4.533081213617754
1.876641883519207,1.229253708593061
1.8767038413878563,5.545251220274432
1.8767657992565057,0.37957080937207
1.8768277571251548,-5.213824391027443
1.8768897149938042,-1.2184927848326634
1.8769516728624536,5.055857821726747
1.877013630731103,2.3400978927657867
1.877075588599752,-4.196121395204232
1.8771375464684015,-2.8111588737421505
1.8771995043370509,3.626948354285552
1.8772614622057002,3.7179855071684687
1.8773234200743494,-1.8995849026691836
1.8773853779429988,-3.027056683479244
1.8774473358116481,1.4500090525363603
1.8775092936802975,3.142814158470779
1.8775712515489467,-0.10805837618044334
1.877633209417596,-1.9924148387457228
1.8776951672862454,-0.0786888424367177
1.8777571251548946,1.3397794997818648
1.877819083023544,0.32108044459661944
1.8778810408921933,-0.3505411695046527
1.8779429987608427,0.3756322783714596
1.8780049566294919,0.5327696882129037
1.8780669144981412,-0.1070480427323251
1.8781288723667906,0.13198750741402443
1.87819083023544,0.9815926699137381
1.8782527881040891,0.7546526203124491
1.8783147459727385,-0.29072146953118216
1.8783767038413879,-0.5323241985637728
1.8784386617100373,0.19665550720054237
1.8785006195786864,0.7525771445942061
1.8785625774473358,0.5358254989225626
1.8786245353159852,-0.13767493521013985
1.8786864931846345,-0.49354382289144394
1.8787484510532837,0.11801557207192129
1.878810408921933,1.1219015319218033
1.8788723667905824,1.0318695256881856
1.8789343246592318,-0.13859333079635988
1.878996282527881,-0.5576285236044409
1.8790582403965304,0.3105793502470815
1.8791201982651797,0.8176448298401582
1.879182156133829,0.2947965285737902
1.8792441140024783,-0.043676727847289404
1.8793060718711276,0.02488662267301362
1.879368029739777,-0.3400749188216424
1.8794299876084262,-0.2704004233135155
1.8794919454770755,1.2141756480911265
1.879553903345725,1.7642332835765098
1.8796158612143743,-0.5970006360121164
1.8796778190830234,-2.200271508382955
1.8797397769516728,0.7098909727790741
1.8798017348203222,3.7286489931719187
1.8798636926889716,0.7727210343605373
1.8799256505576207,-3.9473070316512002
1.87998760842627,-1.882146140882877
1.8800495662949195,4.083528283372272
1.8801115241635689,3.4234391903710693
1.880173482032218,-3.2024918357449805
1.8802354399008674,-4.198294491225093
1.8802973977695168,2.509318771152225
1.8803593556381661,5.380028592879607
1.8804213135068153,-0.47506201553966587
1.8804832713754647,-4.8187364622508
1.880545229244114,-0.4605920146217577
1.8806071871127634,4.661785861522413
1.8806691449814126,1.9911600467713408
1.880731102850062,-3.395204447221905
1.8807930607187113,-2.6748718293538585
1.8808550185873607,2.0916562054829617
1.8809169764560099,3.028919874180038
1.8809789343246592,-0.41437223379517185
1.8810408921933086,-2.3165086871492244
1.8811028500619578,-0.38175216368847
1.8811648079306071,1.9621837712597674
1.8812267657992565,1.6960261963895662
1.881288723667906,-0.36319140038505426
1.881350681536555,-1.5535884837187
1.8814126394052044,-0.4912481519035099
1.8814745972738538,1.3782323632777649
1.8815365551425032,1.3298753878296643
1.8815985130111523,-0.7231395559675586
1.8816604708798017,-1.6189449883559335
1.881722428748451,0.12223925651888834
1.8817843866171005,1.66506213566149
1.8818463444857496,0.6665100928126041
1.881908302354399,-0.787576064087875
1.8819702602230484,-0.2713216843099323
1.8820322180916977,0.7118367802055839
1.882094175960347,0.20782695729687373
1.8821561338289963,-0.32881766374552934
1.8822180916976456,0.46460943263651994
1.882280049566295,0.5872599823721676
1.8823420074349442,-1.032143137833216
1.8824039653035936,-1.3747615245265932
1.882465923172243,1.0919149505754056
1.8825278810408923,2.372301671842005
1.8825898389095415,-0.3729499971723489
1.8826517967781908,-2.8203343706591957
1.8827137546468402,-0.3286262177559873
1.8827757125154894,3.4192532928638917
1.8828376703841387,1.9362350358073186
1.8828996282527881,-2.859963179695662
1.8829615861214375,-3.198281549924756
1.8830235439900866,1.7175339109548742
1.883085501858736,3.9711804436844815
1.8831474597273854,-0.31945583800362676
1.8832094175960348,-4.401868546028966
1.883271375464684,-1.4883572023689795
1.8833333333333333,4.1150647680893435
1.8833952912019827,3.430717760656644
1.883457249070632,-2.767574710357821
1.8835192069392812,-4.578793825342449
1.8835811648079306,1.3063671687468297
1.88364312267658,5.567603458420123
1.8837050805452293,0.8173169748626623
1.8837670384138785,-5.770525712745615
1.8838289962825279,-3.296394579457731
1.8838909541511772,4.7347349643021985
1.8839529120198266,5.2003403571064
1.8840148698884758,-3.1235567028790565
1.8840768277571251,-6.691276887846458
1.8841387856257745,0.8135858879490026
1.884200743494424,7.437279276180117
1.884262701363073,2.1707179891152033
1.8843246592317224,-6.64108535104572
1.8843866171003718,-4.630883419877448
1.884448574969021,4.9559030430946684
1.8845105328376703,6.418968610775506
1.8845724907063197,-2.6938588079949057
1.884634448574969,-7.576120698957611
1.8846964064436182,-0.35625993859318816
1.8847583643122676,7.190759318860316
1.884820322180917,2.955607812663997
1.8848822800495664,-5.925168396924818
1.8849442379182155,-4.931278670664517
1.885006195786865,4.196652823284875
1.8850681536555143,6.488785481268836
1.8851301115241637,-1.749332490288879
1.8851920693928128,-6.9957892736224565
1.8852540272614622,-0.756175298436462
1.8853159851301116,6.504841686669913
1.885377942998761,2.71063264659262
1.88543990086741,-5.770630482840026
1.8855018587360595,-4.72450986625844
1.8855638166047088,4.116372619059629
1.8856257744733582,5.957769270544982
1.8856877323420074,-2.1221473243164493
1.8857496902106567,-6.298651403690833
1.8858116480793061,0.4076123485038273
1.8858736059479555,6.31845292330667
1.8859355638166047,1.3361692264074407
1.885997521685254,-5.742519496337701
1.8860594795539034,-2.778847839107268
1.8861214374225526,4.616595397938902
1.886183395291202,3.3529589287774337
1.8862453531598513,-3.951290915871211
1.8863073110285007,-4.002803177850537
1.8863692688971498,3.195412270511876
1.8864312267657992,4.527723822907536
1.8864931846344486,-2.35570128906196
1.886555142503098,-4.762725727434285
1.8866171003717471,1.8489965777251633
1.8866790582403965,5.382384323534069
1.8867410161090459,-0.9248080941179997
1.8868029739776953,-5.894493305983172
1.8868649318463444,-0.46554047364907314
1.8869268897149938,5.734260918863736
1.8869888475836432,1.5905715595024623
1.8870508054522925,-5.459638978212061
1.8871127633209417,-2.8206195966926657
1.887174721189591,4.713341808266842
1.8872366790582404,3.8667699019719284
1.8872986369268898,-3.3601354974161013
1.887360594795539,-3.9625228128218852
1.8874225526641883,2.489592936137163
1.8874845105328377,3.9519591667696115
1.887546468401487,-1.764993457891233
1.8876084262701363,-3.808448018995348
1.8876703841387856,1.1599129543308582
1.887732342007435,3.4078726784752305
1.8877942998760842,-1.0983251979189688
1.8878562577447335,-3.429790040181264
1.887918215613383,1.0400438598386184
1.8879801734820323,3.882331879227193
1.8880421313506814,-0.383782412978406
1.8881040892193308,-3.886788390126423
1.8881660470879802,-0.03616421110461043
1.8882280049566296,4.185702002750173
1.8882899628252787,0.9810468571529949
1.888351920693928,-4.068095743493206
1.8884138785625775,-2.1073004141795515
1.8884758364312269,3.3046534491306336
1.888537794299876,2.850682649369716
1.8885997521685254,-2.3060282771625995
1.8886617100371748,-3.23885355034081
1.8887236679058241,1.2658842910803179
1.8887856257744733,3.5551033650938604
1.8888475836431227,0.39865008491760434
1.888909541511772,-2.690961705208333
1.8889714993804214,-1.3062438620320576
1.8890334572490706,1.7165405820094914
1.88909541511772,1.966294012741204
1.8891573729863693,-0.37524849880500244
1.8892193308550187,-2.076499259143762
1.8892812887236679,-1.1854213802561162
1.8893432465923172,1.3094531793425217
1.8894052044609666,2.420232627244364
1.8894671623296158,0.29661954910462585
1.8895291201982651,-2.539352460398155
1.8895910780669145,-1.5987128928086503
1.8896530359355639,2.457712321670847
1.889714993804213,3.3729406582656685
1.8897769516728624,-1.0620325825114008
1.8898389095415118,-4.22020049206756
1.8899008674101612,-0.6854792762380877
1.8899628252788103,4.178671518749524
1.8900247831474597,2.318210825757838
1.890086741016109,-3.428771131352758
1.8901486988847584,-3.537552554282594
1.8902106567534076,2.3015002509031866
1.890272614622057,4.479429985768972
1.8903345724907064,-0.42217458066762714
1.8903965303593557,-4.046702230455282
1.8904584882280049,-0.5955893591599417
1.8905204460966543,3.670749371597939
1.8905824039653036,1.6188389461486297
1.890644361833953,-2.8317657720198506
1.8907063197026022,-2.1807771868694403
1.8907682775712515,1.8529908107086468
1.890830235439901,2.227122982340293
1.8908921933085503,-1.0533911018760136
1.8909541511771994,-1.8987481693388517
1.8910161090458488,0.7755523561203116
1.8910780669144982,1.9467770247351135
1.8911400247831474,-0.07376001426058121
1.8912019826517967,-1.298439820183363
1.891263940520446,0.1570872411027282
1.8913258983890955,1.151252410699851
1.8913878562577446,-0.13630234107142503
1.891449814126394,-1.1080729400377625
1.8915117719950434,0.011536403763220182
1.8915737298636928,1.0185541089067545
1.891635687732342,0.07955033333124062
1.8916976456009913,-0.9825421038997759
1.8917596034696407,-0.15553578232767373
1.89182156133829,1.249781708182328
1.8918835192069392,0.9446521490060567
1.8919454770755886,-0.6502665671007182
1.892007434944238,-1.1958910017664337
1.8920693928128873,0.11842446213099933
1.8921313506815365,1.4486170107487515
1.8921933085501859,0.6995136386077265
1.8922552664188352,-1.435212104928973
1.8923172242874846,-1.835018274729622
1.8923791821561338,0.6398483459813549
1.8924411400247831,2.568476602015494
1.8925030978934325,0.6143015277176815
1.892565055762082,-2.5423151957917263
1.892627013630731,-1.6076893374368249
1.8926889714993804,2.3869547170471934
1.8927509293680298,2.8711657747519634
1.892812887236679,-1.3758354751163253
1.8928748451053283,-3.5044168539472715
1.8929368029739777,0.07732188585798583
1.892998760842627,3.329011345914892
1.8930607187112762,0.7771731516148606
1.8931226765799256,-3.0807737680324303
1.893184634448575,-1.6609998576746674
1.8932465923172244,2.397343281620789
1.8933085501858735,2.208937876197347
1.893370508054523,-1.4258571290023974
1.8934324659231723,-2.0894431419139856
1.8934944237918216,0.8665683383527836
1.8935563816604708,1.9685486944084056
1.8936183395291202,-0.3703484631606965
1.8936802973977696,-1.8193430533126724
1.893742255266419,-0.3085767866358884
1.893804213135068,1.0643082103837778
1.8938661710037175,0.24331190510232759
1.8939281288723668,-0.7814301497697702
1.8939900867410162,-0.3636120190562086
1.8940520446096654,0.34217709374349314
1.8941140024783147,0.31321316214354145
1.8941759603469641,0.12676905207186118
1.8942379182156135,0.02380727699522045
1.8942998760842626,-0.3283446707543298
1.894361833952912,-0.40237361190186016
1.8944237918215614,0.16935433334314964
1.8944857496902106,0.25555460506211736
1.89454770755886,-0.6146799355547008
1.8946096654275093,-0.768615250794598
1.8946716232961587,0.40795878176676137
1.8947335811648078,0.6976517116928556
1.8947955390334572,-0.7102391339161374
1.8948574969021066,-0.9940450595538524
1.894919454770756,0.9458519843242348
1.8949814126394051,1.5108546832520977
1.8950433705080545,-1.0446385549988266
1.8951053283767039,-2.351931808003202
1.8951672862453532,0.47540411434621666
1.8952292441140024,2.6329637565747745
1.8952912019826518,-0.2806763091160778
1.8953531598513012,-3.570910204048295
1.8954151177199505,-1.1138256901647128
1.8954770755885997,3.282955912232191
1.895539033457249,1.9528366457921178
1.8956009913258984,-2.971286317571338
1.8956629491945478,-2.9218667350251897
1.895724907063197,2.0881999407773173
1.8957868649318463,3.3952016291329206
1.8958488228004957,-1.2344344804664928
1.895910780669145,-3.9026865940093467
1.8959727385377942,-0.3331157660275192
1.8960346964064436,3.158333683933364
1.896096654275093,0.8248427618271548
1.8961586121437422,-3.124426358907247
1.8962205700123915,-2.1619386368836966
1.896282527881041,1.9247474991524167
1.8963444857496903,2.601875984125887
1.8964064436183394,-0.9064577342005804
1.8964684014869888,-3.008127524540507
1.8965303593556382,-0.6097606134513137
1.8965923172242876,2.5392548392210466
1.8966542750929367,1.631177968021724
1.896716232961586,-2.169331449440908
1.8967781908302355,-3.288137760902822
1.8968401486988848,0.1567188546901308
1.896902106567534,3.1597673582263033
1.8969640644361834,0.9918680256612521
1.8970260223048327,-3.228506881496334
1.8970879801734821,-2.8150796354348566
1.8971499380421313,1.8936516448888538
1.8972118959107807,3.5822083562023064
1.89727385377943,-0.4832411264919468
1.8973358116480794,-3.9143357787980113
1.8973977695167286,-1.4575486842586078
1.897459727385378,2.6841482695703562
1.8975216852540273,1.981904650315924
1.8975836431226767,-2.048724477791449
1.8976456009913258,-2.9978868431312704
1.8977075588599752,0.09467616545737911
1.8977695167286246,2.1581638488432753
1.8978314745972737,0.5923803821540784
1.8978934324659231,-1.5812670014839059
1.8979553903345725,-1.3041419560820602
1.8980173482032219,0.41576826599433736
1.898079306071871,1.0396984547404124
1.8981412639405204,0.05910552208406816
1.8982032218091698,-1.1116605646516926
1.8982651796778192,-1.1403641087149885
1.8983271375464683,-0.0761625202841068
1.8983890954151177,0.6827635316376032
1.898451053283767,0.003393948175475975
1.8985130111524164,-1.1736012086393803
1.8985749690210656,-0.8818762217521869
1.898636926889715,0.6852376019625925
1.8986988847583643,1.0647304499116486
1.8987608426270137,-0.5259207283998302
1.8988228004956629,-1.5713800926800308
1.8988847583643123,-0.26345500640772235
1.8989467162329616,1.2835154715240245
1.899008674101611,0.35021051609785636
1.8990706319702602,-1.7562999862774489
1.8991325898389095,-1.627306359601135
1.899194547707559,0.6749982591648199
1.8992565055762083,1.5706685612256017
1.8993184634448574,-0.3350590097315239
1.8993804213135068,-1.9993124347258187
1.8994423791821562,-0.7553100753020712
1.8995043370508053,1.516115752568291
1.8995662949194547,1.3564908708412038
1.899628252788104,-0.9908543541083458
1.8996902106567535,-2.088445904190594
1.8997521685254026,-0.46847232433038477
1.899814126394052,1.4017026485426487
1.8998760842627014,0.8387778868434566
1.8999380421313508,-1.3260461434570257
1.9,-2.0060791740203765
1.9000619578686493,-0.10215230631271839
1.9001239157372987,1.8722669482974927
1.900185873605948,1.04661792387511
1.9002478314745972,-1.5965753439507626
1.9003097893432466,-2.103797479488676
1.900371747211896,0.6311819993955832
1.9004337050805453,2.4680752290932304
1.9004956629491945,0.07438616158608413
1.9005576208178439,-3.114264336502986
1.9006195786864932,-1.726583476724032
1.9006815365551426,2.3541926233878594
1.9007434944237918,2.294311460171648
1.9008054522924411,-2.1365226959502
1.9008674101610905,-3.4017307427033465
1.9009293680297399,1.1007775086514449
1.900991325898389,3.925432772420659
1.9010532837670384,0.02849903774881901
1.9011152416356878,-4.162982229129066
1.901177199504337,-1.4647064741696938
1.9012391573729863,3.5962636798960292
1.9013011152416357,2.3815251239605133
1.901363073110285,-3.1324575617974704
1.9014250309789342,-3.8112994608491038
1.9014869888475836,1.3058751113723033
1.901548946716233,3.8768419355943835
1.9016109045848824,0.18546602392884848
1.9016728624535315,-3.560259976353493
1.9017348203221809,-1.774593619240568
1.9017967781908303,2.4181540167385966
1.9018587360594796,2.9068267433844803
1.9019206939281288,-0.6552731844028882
1.9019826517967782,-3.258527695441165
1.9020446096654275,-1.4976952357685054
1.902106567534077,2.2237430981239994
1.902168525402726,2.695499267391754
1.9022304832713754,-1.0964280977450351
1.9022924411400248,-3.7600206300396324
1.9023543990086742,-0.8667914719558945
1.9024163568773234,3.6068061479158553
1.9024783147459727,2.6058824710269968
1.902540272614622,-2.5210728120209573
1.9026022304832715,-3.5411360631732975
1.9026641883519206,1.2048049354779962
1.90272614622057,3.859259253160736
1.9027881040892194,0.1747816420524626
1.9028500619578685,-3.606307308549817
1.902912019826518,-1.606819164134663
1.9029739776951673,2.317812615831059
1.9030359355638167,2.0094789140788363
1.9030978934324658,-1.1070147462953184
1.9031598513011152,-1.906003089372875
1.9032218091697646,-0.009365676299440961
1.903283767038414,1.409029259687101
1.903345724907063,1.1735948411446122
1.9034076827757125,0.029218473325588912
1.9034696406443619,-1.3449067136065842
1.9035315985130112,-1.445917915729223
1.9035935563816604,0.8084802498808397
1.9036555142503098,2.56866982378111
1.9037174721189591,0.20189824875464635
1.9037794299876085,-3.410735619629681
1.9038413878562577,-1.9120237668494662
1.903903345724907,3.3062731666413114
1.9039653035935564,3.7996714780771743
1.9040272614622058,-1.8531257976795996
1.904089219330855,-4.607354232580214
1.9041511771995043,0.28647787519525447
1.9042131350681537,5.007452201600232
1.904275092936803,1.9393658882946567
1.9043370508054522,-3.9708298964802378
1.9043990086741016,-3.6123354712384113
1.904460966542751,1.9473388037224568
1.9045229244114001,4.150081272927525
1.9045848822800495,0.3489660847604448
1.904646840148699,-3.4210677732945056
1.9047087980173483,-2.067372169166357
1.9047707558859974,2.1397214158188462
1.9048327137546468,3.5492169109783434
1.9048946716232962,0.40141159246277874
1.9049566294919456,-3.142828130372265
1.9050185873605947,-2.1551773531423724
1.905080545229244,2.2245137278085845
1.9051425030978935,3.557967894020297
1.9052044609665428,-0.5867260588426272
1.905266418835192,-4.0472074268259055
1.9053283767038414,-1.1378727493416032
1.9053903345724907,3.80160933309961
1.9054522924411401,2.874846497113557
1.9055142503097893,-2.3754341117935245
1.9055762081784386,-3.3193365330513696
1.905638166047088,1.460127472657953
1.9057001239157374,3.990964645349331
1.9057620817843866,0.3273940204984891
1.905824039653036,-3.3447089100526854
1.9058859975216853,-1.4301464940304904
1.9059479553903347,2.4234990059906916
1.9060099132589838,2.2274242843788814
1.9060718711276332,-1.0220632691723461
1.9061338289962826,-2.196278181177507
1.9061957868649317,-0.09517504232426188
1.9062577447335811,2.037202331996016
1.9063197026022305,1.706502629717214
1.9063816604708799,-0.38485137649592427
1.906443618339529,-1.7473838596171754
1.9065055762081784,-0.5861806787796582
1.9065675340768278,1.8665525219459933
1.9066294919454772,2.0240295653132776
1.9066914498141263,-0.9477062000341128
1.9067534076827757,-2.7099903865105586
1.906815365551425,-0.08350586588472186
1.9068773234200744,2.9989597718660876
1.9069392812887236,1.3903481627476943
1.907001239157373,-2.221413807488234
1.9070631970260223,-1.5360279394821297
1.9071251548946717,2.2100163137025266
1.9071871127633209,2.2800553335439746
1.9072490706319702,-1.3315525152042007
1.9073110285006196,-1.8676930450715368
1.907372986369269,1.5151722984694174
1.9074349442379182,2.0499514485083736
1.9074969021065675,-1.6181379174828558
1.907558859975217,-2.320369432372876
1.9076208178438663,1.9687318978394437
1.9076827757125154,3.347511713221044
1.9077447335811648,-1.4546067592622853
1.9078066914498142,-3.8595811218257094
1.9078686493184633,1.3324557624534834
1.9079306071871127,5.338991450880872
1.907992565055762,0.4115130669781617
1.9080545229244115,-5.432752664288127
1.9081164807930606,-1.719768432921422
1.90817843866171,5.513830434554219
1.9082403965303594,3.5323200700931774
1.9083023543990087,-4.6359681036934255
1.908364312267658,-4.890592641922846
1.9084262701363073,3.48632449029326
1.9084882280049567,6.2934006494173325
1.908550185873606,-1.2079654651894844
1.9086121437422552,-6.192799162704973
1.9086741016109046,-0.2681999272279294
1.908736059479554,6.439888007171959
1.9087980173482033,2.7249510007077613
1.9088599752168525,-5.059796321408468
1.9089219330855018,-4.173469386149562
1.9089838909541512,3.4721187480554776
1.9090458488228006,5.279344027959246
1.9091078066914497,-1.2190837781693493
1.9091697645600991,-5.230893290609147
1.9092317224287485,-0.6575253909615151
1.9092936802973979,4.879590055886819
1.909355638166047,2.959300834963527
1.9094175960346964,-2.8273384464029583
1.9094795539033458,-3.483554474637769
1.909541511771995,1.4430648741297731
1.9096034696406443,4.050603610370661
1.9096654275092937,0.579303525746574
1.909727385377943,-3.371005770651
1.9097893432465922,-1.8798352496130493
1.9098513011152416,2.432543251739508
1.909913258983891,2.856140862255042
1.9099752168525403,-0.9806652886779474
1.9100371747211895,-2.7927941793558553
1.9100991325898389,0.2910025275258632
1.9101610904584883,3.2173331928036157
1.9102230483271376,1.2510058294939088
1.9102850061957868,-2.3340059216147773
1.9103469640644362,-1.6982682046492648
1.9104089219330855,1.9315546366210574
1.910470879801735,2.4277589123041343
1.910532837670384,-0.9862906186659895
1.9105947955390334,-2.620994130895379
1.9106567534076828,0.08178730097179687
1.9107187112763322,2.6046378113007793
1.9107806691449813,1.1599080374512305
1.9108426270136307,-1.4872570416000026
1.91090458488228,-1.2552601226359603
1.9109665427509295,0.9376834503258857
1.9110285006195786,1.720209473792675
1.911090458488228,0.558229793527381
1.9111524163568774,-0.7683763994797859
1.9112143742255265,-1.1748971509470207
1.911276332094176,-0.3749450575322135
1.9113382899628253,1.2897221417713798
1.9114002478314747,1.7723581814209193
1.9114622057001238,-0.46484861221340434
1.9115241635687732,-2.5681705497618883
1.9115861214374226,-0.49746130977302144
1.911648079306072,3.380718512792919
1.911710037174721,2.5488381917905123
1.9117719950433705,-2.4833186925546
1.9118339529120199,-3.5435773983923893
1.9118959107806692,1.6290207360970987
1.9119578686493184,4.525658158383119
1.9120198265179678,-0.06612150871452721
1.9120817843866171,-4.636090137423318
1.9121437422552665,-1.4533943205326958
1.9122057001239157,4.111940912314058
1.912267657992565,2.820740844085493
1.9123296158612144,-2.7176529733282693
1.9123915737298638,-3.069468874507402
1.912453531598513,1.8233167914410695
1.9125154894671623,3.489326486502022
1.9125774473358117,-0.19978799979957762
1.912639405204461,-2.59217777960248
1.9127013630731102,-0.49706784875509213
1.9127633209417596,1.6062915403333138
1.912825278810409,0.6953210839474888
1.9128872366790581,-0.5441937812073893
1.9129491945477075,-0.22254303902087758
1.9130111524163569,-0.135881900089172
1.9130731102850063,-0.577822804170451
1.9131350681536554,0.5580851342949684
1.9131970260223048,2.1698733558980074
1.9132589838909542,0.6108648097649025
1.9133209417596035,-2.675662803914769
1.9133828996282527,-1.8501390166560707
1.913444857496902,2.8741170623546544
1.9135068153655515,3.7279747714416844
1.9135687732342008,-1.8614739154734943
1.91363073110285,-5.365040981929445
1.9136926889714994,-0.3079517612804177
1.9137546468401487,6.023417958139635
1.913816604708798,3.179052294236345
1.9138785625774473,-5.062436434655031
1.9139405204460966,-5.494157578981659
1.914002478314746,3.3445010475033783
1.9140644361833954,7.662911647111375
1.9141263940520445,0.008405427541548514
1.914188351920694,-7.959936331132354
1.9142503097893433,-3.389599806065019
1.9143122676579927,6.761314841460953
1.9143742255266418,6.2019297006792495
1.9144361833952912,-4.4034436081493205
1.9144981412639406,-8.044930568514765
1.9145600991325897,1.2193618987561154
1.914622057001239,8.522810017848581
1.9146840148698885,2.331822522536469
1.9147459727385379,-7.032374147773822
1.914807930607187,-4.632599127064038
1.9148698884758364,5.013601912174931
1.9149318463444858,6.2341436923674465
1.9149938042131351,-2.2266223759182857
1.9150557620817843,-6.458774106608569
1.9151177199504337,-0.5527867074974376
1.915179677819083,5.251754274658132
1.9152416356877324,2.3729673702543694
1.9153035935563816,-3.462097313378691
1.915365551425031,-3.2245514400133173
1.9154275092936803,1.6029787727036213
1.9154894671623297,3.415933426304448
1.9155514250309789,0.48496160074365785
1.9156133828996282,-2.305542175610894
1.9156753407682776,-1.5732948177064277
1.915737298636927,0.9806228896495526
1.9157992565055761,1.9548921980381206
1.9158612143742255,0.23064500496676077
1.915923172242875,-1.9974675350812645
1.9159851301115243,-1.583345187276207
1.9160470879801734,1.2559070359919788
1.9161090458488228,2.366573465542374
1.9161710037174722,-0.2753134130788337
1.9162329615861213,-2.5270465248448755
1.9162949194547707,-0.3638510546604705
1.91635687732342,2.768909205233297
1.9164188351920695,1.242282795736201
1.9164807930607186,-2.618484179012275
1.916542750929368,-1.9955916957299284
1.9166047087980174,2.1621181733363453
1.9166666666666667,2.2760078572010927
1.916728624535316,-2.133344952012686
1.9167905824039653,-2.9848926757535494
1.9168525402726146,1.7116280318927926
1.916914498141264,3.577250859434128
1.9169764560099132,-1.0826442247002954
1.9170384138785626,-3.9434383455862894
1.917100371747212,0.5207717911530487
1.9171623296158613,4.4691244593593265
1.9172242874845105,0.46192764600586544
1.9172862453531598,-4.740037415813473
1.9173482032218092,-1.8852259842859875
1.9174101610904586,4.110894928060238
1.9174721189591077,2.7401406792953917
1.9175340768277571,-3.5055636433227524
1.9175960346964065,-3.751512417814172
1.9176579925650559,2.1581840384812567
1.917719950433705,4.0707776528372
1.9177819083023544,-0.5641364257953458
1.9178438661710038,-3.4506234629695585
1.917905824039653,-0.5848368845791578
1.9179677819083023,2.2702673432136606
1.9180297397769517,1.0240043559720737
1.918091697645601,-1.0298693297104056
1.9181536555142502,-1.066743053545821
1.9182156133828996,-0.6773871069402453
1.918277571251549,-0.38142767608507333
1.9183395291201983,1.1450126800234062
1.9184014869888475,1.8724765192166013
1.9184634448574969,-0.9123791666637958
1.9185254027261462,-3.3785958195119496
1.9185873605947956,-0.19318215919954396
1.9186493184634448,4.425906572558576
1.9187112763320942,2.0042001181011297
1.9187732342007435,-4.620948754035272
1.918835192069393,-4.250055962860983
1.918897149938042,3.2902551232986554
1.9189591078066914,5.427218165525995
1.9190210656753408,-1.9038565699997483
1.9190830235439902,-6.517003518263598
1.9191449814126393,-0.4415855573595553
1.9192069392812887,6.260292412042109
1.919268897149938,2.497519392728173
1.9193308550185875,-5.172441409452678
1.9193928128872366,-4.012170147203603
1.919454770755886,3.5168302068187343
1.9195167286245354,4.681949937301353
1.9195786864931845,-1.9554749343467401
1.919640644361834,-5.092406586387691
1.9197026022304833,-0.14690331115682076
1.9197645600991327,4.058296333773395
1.9198265179677818,1.0131036104195477
1.9198884758364312,-3.3332563408778544
1.9199504337050806,-1.8213648008562657
1.92001239157373,2.2192309375367314
1.920074349442379,1.9428638015824435
1.9201363073110285,-1.3427322547486138
1.9201982651796778,-1.713835830475426
1.9202602230483272,0.7210240203948972
1.9203221809169764,1.073802914743563
1.9203841387856257,-0.9880725737441511
1.9204460966542751,-1.2669759266921592
1.9205080545229245,0.6584028043098749
1.9205700123915737,0.8645697613584065
1.920631970260223,-1.123267356861784
1.9206939281288724,-1.3244253708286906
1.9207558859975218,0.9853255748663546
1.920817843866171,1.629591343916721
1.9208798017348203,-0.7041107181508848
1.9209417596034697,-1.8675095429725874
1.921003717472119,0.15995894072654515
1.9210656753407682,1.5952447055836023
1.9211276332094176,-0.1315378305280559
1.921189591078067,-1.7981689063672226
1.9212515489467161,-0.5352135234892943
1.9213135068153655,1.0619567518439161
1.9213754646840149,0.1374828197117699
1.9214374225526643,-1.1661078113276133
1.9214993804213134,-0.15812528774462442
1.9215613382899628,1.1748965659503705
1.9216232961586122,0.13364322947122131
1.9216852540272615,-1.3887986580255403
1.9217472118959107,-0.4570740151957675
1.92180916976456,1.2962853692453953
1.9218711276332094,0.5792752417599454
1.9219330855018588,-1.5566467275326508
1.921995043370508,-1.5399207939668524
1.9220570012391573,0.5721180072633547
1.9221189591078067,1.3992951209804263
1.922180916976456,-0.1173702404232783
1.9222428748451053,-1.4265957655789494
1.9223048327137546,-0.6772293175889972
1.922366790582404,0.8496682788421559
1.9224287484510534,1.08488611911171
1.9224907063197025,-0.12345627157932904
1.922552664188352,-1.2208432733423547
1.9226146220570013,-0.9018686858888496
1.9226765799256507,0.39481352181090396
1.9227385377942998,0.890131187490806
1.9228004956629492,-0.22755826182681121
1.9228624535315986,-1.3753118404751672
1.9229244114002477,-0.6972945808641915
1.922986369268897,0.9278740344030558
1.9230483271375465,1.017380381410403
1.9231102850061959,-0.545385072742577
1.923172242874845,-1.202719435070603
1.9232342007434944,0.10284944548529729
1.9232961586121438,1.126364466246973
1.9233581164807931,0.040942199539058866
1.9234200743494423,-1.4429358961054972
1.9234820322180917,-0.8479702043079925
1.923543990086741,0.8939412321119823
1.9236059479553904,0.8513617501644049
1.9236679058240396,-1.0124886638330126
1.923729863692689,-1.535052593809482
1.9237918215613383,0.47392715680125796
1.9238537794299877,1.9142469988554622
1.9239157372986369,0.2345222113522174
1.9239776951672862,-2.07270708278737
1.9240396530359356,-1.1539604370151606
1.924101610904585,1.7050685612494163
1.9241635687732341,1.7180753792701955
1.9242255266418835,-1.501265797474446
1.9242874845105329,-2.8064887475084848
1.9243494423791823,0.17439541187825203
1.9244114002478314,2.760374427520447
1.9244733581164808,0.6646199700353956
1.9245353159851302,-2.740762792380166
1.9245972738537793,-1.7310286479397832
1.9246592317224287,2.235060026765047
1.924721189591078,2.653685235389153
1.9247831474597275,-1.347108938133724
1.9248451053283766,-3.34467296783829
1.924907063197026,-0.030067310172615436
1.9249690210656754,3.2044617710487406
1.9250309789343247,0.9075191410918537
1.9250929368029739,-3.3529301638712417
1.9251548946716233,-2.502834947890298
1.9252168525402726,2.3918768872074025
1.925278810408922,3.430181485115674
1.9253407682775712,-1.265796807429735
1.9254027261462205,-4.030865138220929
1.92546468401487,-0.07399037043491263
1.9255266418835193,4.202976911189004
1.9255885997521685,1.5066556453503626
1.9256505576208178,-3.9220743302400334
1.9257125154894672,-3.0660988475661366
1.9257744733581166,2.624653547202405
1.9258364312267657,3.5400645522163154
1.925898389095415,-1.7251777731852393
1.9259603469640645,-4.074665908785217
1.9260223048327139,0.33015024016959515
1.926084262701363,3.7777834372826917
1.9261462205700124,0.7583697388905429
1.9262081784386618,-2.9555253057585964
1.926270136307311,-1.2404145270440734
1.9263320941759603,2.052136198244307
1.9263940520446097,1.1720082911853023
1.926456009913259,-1.43259358815439
1.9265179677819082,-1.0284195784676544
1.9265799256505576,0.571984545686885
1.926641883519207,-0.06582793992951208
1.9267038413878563,-0.8163085760289452
1.9267657992565055,0.7236196838197768
1.9268277571251549,1.312566736542076
1.9268897149938042,-1.189765245409531
1.9269516728624536,-2.1122921611851604
1.9270136307311028,1.339840673827002
1.9270755885997521,3.2309871878698564
1.9271375464684015,-0.7868399284412366
1.927199504337051,-4.222386718177202
1.9272614622057,-0.602894904423673
1.9273234200743494,4.176591838351333
1.9273853779429988,1.6465201828637452
1.9274473358116482,-3.9920280821016023
1.9275092936802973,-3.0067542281067663
1.9275712515489467,2.839317800091259
1.927633209417596,3.715819886201593
1.9276951672862455,-1.2261019257700825
1.9277571251548946,-3.428634807009301
1.927819083023544,-0.07773830675715787
1.9278810408921934,2.546740696370171
1.9279429987608425,0.8787260355143222
1.928004956629492,-1.3964830721503518
1.9280669144981413,-1.3118003048851623
1.9281288723667906,-0.33266830651375656
1.9281908302354398,0.3790017659391208
1.9282527881040892,1.163043241153983
1.9283147459727386,0.7918569024800011
1.928376703841388,-1.4001835037457087
1.928438661710037,-2.0732845299796563
1.9285006195786865,1.0149576364363644
1.9285625774473358,3.3402660014661176
1.9286245353159852,0.28548401573359916
1.9286864931846344,-3.857827900274663
1.9287484510532837,-2.0573976504051776
1.9288104089219331,3.1583627585110623
1.9288723667905825,3.2172013134056288
1.9289343246592316,-2.153451620630723
1.928996282527881,-4.279853033140163
1.9290582403965304,0.21509329923358145
1.9291201982651798,4.212617305005853
1.929182156133829,1.7957705770800805
1.9292441140024783,-2.939446473217261
1.9293060718711277,-3.006114770740794
1.929368029739777,1.1668591574598821
1.9294299876084262,3.3760670648390403
1.9294919454770756,0.7723113851450744
1.929553903345725,-2.8697520030897605
1.9296158612143741,-2.7021837962718864
1.9296778190830235,0.9350267701356301
1.9297397769516729,3.1265363302991203
1.9298017348203222,0.907933492995873
1.9298636926889714,-2.609000606472485
1.9299256505576208,-2.4082838893474987
1.9299876084262702,1.286902899368755
1.9300495662949195,3.231121676617233
1.9301115241635687,0.696941090230984
1.930173482032218,-2.7104541787139147
1.9302354399008674,-2.3501657108194873
1.9302973977695168,1.065686985920395
1.930359355638166,2.7727201925355134
1.9304213135068153,0.4704127354467076
1.9304832713754647,-2.6933547442424377
1.930545229244114,-2.2447243081915955
1.9306071871127632,1.4766548080931832
1.9306691449814126,3.254760699549016
1.930731102850062,0.23873513773089816
1.9307930607187114,-3.206330238551633
1.9308550185873605,-1.5817000837199828
1.93091697645601,2.726383775639473
1.9309789343246593,2.6077635360921194
1.9310408921933087,-2.005536057345509
1.9311028500619578,-3.4654923160799154
1.9311648079306072,0.7421470849853375
1.9312267657992566,3.3894450926618536
1.9312887236679057,-0.05795953651670027
1.931350681536555,-3.400671909098222
1.9314126394052045,-0.6448997825403682
1.9314745972738538,3.309805254615716
1.931536555142503,1.4576420388027278
1.9315985130111524,-2.7957776274328525
1.9316604708798017,-1.896408358533589
1.9317224287484511,2.309744883796837
1.9317843866171003,2.1631617407898283
1.9318463444857497,-1.9792101048076929
1.931908302354399,-2.6829049942828673
1.9319702602230484,1.1154852396776376
1.9320322180916976,2.553647399698261
1.932094175960347,-0.6714237275253484
1.9321561338289963,-2.526621481338128
1.9322180916976457,0.2915699573787004
1.9322800495662948,2.674910194122814
1.9323420074349442,0.4128076437315926
1.9324039653035936,-2.4876081436589916
1.932465923172243,-1.002875358527995
1.9325278810408921,2.229503560794571
1.9325898389095415,1.5685927319705182
1.9326517967781909,-2.0229183148649925
1.9327137546468403,-2.6041829295882906
1.9327757125154894,0.923364691276277
1.9328376703841388,3.0060661702608606
1.9328996282527882,0.343162929243946
1.9329615861214373,-2.878418202025048
1.9330235439900867,-1.563595577666116
1.933085501858736,2.3598498249792863
1.9331474597273854,2.8985638055230893
1.9332094175960346,-0.8745163768531969
1.933271375464684,-3.4191431141299056
1.9333333333333333,-0.9941641870716211
1.9333952912019827,2.8160293580231364
1.9334572490706319,2.3562559717048934
1.9335192069392813,-1.7964712173775577
1.9335811648079306,-3.502893993687504
1.93364312267658,0.030015633657537122
1.9337050805452292,3.7875182853318217
1.9337670384138785,2.006410957132234
1.933828996282528,-2.863949414082856
1.9338909541511773,-3.247185397255471
1.9339529120198264,1.7391218994413893
1.9340148698884758,4.144378277451173
1.9340768277571252,-0.26525916731646104
1.9341387856257746,-4.459516284961431
1.9342007434944237,-1.3735257241776029
1.934262701363073,3.8788449215718517
1.9343246592317225,2.365353624297456
1.9343866171003719,-3.1508901898207764
1.934448574969021,-2.9165937556436927
1.9345105328376704,2.548347493470226
1.9345724907063198,3.4714274263542944
1.934634448574969,-1.5108939957893313
1.9346964064436183,-3.1955209559222277
1.9347583643122677,1.0986071396046513
1.934820322180917,3.0097023768724087
1.9348822800495662,-0.8540190211782115
1.9349442379182156,-2.8992627665907866
1.935006195786865,0.5884271012515834
1.9350681536555143,2.629211482250683
1.9351301115241635,-0.5623159641036124
1.9351920693928129,-2.414357261759163
1.9352540272614622,0.8216100119485423
1.9353159851301116,2.767978136337214
1.9353779429987608,-0.3907267680711053
1.9354399008674101,-2.480758456832384
1.9355018587360595,0.4409713566871516
1.9355638166047089,2.5432668887633687
1.935625774473358,-0.17587597335544375
1.9356877323420074,-2.369586035660529
1.9357496902106568,-0.11857760953289061
1.9358116480793062,1.9008307423414126
1.9358736059479553,0.21107880163825765
1.9359355638166047,-1.1854812049576493
1.935997521685254,0.2964485504908332
1.9360594795539035,1.0376876324298498
1.9361214374225526,-0.3661900065463588
1.936183395291202,-0.27004935332637636
1.9362453531598514,1.3972927726084612
1.9363073110285005,0.4212026083512248
1.9363692688971499,-2.0417863569678887
1.9364312267657993,-0.6437866884799595
1.9364931846344486,2.688196926377314
1.9365551425030978,1.1817182261158794
1.9366171003717472,-3.023666680816322
1.9366790582403965,-1.6737237675614052
1.936741016109046,3.4612076350561587
1.936802973977695,2.813702702057072
1.9368649318463445,-2.776780279484861
1.9369268897149938,-2.91019455971149
1.9369888475836432,2.780783276034053
1.9370508054522924,3.6083675916650906
1.9371127633209417,-2.021393978439109
1.937174721189591,-3.6013811340819233
1.9372366790582405,1.5666843520067781
1.9372986369268896,3.574532836237908
1.937360594795539,-1.0444473987669884
1.9374225526641884,-3.1439616861758672
1.9374845105328378,1.1703731369032322
1.937546468401487,3.4362029786906207
1.9376084262701363,-0.5177083011864603
1.9376703841387857,-2.810004846842201
1.937732342007435,0.9539371537099208
1.9377942998760842,3.3235740785490977
1.9378562577447336,-0.4475685261829465
1.937918215613383,-3.2783212162376127
1.937980173482032,0.21629546553512924
1.9380421313506815,3.54108256423343
1.9381040892193309,0.515042549701256
1.9381660470879802,-3.2733593414366657
1.9382280049566294,-0.826325497263958
1.9382899628252788,3.5347672951318674
1.9383519206939281,2.1085155138065037
1.9384138785625775,-2.447029251501912
1.9384758364312267,-2.100307318869012
1.938537794299876,2.3329022750164867
1.9385997521685254,2.9215683345164645
1.9386617100371748,-1.329296703149915
1.938723667905824,-2.9364944540319637
1.9387856257744733,0.8007580424896996
1.9388475836431227,3.191914280399228
1.938909541511772,0.10611679444667754
1.9389714993804212,-2.749604466056458
1.9390334572490706,-0.1434202127260652
1.93909541511772,3.2160454887781103
1.9391573729863694,1.2327141698970692
1.9392193308550185,-2.3878270271506827
1.939281288723668,-0.9592921647539093
1.9393432465923173,2.695233069029957
1.9394052044609666,1.5126097458312415
1.9394671623296158,-2.3299986793998038
1.9395291201982652,-1.4199554346660361
1.9395910780669146,2.548812422775177
1.9396530359355637,1.7951741600585038
1.939714993804213,-2.3149659968610146
1.9397769516728625,-1.5052689001640496
1.9398389095415118,3.1129461384201207
1.939900867410161,2.523957281973368
1.9399628252788104,-2.6015502290463988
1.9400247831474597,-2.414415145247991
1.9400867410161091,3.1280123322727773
1.9401486988847583,3.404841177783296
1.9402106567534076,-2.6155525209263253
1.940272614622057,-3.7239757484522436
1.9403345724907064,2.388269823237549
1.9403965303593556,4.3421822629559435
1.940458488228005,-1.5102722590683346
1.9405204460966543,-4.068521783146353
1.9405824039653037,1.5015291143846121
1.9406443618339528,4.691619175820408
1.9407063197026022,-0.33107716296455847
1.9407682775712516,-3.933143181231748
1.940830235439901,0.42796563420343225
1.9408921933085501,4.147554380413101
1.9409541511771995,0.2677111178727768
1.9410161090458489,-3.667615288097843
1.9410780669144982,-0.4668028577652865
1.9411400247831474,3.49178931989607
1.9412019826517968,1.0454668834737495
1.9412639405204462,-2.642522011691926
1.9413258983890953,-0.7607861635149322
1.9413878562577447,2.6541078680000627
1.941449814126394,1.3978914660113928
1.9415117719950434,-1.498467592070249
1.9415737298636926,-0.7155021211436705
1.941635687732342,1.44588698135225
1.9416976456009913,0.7087477755565141
1.9417596034696407,-0.9767006297618157
1.9418215613382899,-0.28504096241509297
1.9418835192069392,0.9475750459268572
1.9419454770755886,0.21033743715072034
1.942007434944238,-0.6137344408154566
1.9420693928128872,0.33639646941223833
1.9421313506815365,1.0316285837240144
1.942193308550186,0.06175321756880814
1.9422552664188353,-0.4299549920972804
1.9423172242874844,0.5773723176474101
1.9423791821561338,0.7709333680532087
1.9424411400247832,-0.5555244639634531
1.9425030978934326,-0.7691447316977988
1.9425650557620817,0.7730621216079774
1.942627013630731,1.0829773938959266
1.9426889714993805,-0.719437732501119
1.9427509293680298,-1.3486524523599166
1.942812887236679,0.6852161394916808
1.9428748451053284,2.0567832897342573
1.9429368029739778,0.3157167573460622
1.942998760842627,-1.733002870261167
1.9430607187112763,-0.6680621239116684
1.9431226765799257,1.790606385635764
1.943184634448575,1.537191094927008
1.9432465923172242,-1.1933738921886508
1.9433085501858736,-2.0636879573939444
1.943370508054523,0.3837542341504792
1.9434324659231723,2.171930856094666
1.9434944237918215,0.3048922930817457
1.9435563816604708,-2.0295854519139156
1.9436183395291202,-0.6472100947146842
1.9436802973977696,2.1935119026781544
1.9437422552664188,1.3805461764151459
1.9438042131350681,-1.8122594997439339
1.9438661710037175,-1.5545624887169733
1.9439281288723669,1.8514800722477727
1.943990086741016,1.9630495991790833
1.9440520446096654,-1.9079719738078518
1.9441140024783148,-2.7205920632083873
1.9441759603469642,1.4249998048570331
1.9442379182156133,3.1067113877073664
1.9442998760842627,-0.9807237104296173
1.944361833952912,-3.439376789123212
1.9444237918215614,0.43948004883035197
1.9444857496902106,3.710599743055403
1.94454770755886,0.4232908345377129
1.9446096654275093,-3.374799466406821
1.9446716232961585,-0.9346265071008777
1.9447335811648079,2.8084985521601222
1.9447955390334573,0.8929219545881742
1.9448574969021066,-2.6921809193669626
1.9449194547707558,-1.1699119820026742
1.9449814126394052,2.0924645451572994
1.9450433705080545,0.7082118495895333
1.945105328376704,-2.1618185239728476
1.945167286245353,-0.4823044583044449
1.9452292441140024,2.3895635475473744
1.9452912019826518,0.42594528462350323
1.9453531598513012,-2.7030315605099986
1.9454151177199503,-0.6040773086442199
1.9454770755885997,2.836199190841826
1.945539033457249,0.5522731902244333
1.9456009913258985,-3.570779627962619
1.9456629491945476,-1.5132251116636963
1.945724907063197,3.281118749028807
1.9457868649318464,1.7831070459710476
1.9458488228004958,-3.496734569345357
1.945910780669145,-2.688927934698275
1.9459727385377943,3.0623525542930743
1.9460346964064437,3.3560140513105585
1.946096654275093,-2.4630031538571884
1.9461586121437422,-4.066476602474278
1.9462205700123916,1.1872910717361032
1.946282527881041,3.82219037438155
1.94634448574969,-0.5841717309421688
1.9464064436183395,-4.101506851222746
1.9464684014869889,-1.0181594634914501
1.9465303593556382,2.8425064100338684
1.9465923172242874,1.3061449061273858
1.9466542750929368,-2.0948472652904124
1.9467162329615861,-1.7070095107203134
1.9467781908302355,0.8663271014515971
1.9468401486988847,1.2352037462539587
1.946902106567534,-0.2542522923131886
1.9469640644361834,-0.9020987215517526
1.9470260223048328,-0.6553989946315623
1.947087980173482,-0.49900717283161394
1.9471499380421313,0.0012135503329955277
1.9472118959107807,0.5827642772520021
1.94727385377943,-0.22951334989935313
1.9473358116480792,-1.593300253023564
1.9473977695167286,-0.7849942350850878
1.947459727385378,1.4643161806991951
1.9475216852540274,1.2478993154954898
1.9475836431226765,-1.5065181116069017
1.9476456009913259,-2.142093831092126
1.9477075588599753,0.6555599279985069
1.9477695167286246,2.0909766149132616
1.9478314745972738,-0.5320346629860679
1.9478934324659232,-2.904070972512276
1.9479553903345725,-1.0162777471019873
1.9480173482032217,1.9863580652283712
1.948079306071871,1.213760011488779
1.9481412639405205,-1.8422814805839134
1.9482032218091698,-2.113166763457819
1.948265179677819,0.6801687933022433
1.9483271375464684,2.0090817526411104
1.9483890954151177,-0.003532753277534606
1.948451053283767,-2.059954901897699
1.9485130111524163,-1.2317302821067444
1.9485749690210656,0.8323556032956858
1.948636926889715,0.9530966673324639
1.9486988847583644,-0.7871929714289754
1.9487608426270135,-1.6196630114117985
1.948822800495663,-0.45792437742936754
1.9488847583643123,0.7529144292717991
1.9489467162329617,0.3544649138522215
1.9490086741016108,-0.5952752340165444
1.9490706319702602,-0.5053187073986725
1.9491325898389096,0.05258272755395632
1.949194547707559,-0.15754085377370597
1.949256505576208,-0.49963076765508574
1.9493184634448575,0.018875088626528758
1.9493804213135069,0.26342458790396256
1.9494423791821562,-0.8924300387080475
1.9495043370508054,-1.5780995456287343
1.9495662949194548,0.08889182709464549
1.9496282527881041,1.7097443447521985
1.9496902106567533,0.10738724343987638
1.9497521685254027,-2.403821510069603
1.949814126394052,-1.2003363931924542
1.9498760842627014,2.1964716735670198
1.9499380421313506,1.9176464984546917
1.95,-2.010049865198472
1.9500619578686493,-3.107833942204309
1.9501239157372987,0.5228179657202925
1.9501858736059479,2.7802108409347537
1.9502478314745972,-0.011096184779119334
1.9503097893432466,-3.047210483577782
1.950371747211896,-1.497961158401647
1.9504337050805451,1.787763910066863
1.9504956629491945,1.827293953613901
1.950557620817844,-0.6825356186250946
1.9506195786864933,-1.8384302032391353
1.9506815365551424,-0.719700269980863
1.9507434944237918,0.7995048862085512
1.9508054522924412,1.248665502866941
1.9508674101610906,0.09520196480548876
1.9509293680297397,-1.9126790312482151
1.950991325898389,-2.095718638355331
1.9510532837670385,0.7460085715931188
1.9511152416356878,2.7884033752638873
1.951177199504337,0.21351387851421189
1.9512391573729864,-3.4160447256085114
1.9513011152416357,-1.8106923137688606
1.951363073110285,3.008607322156354
1.9514250309789343,3.073690246401911
1.9514869888475836,-2.0330168057985034
1.951548946716233,-3.971225006565412
1.9516109045848822,0.3038339301426829
1.9516728624535316,3.5094531578615866
1.951734820322181,0.6092931389717475
1.9517967781908303,-3.1700391834467223
1.9518587360594795,-1.8908637073949954
1.9519206939281288,1.7036812106482209
1.9519826517967782,2.043679069848697
1.9520446096654276,-0.4017497735288931
1.9521065675340767,-1.5914482864366242
1.9521685254027261,-0.5762794543231191
1.9522304832713755,0.7417865007290603
1.9522924411400249,1.084975172525085
1.952354399008674,0.1958482294246997
1.9524163568773234,-1.3293089305619168
1.9524783147459728,-1.527717776786504
1.9525402726146222,0.4630203753965557
1.9526022304832713,1.8750950584926567
1.9526641883519207,0.17502113127036945
1.95272614622057,-2.031508509239661
1.9527881040892194,-0.9070226075217427
1.9528500619578686,1.7741766409285185
1.952912019826518,1.5619378887128317
1.9529739776951673,-0.8911232722656237
1.9530359355638165,-1.4211311779728297
1.9530978934324659,0.15007829290521113
1.9531598513011152,0.6817587833158544
1.9532218091697646,-0.013530675563922179
1.9532837670384138,0.017702578238067868
1.9533457249070632,0.05742850058996851
1.9534076827757125,-1.049566347839113
1.953469640644362,-0.9328156777676259
1.953531598513011,1.664947242718518
1.9535935563816604,2.44487373744166
1.9536555142503098,-1.1750517738680535
1.9537174721189592,-3.486492605982911
1.9537794299876083,0.39436199597501476
1.9538413878562577,4.469498349488374
1.953903345724907,1.1389858730504698
1.9539653035935565,-4.718083583818497
1.9540272614622056,-3.0463794561495376
1.954089219330855,3.8325806733072167
1.9541511771995044,4.487723508923958
1.9542131350681538,-2.261514077889145
1.954275092936803,-5.211734425801691
1.9543370508054523,0.49517277393861103
1.9543990086741017,5.569835668625057
1.954460966542751,2.007925417842118
1.9545229244114002,-4.367056500929537
1.9545848822800496,-3.682479147002494
1.954646840148699,2.717879840202846
1.954708798017348,4.873930035204973
1.9547707558859975,-0.5380063974180347
1.9548327137546468,-5.284671390379181
1.9548946716232962,-1.9182694934184255
1.9549566294919454,4.679620372884749
1.9550185873605948,4.206185148986099
1.9550805452292441,-2.8917985817974254
1.9551425030978935,-5.256213865309504
1.9552044609665427,1.2863611416041545
1.955266418835192,6.106155020126408
1.9553283767038414,1.0101390969934596
1.9553903345724908,-5.548226105463894
1.95545229244114,-2.585416179958649
1.9555142503097893,4.456028489804529
1.9555762081784387,3.410830695921142
1.955638166047088,-3.225770143138641
1.9557001239157372,-3.501148965544056
1.9557620817843866,2.311497350450711
1.955824039653036,3.3379670478494474
1.9558859975216853,-1.3477639317231094
1.9559479553903345,-2.250824856216392
1.9560099132589839,1.663438538777088
1.9560718711276333,1.9423079655128022
1.9561338289962826,-1.8165056341957866
1.9561957868649318,-1.5227679924376
1.9562577447335812,2.3492766662971016
1.9563197026022305,1.4221263334542544
1.9563816604708797,-3.0040965192635802
1.956443618339529,-1.667341458122039
1.9565055762081784,3.6497938382511537
1.9565675340768278,2.3847459083320675
1.956629491945477,-3.740162257707293
1.9566914498141263,-2.7181136094619114
1.9567534076827757,4.339405065965316
1.956815365551425,3.9617953737981733
1.9568773234200743,-4.025509986257701
1.9569392812887236,-4.938369684019676
1.957001239157373,3.414235819686479
1.9570631970260224,5.821448437127746
1.9571251548946715,-2.393773751628578
1.957187112763321,-6.455186106841718
1.9572490706319703,0.9119048373329129
1.9573110285006197,6.521050634433573
1.9573729863692688,0.937074428799052
1.9574349442379182,-5.336673198819155
1.9574969021065676,-1.812617248720799
1.957558859975217,4.193510794984531
1.957620817843866,2.5132083531841705
1.9576827757125155,-2.511666702706342
1.9577447335811649,-2.2569642585683116
1.9578066914498142,1.083311714284191
1.9578686493184634,1.2140027803215574
1.9579306071871128,-0.5466122985726323
1.9579925650557621,-0.2112185401540656
1.9580545229244113,0.6333558735939548
1.9581164807930607,-0.38897491714768195
1.95817843866171,-0.8481059649776738
1.9582403965303594,0.9249492993811133
1.9583023543990086,1.6431907058772663
1.958364312267658,-0.4941484801466265
1.9584262701363073,-1.8657735316764112
1.9584882280049567,-0.11748233902801175
1.9585501858736059,1.5604938143063836
1.9586121437422552,0.4256492252774251
1.9586741016109046,-1.2845214822692301
1.958736059479554,-0.8687425460609163
1.9587980173482031,0.6087460920659793
1.9588599752168525,0.98254013629323
1.9589219330855019,0.1854231077230275
1.9589838909541513,-0.6101278009590319
1.9590458488228004,-0.5112722094085183
1.9591078066914498,0.5041634657021479
1.9591697645600992,1.0049982541662748
1.9592317224287485,-0.3097210668148169
1.9592936802973977,-1.6749103286418792
1.959355638166047,-0.3618332553988388
1.9594175960346965,1.8477059235157478
1.9594795539033458,0.7206304016336763
1.959541511771995,-2.3243605603296427
1.9596034696406444,-1.5436832190022889
1.9596654275092937,2.482638009918411
1.959727385377943,2.624379640862077
1.9597893432465923,-1.9998129764075416
1.9598513011152416,-3.386303805586924
1.959913258983891,1.2541521400995226
1.9599752168525402,3.8371363875628473
1.9600371747211895,-0.4333342455650724
1.960099132589839,-4.254655194521044
1.9601610904584883,-1.0498299805837215
1.9602230483271375,3.537558400833256
1.9602850061957868,1.8286029377860893
1.9603469640644362,-2.7806176507888782
1.9604089219330856,-2.4804730100382795
1.9604708798017347,1.7089779769595115
1.960532837670384,2.8077715241750294
1.9605947955390335,-0.3470474338891072
1.9606567534076829,-2.5410264814949954
1.960718711276332,-1.0039070892702782
1.9607806691449814,1.560307206543879
1.9608426270136308,1.6917317116421657
1.9609045848822801,-0.769328975131695
1.9609665427509293,-2.687122019063075
1.9610285006195787,-0.9914262775823512
1.961090458488228,2.6273034138310445
1.9611524163568774,2.563024790043219
1.9612143742255266,-2.0445199722674716
1.961276332094176,-3.976029146122085
1.9613382899628253,0.9210347018994514
1.9614002478314747,5.064831828164954
1.9614622057001239,0.7133212079067046
1.9615241635687732,-5.6584322667872815
1.9615861214374226,-3.0047496425839775
1.9616480793060718,4.80642301250127
1.9617100371747211,4.465916814012494
1.9617719950433705,-3.8126609545257963
1.96183395291202,-5.971088470288424
1.961895910780669,1.8327475931073811
1.9619578686493184,6.483030976879641
1.9620198265179678,0.37043548245176594
1.9620817843866172,-5.969453061208796
1.9621437422552663,-2.2340127793458358
1.9622057001239157,4.72391766437571
1.962267657992565,3.4375573779393194
1.9623296158612145,-3.291486594120962
1.9623915737298636,-4.402062038252452
1.962453531598513,1.0969667921902853
1.9625154894671624,3.9792097637352493
1.9625774473358117,0.3456789390272257
1.962639405204461,-3.356844476435114
1.9627013630731103,-1.5495930928613972
1.9627633209417596,2.407029733754677
1.962825278810409,2.4193526961006304
1.9628872366790582,-1.1183016069398017
1.9629491945477076,-2.630369203075346
1.963011152416357,-0.05176161603112406
1.9630731102850063,2.3065484931905313
1.9631350681536555,0.6828685099488655
1.9631970260223048,-2.199378470240946
1.9632589838909542,-1.59631066202464
1.9633209417596034,1.45237928613501
1.9633828996282527,1.9062334476257794
1.9634448574969021,-0.7573749879808537
1.9635068153655515,-1.8324410995821856
1.9635687732342006,0.37072663480555745
1.96363073110285,1.8555555241986894
1.9636926889714994,0.2233194049642685
1.9637546468401488,-1.4318427738581903
1.963816604708798,-0.506875619268577
1.9638785625774473,0.798821512269196
1.9639405204460967,0.21219577954214958
1.964002478314746,-0.6133590444161312
1.9640644361833952,-0.0037020059754023504
1.9641263940520446,0.4630035508289545
1.964188351920694,-0.31692387384880016
1.9642503097893433,-0.4154254225373526
1.9643122676579925,0.9564956164391069
1.9643742255266419,1.1815675572453617
1.9644361833952912,-0.7633735349812143
1.9644981412639406,-1.5895781872717676
1.9645600991325898,0.5384177663055691
1.9646220570012392,2.0505718676681166
1.9646840148698885,-0.04052642876039814
1.964745972738538,-2.4105651278391114
1.964807930607187,-0.7805207100365064
1.9648698884758364,2.4126184217661457
1.9649318463444858,1.76334631688893
1.964993804213135,-1.7615450569509628
1.9650557620817843,-2.082944558694719
1.9651177199504337,1.6152426215270101
1.965179677819083,3.051782992084158
1.9652416356877322,-0.5629310152216371
1.9653035935563816,-3.2665442144970545
1.965365551425031,-0.22721199777717926
1.9654275092936804,3.515525303012284
1.9654894671623295,1.258122880374183
1.965551425030979,-3.4084443304998597
1.9656133828996283,-2.2093581973509444
1.9656753407682777,3.2220566713973136
1.9657372986369268,3.5655749693531216
1.9657992565055762,-1.903856436805938
1.9658612143742256,-3.6639602534302655
1.965923172242875,1.3350296921283211
1.965985130111524,4.219089194024833
1.9660470879801735,0.0689335455691873
1.9661090458488228,-3.5348984959111243
1.9661710037174722,-0.5951299492643015
1.9662329615861214,2.870890528599185
1.9662949194547708,0.8082492051049655
1.9663568773234201,-1.9340915654817228
1.9664188351920695,0.014036586988779298
1.9664807930607187,2.097980529277474
1.966542750929368,-0.24633269730598673
1.9666047087980174,-1.8504538185965298
1.9666666666666666,1.5075387834480276
1.966728624535316,3.3904687698821894
1.9667905824039653,-1.0796340677700864
1.9668525402726147,-4.2148787391145
1.9669144981412638,0.6301458414109853
1.9669764560099132,5.361321434528008
1.9670384138785626,0.959563079575306
1.967100371747212,-5.348425873425744
1.9671623296158611,-2.257964838570307
1.9672242874845105,5.21898906174874
1.9672862453531599,4.341184689860158
1.9673482032218093,-3.1144863892471846
1.9674101610904584,-4.487634612639105
1.9674721189591078,1.888269100999475
1.9675340768277572,5.072743681487438
1.9675960346964065,0.550063976295613
1.9676579925650557,-3.8212960984672075
1.967719950433705,-1.883936220038177
1.9677819083023544,2.4654968831117454
1.9678438661710038,3.130348860174111
1.967905824039653,-0.014591291683833885
1.9679677819083023,-2.68116523833734
1.9680297397769517,-1.4822206213927864
1.968091697645601,2.5019104923330793
1.9681536555142503,3.985577503535228
1.9682156133828996,-0.04671129745129998
1.968277571251549,-4.296950325117776
1.9683395291201982,-1.6375797100732854
1.9684014869888475,4.610547880494365
1.968463444857497,4.187915050177313
1.9685254027261463,-3.0917976305630943
1.9685873605947954,-5.525862826011137
1.9686493184634448,1.3791022265272577
1.9687112763320942,6.616074046838326
1.9687732342007436,1.6250797020090297
1.9688351920693927,-5.336822785236767
1.968897149938042,-2.962319870093177
1.9689591078066915,4.5155547007989645
1.9690210656753409,4.89390907647536
1.96908302354399,-1.9147238069171761
1.9691449814126394,-4.6789192432298545
1.9692069392812888,0.3608923137803252
1.9692688971499381,4.342915150294006
1.9693308550185873,1.1968367985073878
1.9693928128872367,-3.0278321237539245
1.969454770755886,-1.32186541067193
1.9695167286245354,2.6863658738905767
1.9695786864931846,1.925528557660317
1.969640644361834,-1.6025534348878008
1.9697026022304833,-1.0245105762870732
1.9697645600991327,2.4196364150575755
1.9698265179677819,1.6223865557253
1.9698884758364312,-2.513406117920353
1.9699504337050806,-1.8655099563040183
1.9700123915737298,3.262986173507069
1.9700743494423791,3.1483460443850624
1.9701363073110285,-3.2164355686468857
1.9701982651796779,-4.297844720039558
1.970260223048327,3.2169500440316265
1.9703221809169764,6.347294778952078
1.9703841387856258,-1.5243149188668053
1.9704460966542752,-7.001792911589256
1.9705080545229243,0.3814714130178235
1.9705700123915737,8.19977349846967
1.970631970260223,2.1494296572152045
1.9706939281288725,-7.851146797767796
1.9707558859975216,-4.306591872807576
1.970817843866171,6.871396899935281
1.9708798017348204,6.430389650055751
1.9709417596034697,-4.702794059746726
1.9710037174721189,-7.481133782944021
1.9710656753407683,2.364807814019783
1.9711276332094176,8.159976271590534
1.971189591078067,1.0853870820023865
1.9712515489467162,-6.647284876625026
1.9713135068153655,-3.326563110322795
1.971375464684015,4.719796354768173
1.9714374225526643,5.232459767722091
1.9714993804213135,-1.7217365048753883
1.9715613382899628,-5.816346914148953
1.9716232961586122,-1.5033895735197795
1.9716852540272614,5.067435099937836
1.9717472118959107,4.380610117635162
1.97180916976456,-3.0777267635106815
1.9718711276332095,-6.089769081644507
1.9719330855018586,0.9503338696574708
1.971995043370508,7.398982974446751
1.9720570012391574,1.9979802880137862
1.9721189591078068,-7.211333252820408
1.972180916976456,-4.504716534725229
1.9722428748451053,6.195868588373266
1.9723048327137547,6.423586586779509
1.972366790582404,-4.796228814077519
1.9724287484510532,-8.101153040063869
1.9724907063197026,2.561355481925782
1.972552664188352,8.803409039523665
1.9726146220570013,-0.08973226473315962
1.9726765799256505,-8.476051811760781
1.9727385377942999,-2.076219389368301
1.9728004956629492,7.53105193311926
1.9728624535315986,4.036847706401391
1.9729244114002478,-5.804543816900765
1.9729863692688971,-5.470127474298769
1.9730483271375465,3.1921045901422014
1.973110285006196,5.348208182193145
1.973172242874845,-1.2707595204972957
1.9732342007434944,-4.9914933528749055
1.9732961586121438,-0.8175114557383198
1.973358116480793,3.524356848194002
1.9734200743494423,1.9444151547115411
1.9734820322180917,-1.845655807448164
1.973543990086741,-2.2950205094333285
1.9736059479553902,0.1710452154087056
1.9736679058240396,1.6976029239894141
1.973729863692689,0.6277743402120028
1.9737918215613384,-1.3528586981402149
1.9738537794299875,-1.7486079574479607
1.973915737298637,-0.1361047344557593
1.9739776951672863,1.2868301804378868
1.9740396530359356,0.5607105495982811
1.9741016109045848,-1.1765563950467504
1.9741635687732342,-1.2912159748120275
1.9742255266418836,0.3810294914036246
1.974287484510533,1.3162049511269265
1.974349442379182,0.11438233693123936
1.9744114002478315,-1.4859152139814422
1.9744733581164808,-1.19412375024486
1.9745353159851302,0.496727866750051
1.9745972738537794,0.9604563717704927
1.9746592317224287,-0.6327636633827975
1.9747211895910781,-1.7820408141086137
1.9747831474597275,-0.46247331963771354
1.9748451053283766,1.2909183775340605
1.974907063197026,0.5250572161268146
1.9749690210656754,-1.3963434833368509
1.9750309789343246,-1.0035948759717885
1.975092936802974,0.909703269369202
1.9751548946716233,0.636043930967179
1.9752168525402727,-1.35739542377883
1.9752788104089218,-1.214361426891283
1.9753407682775712,0.6975620078412024
1.9754027261462206,0.37162707718752586
1.97546468401487,-1.6736283962622605
1.9755266418835191,-1.0848580251419413
1.9755885997521685,1.3872862554103507
1.9756505576208179,0.7941844497055962
1.9757125154894672,-2.020628618519056
1.9757744733581164,-1.4210469805662997
1.9758364312267658,1.8141088077955665
1.9758983890954152,1.3292048881139338
1.9759603469640645,-2.3798933111106333
1.9760223048327137,-2.332950424589238
1.976084262701363,1.4815488914267974
1.9761462205700124,1.7479184133408772
1.9762081784386618,-2.0775990370331234
1.976270136307311,-2.608655018277769
1.9763320941759603,1.1608066462359183
1.9763940520446097,2.0146110130077854
1.976456009913259,-1.3657661290792373
1.9765179677819082,-2.1712346115310623
1.9765799256505576,0.8887189683725458
1.976641883519207,1.4198547124809235
1.9767038413878562,-1.5179081933574738
1.9767657992565055,-1.7657195550282319
1.976827757125155,1.06657031840596
1.9768897149938043,0.7851063009295332
1.9769516728624534,-2.3502321102392965
1.9770136307311028,-1.6800544218853115
1.9770755885997522,2.1040504097770913
1.9771375464684016,1.5328883176110084
1.9771995043370507,-2.7767723687381474
1.9772614622057,-2.5217034492376627
1.9773234200743495,2.2898141449804017
1.9773853779429988,2.75363944588885
1.977447335811648,-2.2317178175190366
1.9775092936802974,-3.7190345480407045
1.9775712515489468,0.7423691222426346
1.9776332094175961,2.928414048376189
1.9776951672862453,-0.7149427461100359
1.9777571251548947,-3.2551992082931145
1.977819083023544,-0.5509500382352832
1.9778810408921934,2.0236627748697043
1.9779429987608426,0.35905822281324085
1.978004956629492,-1.6577543403987862
1.9780669144981413,-0.5257149922828193
1.9781288723667907,0.8841044778250783
1.9781908302354398,-0.1398714038734994
1.9782527881040892,-1.2142151839596547
1.9783147459727386,-0.20943873851326922
1.9783767038413878,0.6725126312782419
1.9784386617100371,-0.4836030986252483
1.9785006195786865,-1.5819690438880087
1.9785625774473359,-0.45972963166466796
1.978624535315985,1.1830986394220622
1.9786864931846344,0.6673336670205856
1.9787484510532838,-1.2363637032001638
1.9788104089219332,-1.4802396632767958
1.9788723667905823,0.5073619241762638
1.9789343246592317,1.7014996947395153
1.978996282527881,-0.034053802126710275
1.9790582403965304,-2.2710102960411716
1.9791201982651796,-1.3918916885847417
1.979182156133829,1.4089783846756112
1.9792441140024783,1.5661571794051747
1.9793060718711277,-1.2957701457584478
1.9793680297397769,-2.3983787083388255
1.9794299876084263,0.17512020809389628
1.9794919454770756,2.191599707729985
1.979553903345725,0.5690381310105153
1.9796158612143742,-1.6990687156312616
1.9796778190830235,-1.1978277947669937
1.979739776951673,0.593513435170179
1.9798017348203223,0.9567165035880034
1.9798636926889714,0.12284520831762857
1.9799256505576208,-0.8016975438052114
1.9799876084262702,-1.5017663978489213
1.9800495662949193,-0.7961597662244726
1.9801115241635687,1.6145861526033491
1.980173482032218,2.1711625810061004
1.9802354399008675,-1.356506850355312
1.9802973977695166,-3.6857752622851097
1.980359355638166,0.34428519585768846
1.9804213135068154,4.894924774456528
1.9804832713754648,1.367282477130973
1.980545229244114,-5.3758175321504185
1.9806071871127633,-3.5354894408844917
1.9806691449814127,4.547516155350173
1.980731102850062,4.971515676748866
1.9807930607187112,-3.448206641992235
1.9808550185873606,-6.294917305100555
1.98091697645601,1.4241378763845882
1.9809789343246593,6.5399034210596145
1.9810408921933085,0.7784984380527022
1.9811028500619579,-5.539457506341575
1.9811648079306072,-2.235265466065249
1.9812267657992566,4.110530565457406
1.9812887236679058,3.202027664212605
1.9813506815365551,-2.1349856638294935
1.9814126394052045,-3.2446760499926706
1.9814745972738539,0.004314200483880759
1.981536555142503,2.016106469089941
1.9815985130111524,1.2706503501429738
1.9816604708798018,-0.2817106884028325
1.981722428748451,-1.5994392675476998
1.9817843866171003,-1.400902447911625
1.9818463444857497,1.349256279303759
1.981908302354399,3.3267624165006104
1.9819702602230482,0.3860083394114753
1.9820322180916976,-3.8835540497744994
1.982094175960347,-2.1397053667880837
1.9821561338289964,3.6168595523326323
1.9822180916976455,3.8001485651184748
1.9822800495662949,-2.4585731464057905
1.9823420074349443,-4.901599541916055
1.9824039653035936,0.6862270930127581
1.9824659231722428,5.198283948248881
1.9825278810408922,1.5468302686182445
1.9825898389095415,-3.9084146505104034
1.982651796778191,-2.5803856629504818
1.98271375464684,2.700742148640593
1.9827757125154895,3.56437610267389
1.9828376703841388,-0.5716134825086515
1.9828996282527882,-3.1556543275119378
1.9829615861214374,-1.0950153745978146
1.9830235439900867,2.044400624493309
1.983085501858736,2.2046261934034113
1.9831474597273855,-0.34346377244150483
1.9832094175960346,-2.230592606883939
1.983271375464684,-0.9729976996153737
1.9833333333333334,2.063807642574474
1.9833952912019825,2.7673456494901263
1.983457249070632,-0.30363742341501565
1.9835192069392813,-2.970123592604045
1.9835811648079307,-0.9921379580787468
1.9836431226765798,2.933270790048418
1.9837050805452292,2.5902091488905916
1.9837670384138786,-1.8639637058959748
1.983828996282528,-3.526824310465821
1.983890954151177,0.41913169292098007
1.9839529120198265,3.917385194947299
1.9840148698884759,1.5557655758771964
1.9840768277571252,-2.7962770818795164
1.9841387856257744,-2.2937090956395636
1.9842007434944238,1.9949981498474314
1.9842627013630731,3.2252021070590566
1.9843246592317225,-0.1515354290747858
1.9843866171003717,-2.5919417788887547
1.984448574969021,-0.8509045074881982
1.9845105328376704,1.6023053217059404
1.9845724907063198,1.2582008283851764
1.984634448574969,-0.305884558892352
1.9846964064436183,-0.579366313484103
1.9847583643122677,-0.22963441688005215
1.984820322180917,-0.16473415210011633
1.9848822800495662,0.71597238974263
1.9849442379182156,1.9345549469270147
1.985006195786865,0.6573498834819258
1.9850681536555141,-2.3819326351667893
1.9851301115241635,-2.0023230470148436
1.985192069392813,2.428201487598327
1.9852540272614623,3.8035892278970014
1.9853159851301114,-1.2950357059106978
1.9853779429987608,-5.098246004595019
1.9854399008674102,-0.5735088557155157
1.9855018587360596,5.702071027294403
1.9855638166047087,3.23466084494273
1.985625774473358,-4.525356247010588
1.9856877323420075,-4.889852278977305
1.9857496902106568,3.1177063156334475
1.985811648079306,6.560638127324382
1.9858736059479554,-0.35034200225536505
1.9859355638166047,-6.626153802154912
1.9859975216852541,-2.3177560980959657
1.9860594795539033,5.520492783036156
1.9861214374225526,4.483841455077097
1.986183395291202,-3.4365349759402695
1.9862453531598514,-5.620246760610601
1.9863073110285006,1.0441822018105738
1.98636926889715,5.947677244427051
1.9864312267657993,1.8700592944192658
1.9864931846344487,-4.38187045817707
1.9865551425030978,-3.410424132740853
1.9866171003717472,2.549897118935708
1.9866790582403966,4.2127634245869885
1.9867410161090457,-0.31912934218868083
1.9868029739776951,-3.827582107615606
1.9868649318463445,-1.6613978183628992
1.9869268897149939,2.2677471198812804
1.986988847583643,2.576102579060912
1.9870508054522924,-0.25069351710012366
1.9871127633209418,-2.1342767090758845
1.9871747211895912,-1.1647356780514602
1.9872366790582403,1.2238461958331655
1.9872986369268897,2.3835527150870837
1.987360594795539,0.6830881026587449
1.9874225526641884,-2.32004000843796
1.9874845105328376,-2.4975003362715684
1.987546468401487,1.1783968463593832
1.9876084262701363,3.4948348280579857
1.9876703841387857,0.21603503483511377
1.9877323420074349,-4.006181899516637
1.9877942998760842,-1.9724669998932325
1.9878562577447336,3.6664628578378387
1.987918215613383,3.665342968534423
1.9879801734820322,-2.3159739652138636
1.9880421313506815,-4.41173959902381
1.988104089219331,0.9268664494226713
1.9881660470879803,4.656907379273452
1.9882280049566294,0.49290581091823754
1.9882899628252788,-4.457293161571002
1.9883519206939282,-2.0549078565584984
1.9884138785625773,3.248009586381177
1.9884758364312267,2.65679472995855
1.988537794299876,-2.1533152106233753
1.9885997521685255,-2.900444825122646
1.9886617100371746,1.0770867760066622
1.988723667905824,2.817449779167795
1.9887856257744734,0.005478676866566001
1.9888475836431228,-2.1809715876415208
1.988909541511772,-0.5948886469344434
1.9889714993804213,1.4091367330864193
1.9890334572490707,0.5816648668705935
1.98909541511772,-1.2115866469864072
1.9891573729863692,-0.9771882036903612
1.9892193308550186,0.5752837059319675
1.989281288723668,0.851957538635741
1.9893432465923173,-0.36401770220451635
1.9894052044609665,-0.9488079525649254
1.9894671623296158,0.1033675306150812
1.9895291201982652,1.197805426204016
1.9895910780669146,0.5311217049259906
1.9896530359355638,-1.1342074350504212
1.9897149938042131,-1.3541653340048505
1.9897769516728625,0.3918884919507417
1.9898389095415119,1.583785018172017
1.989900867410161,0.19221495214363937
1.9899628252788104,-2.006150683088249
1.9900247831474598,-1.6199802212010126
1.990086741016109,1.2712862969060597
1.9901486988847583,2.6423341898845307
1.9902106567534077,0.13329889679902296
1.990272614622057,-2.9373079723301148
1.9903345724907062,-1.7771413863707894
1.9903965303593556,2.441737821977708
1.990458488228005,3.3078263010853863
1.9905204460966544,-1.2379219597260915
1.9905824039653035,-4.60963023527043
1.9906443618339529,-1.11694283586383
1.9907063197026023,4.289365436584877
1.9907682775712516,2.9220077120530212
1.9908302354399008,-3.4106162884048103
1.9908921933085502,-4.5053921408129565
1.9909541511771995,1.689895527879523
1.991016109045849,5.296118860622906
1.991078066914498,0.561527967117393
1.9911400247831474,-4.8112842346323585
1.9912019826517968,-2.5099562277375367
1.9912639405204462,3.2634136187186704
1.9913258983890954,3.4988014979087643
1.9913878562577447,-1.4807918256985353
1.991449814126394,-4.005073111341168
1.9915117719950435,-1.0654960482240357
1.9915737298636926,2.8905289193088093
1.991635687732342,3.021103261805829
1.9916976456009914,-0.7135499160143952
1.9917596034696405,-3.898452182562269
1.99182156133829,-1.874561214346132
1.9918835192069393,3.7633267213536326
1.9919454770755887,4.779001524604531
1.9920074349442378,-2.0573265879222182
1.9920693928128872,-7.051031932369604
1.9921313506815366,-1.0893116651960222
1.992193308550186,7.52899813701553
1.992255266418835,4.274975083451679
1.9923172242874845,-6.632072177774574
1.9923791821561339,-7.150982479244437
1.9924411400247832,4.299582079243073
1.9925030978934324,8.98186387825157
1.9925650557620818,-0.7813228391393371
1.9926270136307311,-8.595558467866406
1.9926889714993805,-2.0682003215120126
1.9927509293680297,6.976202914056756
1.992812887236679,3.978547153038884
1.9928748451053284,-4.530987145838247
1.9929368029739778,-4.573392332279849
1.992998760842627,1.8763132169760555
1.9930607187112763,3.610356971261033
1.9931226765799257,-0.06968697527864132
1.993184634448575,-1.7050848647568793
1.9932465923172242,-0.188161133521024
1.9933085501858736,0.3438271130329742
1.993370508054523,0.08163077274732207
1.9934324659231721,1.1185651231097076
1.9934944237918215,1.1653195498821742
1.9935563816604709,-1.374817815860232
1.9936183395291203,-2.2475154341220374
1.9936802973977694,0.9629272902245227
1.9937422552664188,2.933979286415247
1.9938042131350682,-0.16743024942317852
1.9938661710037175,-3.018522975343232
1.9939281288723667,-0.4183019307198934
1.993990086741016,3.170814862882626
1.9940520446096655,1.5936056789615674
1.9941140024783148,-2.156862489651778
1.994175960346964,-1.6634917859151943
1.9942379182156134,1.7512387039870732
1.9942998760842627,2.1131390907000793
1.994361833952912,-0.7901683054227027
1.9944237918215613,-1.9808503048205328
1.9944857496902106,-0.0005610399421467349
1.99454770755886,1.6673131488664268
1.9946096654275094,0.8773697433723531
1.9946716232961585,-0.6355171373148478
1.994733581164808,-0.7804502971763205
1.9947955390334573,0.30008479679400973
1.9948574969021067,1.2184222471720805
1.9949194547707558,0.9838162629688685
1.9949814126394052,-0.20156993354658903
1.9950433705080546,-0.998396901977632
1.9951053283767037,-0.3570614507376917
1.995167286245353,0.9467506074567873
1.9952292441140025,1.1568423251798334
1.9952912019826519,-0.07198377510415732
1.995353159851301,-1.1446366234582448
1.9954151177199504,-0.5399285090126226
1.9954770755885998,1.2293152462931736
1.9955390334572491,1.947423157464417
1.9956009913258983,0.3377214492772216
1.9956629491945477,-1.686157169327099
1.995724907063197,-0.9916216353349254
1.9957868649318464,1.848210726259135
1.9958488228004956,2.4035161170451524
1.995910780669145,-0.7826137711935033
1.9959727385377943,-2.8814962467505527
1.9960346964064437,-0.1570473492936344
1.9960966542750929,3.236331579052392
1.9961586121437422,1.6362562790701791
1.9962205700123916,-2.3328152708279974
1.996282527881041,-1.8832198513890668
1.9963444857496901,2.2443465875349604
1.9964064436183395,2.9854708459242687
1.996468401486989,-0.7848012108919162
1.9965303593556383,-2.517968587438067
1.9965923172242874,0.40457041064765
1.9966542750929368,2.5261192145269784
1.9967162329615862,0.37350783262734777
1.9967781908302353,-1.8566610230305085
1.9968401486988847,-0.42167021465530796
1.996902106567534,1.6694673308815795
1.9969640644361835,0.9026423862427032
1.9970260223048326,-0.6338648624709942
1.997087980173482,-0.038823830673643256
1.9971499380421314,1.020098537221255
1.9972118959107807,0.30615670478251616
1.99727385377943,-0.46523136535118415
1.9973358116480793,0.47173617382685185
1.9973977695167286,1.0193970627088387
1.997459727385378,-0.45704857960681533
1.9975216852540272,-1.2786114877228014
1.9975836431226766,0.5830296426669377
1.997645600991326,2.023834300570489
1.9977075588599753,0.19557818794085202
1.9977695167286245,-1.8078143949569545
1.9978314745972738,-0.1899010590229146
1.9978934324659232,2.4296869289541574
1.9979553903345726,1.4007550534502788
1.9980173482032217,-1.5866530124918086
1.9980793060718711,-1.4205308893821362
1.9981412639405205,1.360514530292726
1.9982032218091699,1.7371433495044273
1.998265179677819,-0.7270961755908663
1.9983271375464684,-1.466275227528074
1.9983890954151178,0.594999507916675
1.998451053283767,1.489845176253262
1.9985130111524163,-0.11664082756552396
1.9985749690210657,-0.7802828008169571
1.998636926889715,0.7746212674602948
1.9986988847583642,1.3025860246751773
1.9987608426270136,-0.4229387532782316
1.998822800495663,-1.1168902765316973
1.9988847583643123,0.6192446409662392
1.9989467162329615,1.4762473166505992
1.9990086741016109,-0.301745058696562
1.9990706319702602,-1.553616867694425
1.9991325898389096,-0.05682130818101605
1.9991945477075588,1.5368856077685287
1.9992565055762082,0.7182899016677304
1.9993184634448575,-0.6984023031485995
1.999380421313507,-0.426938172973486
1.999442379182156,0.5201808440029514
1.9995043370508054,0.5803100690794083
1.9995662949194548,0.2926916899914549
1.9996282527881042,0.14623171334856322
1.9996902106567533,-0.4777599669516923
1.9997521685254027,-0.9185346781637218
1.999814126394052,0.20263895818355615
1.9998760842627015,1.4620422670687456
1.9999380421313506,0.30559750312096345
2.0,-1.6855047137387422
2.0000619578686494,-0.736423862758846
2.0001239157372988,1.9687716309051373
2.000185873605948,1.6253656101701115
2.000247831474597,-1.443565748568385
2.0003097893432464,-1.8390922049765968
2.000371747211896,1.1574404717907743
2.000433705080545,2.0036476942953962
2.0004956629491946,-0.9875440381741369
2.000557620817844,-2.382687417644109
2.0006195786864933,0.4289625132159355
2.0006815365551427,2.351570107065685
2.0007434944237916,-0.0997466359745347
2.000805452292441,-2.4091095067115864
2.0008674101610904,-0.3076894159763528
2.0009293680297398,2.5113195245399806
2.000991325898389,1.0911472019762298
2.0010532837670385,-2.078551740802712
2.001115241635688,-1.7081655390345962
2.0011771995043373,1.215201810109158
2.001239157372986,1.7060477164836207
2.0013011152416356,-0.6866226354046905
2.001363073110285,-1.914249517718021
2.0014250309789343,-0.4706035255902976
2.0014869888475837,1.0450770963469087
2.001548946716233,0.79529153606383
2.0016109045848824,-0.215554498685528
2.001672862453532,-0.7168382765674026
2.0017348203221808,-0.5614872376666524
2.00179677819083,0.14125297639491058
2.0018587360594795,0.8481797048738893
2.001920693928129,0.3563504391583945
2.0019826517967783,-1.1878342756019336
2.0020446096654276,-1.5332843881736824
2.002106567534077,0.2186973350107651
2.002168525402726,1.4318872142416943
2.0022304832713753,-0.012058020276186188
2.0022924411400247,-1.7650658195943572
2.002354399008674,-0.7321644138946874
2.0024163568773234,1.417317749815965
2.002478314745973,0.968970061141496
2.002540272614622,-1.2610540443370746
2.0026022304832716,-1.346434337768411
2.0026641883519205,0.6625484134916448
2.00272614622057,0.9064254313083548
2.0027881040892193,-1.087213269330824
2.0028500619578686,-1.5549788224298802
2.002912019826518,0.3670220789363028
2.0029739776951674,1.0172745121749542
2.0030359355638168,-0.7452914915149718
2.003097893432466,-1.343580835013119
2.003159851301115,0.48850952842413076
2.0032218091697644,1.1059963908831911
2.003283767038414,-0.837699809777456
2.003345724907063,-1.4527096510572632
2.0034076827757126,0.6966319702225139
2.003469640644362,1.203810251932627
2.0035315985130113,-1.63466648545312
2.0035935563816603,-2.5579055271342455
2.0036555142503096,0.9790792420415904
2.003717472118959,2.8494971034860446
2.0037794299876084,-1.080888161586903
2.0038413878562578,-4.282035335365125
2.003903345724907,-0.38663356801948845
2.0039653035935565,4.593212098242896
2.004027261462206,1.7536284400323394
2.004089219330855,-4.754999974186919
2.004151177199504,-3.957883704320791
2.0042131350681536,3.112426947593849
2.004275092936803,4.654186970155154
2.0043370508054523,-2.0491477850781052
2.0043990086741017,-5.966176914119471
2.004460966542751,-0.7582963884147251
2.0045229244114005,4.917472585707263
2.0045848822800494,2.059989751198917
2.0046468401486988,-4.156723441332971
2.004708798017348,-3.587040173337436
2.0047707558859975,2.3177772065943714
2.004832713754647,3.715599760676464
2.0048946716232963,-1.250413795599118
2.0049566294919456,-4.139016141931883
2.005018587360595,-0.5986899781484213
2.005080545229244,2.9594512840061094
2.0051425030978933,0.6699233282374031
2.0052044609665427,-3.164155315503978
2.005266418835192,-1.9204210516509579
2.0053283767038415,2.042558562198262
2.005390334572491,1.8678177735189303
2.00545229244114,-1.8224405432742103
2.005514250309789,-2.380940251493679
2.0055762081784385,0.9629092304260927
2.005638166047088,2.0277467859759994
2.0057001239157373,-0.9875737077522889
2.0057620817843866,-2.474471127275561
2.005824039653036,0.050610768566737185
2.0058859975216854,1.5350818970174975
2.0059479553903348,-0.8122858597135838
2.0060099132589837,-2.1759451648706465
2.006071871127633,0.450338306773436
2.0061338289962825,2.0631634003087482
2.006195786864932,-0.8820126286523683
2.006257744733581,-3.0039019875928394
2.0063197026022306,0.33276016187847146
2.00638166047088,3.5213436733100774
2.0064436183395293,0.17119426455540732
2.0065055762081783,-4.581275095829506
2.0065675340768276,-2.1967367880536144
2.006629491945477,3.824691160767226
2.0066914498141264,3.1174393535551967
2.0067534076827758,-3.551775840486671
2.006815365551425,-4.949172504498788
2.0068773234200745,1.569774942418872
2.0069392812887235,5.282060798048277
2.007001239157373,0.11202573565535734
2.007063197026022,-5.219100390771457
2.0071251548946716,-2.017249872284827
2.007187112763321,4.010280449009877
2.0072490706319703,2.8246974835636696
2.0073110285006197,-3.1949968504145616
2.007372986369269,-3.942978112712402
2.007434944237918,1.2853937280506924
2.0074969021065674,3.398950655491798
2.0075588599752168,-0.6648296495514174
2.007620817843866,-3.4274776761364167
2.0076827757125155,-0.3289269394663758
2.007744733581165,2.8726365849741695
2.0078066914498143,0.774463503528996
2.0078686493184636,-2.511328736256604
2.0079306071871126,-1.2543116170622493
2.007992565055762,1.86697569125958
2.0080545229244113,1.1324315354448025
2.0081164807930607,-1.944377740451625
2.00817843866171,-1.7770859809802424
2.0082403965303595,1.1534528679331928
2.008302354399009,1.5170566755498847
2.008364312267658,-1.1260199856387894
2.008426270136307,-1.7927388975032759
2.0084882280049565,0.7873492450397596
2.008550185873606,1.9952667523617433
2.0086121437422553,-0.350256953347049
2.0086741016109046,-2.169098011363789
2.008736059479554,-0.3006561323949567
2.0087980173482034,2.030761081437271
2.0088599752168523,0.736129451339943
2.0089219330855017,-2.194210897406945
2.008983890954151,-1.912856978581649
2.0090458488228005,1.313783657490217
2.00910780669145,2.397692270428394
2.009169764560099,-0.4304421938843448
2.0092317224287486,-2.6444268980229317
2.009293680297398,-0.5705904748929664
2.009355638166047,2.580950756959233
2.0094175960346963,1.724410388613177
2.0094795539033456,-1.8205126964234895
2.009541511771995,-2.3982172306591347
2.0096034696406444,0.703156071610971
2.009665427509294,2.2305641036924158
2.009727385377943,-0.09298092802449887
2.0097893432465925,-2.039616975469229
2.0098513011152415,-0.5245418312724732
2.009913258983891,1.4156713167005093
2.00997521685254,0.6685669785701709
2.0100371747211896,-0.660177832108483
2.010099132589839,-0.038951280523743304
2.0101610904584883,0.7021436108752757
2.0102230483271377,-0.2835872655447288
2.0102850061957867,-0.8005951456295035
2.010346964064436,0.6430904436930691
2.0104089219330854,1.148301553732793
2.010470879801735,-0.9035857412204475
2.010532837670384,-1.8483761420876912
2.0105947955390335,0.6140855237988676
2.010656753407683,2.368487487021782
2.0107187112763323,0.06167317282759077
2.010780669144981,-2.3113636861158455
2.0108426270136306,-0.3455543685314595
2.01090458488228,2.598240564084838
2.0109665427509293,1.2708473372532758
2.0110285006195787,-2.049385501768309
2.011090458488228,-1.6887800436707103
2.0111524163568775,1.4499215445781712
2.011214374225527,1.8830689500292905
2.011276332094176,-0.810019092574106
2.011338289962825,-1.8668551817552521
2.0114002478314745,0.19758032165107953
2.011462205700124,1.75126953564808
2.0115241635687733,0.6648346807680232
2.0115861214374227,-0.810278134411818
2.011648079306072,-0.49713177598004255
2.0117100371747214,0.607326254271106
2.0117719950433703,0.7400320478811616
2.0118339529120197,0.00868345862114972
2.011895910780669,-0.429226916843502
2.0119578686493185,-0.18887392754492716
2.012019826517968,0.15847309193775133
2.0120817843866172,0.11915493930207388
2.0121437422552666,-0.009399681132349014
2.0122057001239155,0.27864793885798633
2.012267657992565,0.5822684138440253
2.0123296158612143,0.10653064922104649
2.0123915737298637,-0.5549678758858629
2.012453531598513,0.04310747770265877
2.0125154894671624,1.3126899795498956
2.012577447335812,0.8507363429203594
2.012639405204461,-1.2720203289625833
2.01270136307311,-1.662463759650867
2.0127633209417595,0.8581509111538876
2.012825278810409,2.434835768679516
2.0128872366790582,0.15114904329544254
2.0129491945477076,-2.5725812354895057
2.013011152416357,-1.053981671679359
2.0130731102850064,2.712390921598316
2.0131350681536557,2.7310269424710234
2.0131970260223047,-1.3345952792362068
2.013258983890954,-3.1886244977222677
2.0133209417596034,0.24585216554841172
2.013382899628253,3.631543775208737
2.013444857496902,1.378684705494479
2.0135068153655515,-3.2420132966859776
2.013568773234201,-2.8022296749650586
2.01363073110285,2.3492883786598036
2.0136926889714992,4.026138403810753
2.0137546468401486,-0.7164779890406051
2.013816604708798,-4.184738559847684
2.0138785625774474,-0.3565693476403289
2.0139405204460967,4.631153660677995
2.014002478314746,2.252656379793361
2.0140644361833955,-3.7700499571770343
2.0141263940520444,-3.3077633692017487
2.014188351920694,2.8656210541952842
2.014250309789343,4.167072765406708
2.0143122676579925,-1.6051674750024998
2.014374225526642,-4.500499005397699
2.0144361833952913,0.32848617054954254
2.0144981412639407,4.5358454573277704
2.01456009913259,1.2929023471010859
2.014622057001239,-3.434190666864389
2.0146840148698884,-1.8524164431137147
2.0147459727385377,2.7720947990710227
2.014807930607187,2.750542528000379
2.0148698884758365,-1.2900122733088883
2.014931846344486,-2.764283170080274
2.0149938042131352,-0.02676671298248956
2.0150557620817846,2.34725311505098
2.0151177199504335,1.1786005591039073
2.015179677819083,-1.5372180175028372
2.0152416356877323,-1.9674538773769579
2.0153035935563817,0.7264884301259416
2.015365551425031,2.9500825362303615
2.0154275092936804,0.9819331806106593
2.01548946716233,-2.8054578486440382
2.0155514250309787,-2.1132590166377803
2.015613382899628,2.804137891467371
2.0156753407682775,3.670018718138663
2.015737298636927,-2.109732175026277
2.0157992565055762,-5.094961452954077
2.0158612143742256,0.7698737934309607
2.015923172242875,6.064963823542971
2.0159851301115244,1.0549851684705092
2.0160470879801733,-6.263589965986286
2.0161090458488227,-2.810100247026372
2.016171003717472,6.205129986000914
2.0162329615861214,5.204835027972815
2.016294919454771,-4.599485675787158
2.01635687732342,-6.615602826066309
2.0164188351920695,2.6110124639058685
2.016480793060719,7.383097483136083
2.016542750929368,-0.22328940714750833
2.0166047087980172,-7.252480328255556
2.0166666666666666,-2.286736400562962
2.016728624535316,5.954422986918601
2.0167905824039654,4.250506654609073
2.0168525402726147,-3.6566428168900194
2.016914498141264,-4.826570699639824
2.016976456009913,1.6551998908992291
2.0170384138785624,4.9394084330778085
2.017100371747212,0.5913589740896182
2.017162329615861,-3.8168167260011474
2.0172242874845105,-1.9558044592793484
2.01728624535316,2.2320120360274873
2.0173482032218093,2.252514766863055
2.0174101610904587,-0.9806644020146779
2.0174721189591076,-2.0172999177135296
2.017534076827757,0.12502999360620382
2.0175960346964064,1.5015010602768226
2.0176579925650557,0.414424436261956
2.017719950433705,-0.5232197902703393
2.0177819083023545,0.13492639124044525
2.017843866171004,0.3846210876760536
2.0179058240396532,-0.5805837774501308
2.017967781908302,-0.5118207813636231
2.0180297397769515,0.9775784415431246
2.018091697645601,0.836603606794251
2.0181536555142503,-1.4016763013372355
2.0182156133828997,-1.6479502035525158
2.018277571251549,1.2965354159113187
2.0183395291201984,2.478001266346923
2.018401486988848,-0.6146510795117468
2.0184634448574967,-2.7307228229702387
2.018525402726146,0.17557262150359176
2.0185873605947955,3.201385873065568
2.018649318463445,0.814266973985132
2.0187112763320942,-3.0844271283183398
2.0187732342007436,-1.785121167894093
2.018835192069393,2.4254942428969906
2.018897149938042,2.320699242314634
2.0189591078066913,-1.7290567535757306
2.0190210656753407,-2.761847331856587
2.01908302354399,0.7579633995858998
2.0191449814126394,2.920978907951013
2.019206939281289,0.5904909567242367
2.019268897149938,-2.1226152981169326
2.0193308550185876,-1.2045094276680257
2.0193928128872365,1.4028704423006708
2.019454770755886,1.7031465355869158
2.0195167286245352,-0.4348475118202105
2.0195786864931846,-1.8124715582712854
2.019640644361834,-0.6540992857918411
2.0197026022304834,1.2249760037501198
2.0197645600991327,1.161444349127568
2.019826517967782,-0.5437124648141527
2.019888475836431,-1.1295867911903597
2.0199504337050804,0.2610186649940548
2.02001239157373,1.2327792427186675
2.020074349442379,0.29524903995656426
2.0201363073110286,-0.6773303844337009
2.020198265179678,-0.13238887021781626
2.0202602230483273,0.39141200066059956
2.0203221809169762,-0.2915994667259706
2.0203841387856256,-0.5010377093777654
2.020446096654275,0.5532319795928525
2.0205080545229244,0.6458463658368919
2.0205700123915737,-0.8337617371073679
2.020631970260223,-0.8914465814060103
2.0206939281288725,1.2230887898575153
2.020755885997522,1.6888851513866063
2.020817843866171,-0.7959520993044638
2.02087980173482,-1.8367712858773726
2.0209417596034696,0.6571189768777123
2.021003717472119,2.1231747173164743
2.0210656753407683,-0.2992067100047522
2.0211276332094177,-2.2426756545957423
2.021189591078067,-0.23361745136750334
2.0212515489467164,1.9176722634385366
2.0213135068153654,0.5308940113493243
2.0213754646840147,-1.301344625207649
2.021437422552664,-0.25165380055019904
2.0214993804213135,1.1092206824643789
2.021561338289963,0.24326694145499866
2.0216232961586122,-0.38987063378048004
2.0216852540272616,0.6747616220831586
2.021747211895911,0.44657471200078014
2.02180916976456,-1.5144869891056085
2.0218711276332093,-0.9432936111573214
2.0219330855018587,2.142538403794368
2.021995043370508,1.7685294097138091
2.0220570012391574,-2.435690759927019
2.022118959107807,-2.7734470947456074
2.022180916976456,2.4397537858716776
2.022242874845105,4.238507503198227
2.0223048327137545,-1.1976693909188274
2.022366790582404,-4.621610637629592
2.0224287484510532,0.2293678609696439
2.0224907063197026,4.9866925367966655
2.022552664188352,1.2165792772663777
2.0226146220570014,-4.588415717147776
2.0226765799256508,-2.494803440924644
2.0227385377942997,3.623131713185171
2.022800495662949,3.3633644322004526
2.0228624535315984,-2.2654701666990897
2.022924411400248,-3.487765406733575
2.022986369268897,1.3033211108245475
2.0230483271375466,3.8287337768933183
2.023110285006196,0.36474350414280954
2.0231722428748453,-2.9999749364048687
2.0232342007434942,-1.1858015304934197
2.0232961586121436,2.301283197759253
2.023358116480793,1.951147340474474
2.0234200743494424,-1.2841719846918136
2.0234820322180918,-2.301606028605887
2.023543990086741,0.19306242959710396
2.0236059479553905,2.254984543503521
2.0236679058240394,0.9883156113392122
2.023729863692689,-1.3170245915396404
2.023791821561338,-1.107920092919695
2.0238537794299876,0.948193219254973
2.023915737298637,1.5081097061097952
2.0239776951672863,0.06419816593285832
2.0240396530359357,-0.8690991134105575
2.024101610904585,-0.35825833631669435
2.024163568773234,0.13950910003516404
2.0242255266418834,0.17470508017216468
2.0242874845105328,0.5157030059902041
2.024349442379182,0.5186613235459321
2.0244114002478315,-0.6064449471459081
2.024473358116481,-1.002094183119456
2.0245353159851303,0.8518714515030634
2.0245972738537796,2.1601983295507785
2.0246592317224286,0.11108517432266496
2.024721189591078,-2.2243003419470204
2.0247831474597273,-0.6262117873962115
2.0248451053283767,2.291375214423418
2.024907063197026,1.2748898299492355
2.0249690210656754,-1.9547702246729581
2.025030978934325,-1.6699059066375606
2.025092936802974,1.4540260762063435
2.025154894671623,1.864460996707767
2.0252168525402725,-0.6159012684127027
2.025278810408922,-1.1814407151738018
2.0253407682775713,0.6483762612703274
2.0254027261462206,1.031592349556525
2.02546468401487,-0.2030531018056687
2.0255266418835194,-0.10700249696739492
2.0255885997521683,0.5853895546167394
2.0256505576208177,-0.5359437842034394
2.025712515489467,-1.3142672292894695
2.0257744733581164,0.8672333561475555
2.025836431226766,2.321934659341908
2.025898389095415,-0.6479562206519918
2.0259603469640646,-3.195748432786469
2.026022304832714,0.2241698034711569
2.026084262701363,4.413430687984035
2.0261462205700123,1.4900357341689767
2.0262081784386616,-4.263191547824688
2.026270136307311,-2.8384047650322453
2.0263320941759604,3.6920386963955356
2.0263940520446098,4.191803392456988
2.026456009913259,-2.2766756596053916
2.0265179677819085,-4.915435897460522
2.0265799256505574,0.3075058680457614
2.026641883519207,4.56878447302293
2.026703841387856,1.5902774921213492
2.0267657992565056,-3.006832726874028
2.026827757125155,-2.306287826152474
2.0268897149938043,1.5380570092031371
2.0269516728624537,2.668928334621417
2.0270136307311026,0.42892900508295856
2.027075588599752,-1.6938075390614213
2.0271375464684014,-1.5891650531467292
2.0271995043370508,0.17785851481395987
2.0272614622057,1.7194136652638485
2.0273234200743495,1.1276024593532417
2.027385377942999,-1.236677328340725
2.0274473358116483,-2.0996083229108615
2.027509293680297,0.33520423063636845
2.0275712515489466,2.746525588681379
2.027633209417596,1.198722936279859
2.0276951672862453,-2.2174873466717555
2.0277571251548947,-2.1063783579974364
2.027819083023544,1.5180217148324342
2.0278810408921935,2.829376409125807
2.027942998760843,-0.5282092099839855
2.0280049566294918,-3.340097075253861
2.028066914498141,-0.9827851979476216
2.0281288723667905,2.9701623285652357
2.02819083023544,2.207220738723911
2.0282527881040893,-2.1268124214368935
2.0283147459727386,-3.0203620403882363
2.028376703841388,1.1102392219310389
2.0284386617100374,3.666230975797586
2.0285006195786863,0.5062960437785249
2.0285625774473357,-3.315903869076997
2.028624535315985,-1.8743007619281788
2.0286864931846345,2.142894157913691
2.028748451053284,2.338013870747302
2.028810408921933,-1.0410114311714724
2.0288723667905826,-2.4726857267711484
2.0289343246592315,-0.4054890844122419
2.028996282527881,1.5362096508273249
2.0290582403965303,1.208412863306634
2.0291201982651796,-0.03947619017538084
2.029182156133829,-0.9500509173221212
2.0292441140024784,-1.1456603081549828
2.0293060718711278,0.08841743756195986
2.029368029739777,1.8082772382355397
2.029429987608426,0.9868187664636205
2.0294919454770755,-2.1326409365240875
2.029553903345725,-2.5757611175728723
2.029615861214374,1.151453987002106
2.0296778190830236,3.111333081050957
2.029739776951673,-0.30714764252633264
2.0298017348203223,-3.3334548901840435
2.0298636926889717,-0.5712733863297366
2.0299256505576206,3.1359895352039544
2.02998760842627,1.2475436152366985
2.0300495662949194,-2.6615707299317837
2.0301115241635688,-1.6232779153522356
2.030173482032218,1.9693314010584055
